76
78
82
76
74
78
75
68
67
71
70
66
61
57
58
63
62
59
63
69
71
64
56
50
44
44
47
50
53
57
55
50
47
41
34
32
31
30
23
19
20
23
24
18
7
3
6
11
15
19
20
17
12
11
16
12
4
9
18
24
23
17
15
10
9
14
19
24
29
37
43
40
34
30
28
22
14
9
12
17
19
18
17
17
10
4
3
1
3
9
13
11
11
16
16
4
-7
-4
4
5
9
16
18
12
7
9
10
13
9
2
3
7
14
15
13
12
10
11
8
7
13
20
22
19
13
13
20
20
10
4
7
15
18
19
19
17
16
16
15
19
16
15
20
24
20
14
11
9
8
6
-1
-7
-8
-6
-2
5
7
10
16
17
14
11
7
1
-3
-3
-1
0
0
0
0
0
6
14
9
-6
-10
1
15
15
10
12
13
11
15
21
18
9
4
0
2
10
11
7
9
10
3
-2
-1
2
7
11
14
21
25
24
24
25
18
6
1
1
3
7
13
15
12
10
8
10
10
4
-4
-10
-14
-9
-2
3
4
2
2
2
8
18
19
11
-1
-6
-5
1
9
13
18
20
11
6
9
10
12
22
31
36
40
36
29
24
23
29
31
30
29
28
27
25
25
26
28
31
37
39
30
22
21
22
29
37
41
38
30
27
27
31
40
43
38
36
45
56
66
70
62
55
57
58
59
60
64
72
76
73
68
62
55
52
51
50
52
56
57
55
53
50
45
35
30
26
22
20
20
22
23
23
20
16
18
22
25
24
25
29
31
30
31
37
39
32
20
18
30
38
36
34
30
25
27
31
27
20
20
18
8
0
4
15
16
10
4
4
7
4
3
12
20
20
18
15
7
-6
-10
-8
-10
-13
-13
-10
-14
-19
-19
-25
-34
-37
-30
-30
-39
-45
-48
-53
-61
-69
-70
-68
-67
-64
-58
-53
-54
-60
-63
-64
-65
-67
-71
-76
-80
-81
-78
-74
-70
-71
-76
-84
-91
-93
-92
-89
-91
-93
-90
-86
-83
-84
-85
-84
-91
-100
-103
-100
-97
-94
-87
-82
-80
-80
-85
-95
-99
-97
-91
-83
-82
-82
-77
-73
-73
-78
-83
-81
-77
-73
-71
-68
-67
-66
-65
-62
-62
-64
-61
-54
-50
-47
-45
-47
-46
-39
-30
-30
-34
-35
-36
-33
-31
-32
-30
-31
-31
-26
-23
-26
-26
-28
-31
-25
-23
-26
-24
-21
-23
-22
-14
-10
-14
-11
-8
-9
-7
-6
-4
-4
-9
-17
-22
-18
-7
-2
-7
-14
-17
-14
-10
-6
-7
-13
-21
-16
-2
6
4
-3
-6
-6
-7
-7
-2
6
7
6
6
6
-2
-8
-3
2
6
0
-10
-9
-3
-5
-7
-9
-12
-12
-6
1
0
-7
-13
-6
13
20
11
5
5
2
3
9
11
9
11
16
13
10
10
10
13
20
25
18
8
5
8
13
20
21
17
18
13
8
13
18
15
13
16
19
17
13
13
8
4
10
18
26
26
20
22
30
34
34
33
27
20
14
13
20
27
27
21
17
15
12
14
20
26
28
22
18
15
12
10
12
20
20
16
12
8
9
8
8
14
16
17
23
22
13
11
15
18
23
24
23
19
11
3
-5
-7
-8
-7
-7
-10
-10
-6
2
4
6
10
10
8
0
-4
-5
-9
-15
-22
-25
-27
-31
-38
-45
-51
-55
-58
-57
-50
-47
-48
-44
-37
-34
-35
-44
-51
-47
-43
-45
-50
-58
-62
-62
-61
-65
-76
-84
-82
-77
-72
-68
-68
-70
-74
-72
-62
-58
-62
-67
-70
-72
-69
-64
-62
-62
-58
-57
-60
-66
-66
-62
-60
-61
-65
-67
-69
-68
-63
-57
-58
-63
-59
-53
-47
-38
-29
-27
-33
-36
-39
-44
-47
-51
-48
-41
-39
-42
-44
-43
-42
-42
-44
-51
-55
-43
-31
-28
-25
-22
-24
-26
-28
-29
-31
-27
-23
-27
-31
-26
-19
-18
-17
-18
-15
-10
-4
9
19
19
15
16
19
21
27
33
35
39
48
49
46
44
47
54
58
61
66
68
66
64
65
68
71
74
78
80
79
73
70
77
83
84
80
75
69
63
61
57
52
49
51
51
49
52
58
58
53
53
61
68
71
64
54
52
52
48
47
48
48
48
46
44
42
38
35
37
41
36
27
28
32
33
34
39
38
31
24
23
29
32
33
38
41
43
46
44
35
30
28
17
4
4
9
16
24
22
8
2
10
21
28
26
16
8
11
16
17
20
25
23
15
7
4
12
21
18
10
8
3
-6
-11
-17
-25
-23
-14
-11
-12
-13
-19
-27
-31
-31
-28
-23
-17
-10
-7
-14
-17
-15
-18
-24
-27
-28
-30
-33
-31
-24
-16
-12
-15
-25
-33
-33
-24
-18
-21
-24
-19
-15
-16
-16
-18
-17
-15
-12
-12
-21
-25
-26
-29
-32
-29
-25
-27
-29
-27
-32
-40
-46
-51
-54
-54
-53
-43
-39
-48
-58
-58
-49
-40
-35
-37
-40
-38
-37
-37
-38
-45
-44
-36
-35
-39
-48
-53
-51
-52
-54
-51
-44
-41
-45
-50
-57
-61
-59
-57
-59
-62
-66
-76
-80
-78
-75
-73
-75
-73
-69
-67
-71
-78
-78
-74
-71
-71
-75
-77
-78
-85
-86
-77
-75
-74
-73
-67
-64
-70
-69
-58
-51
-49
-52
-59
-60
-55
-53
-54
-55
-60
-67
-70
-67
-63
-60
-50
-46
-50
-48
-51
-62
-66
-61
-60
-66
-64
-59
-54
-47
-43
-36
-29
-33
-48
-58
-54
-57
-69
-69
-67
-67
-65
-64
-60
-58
-60
-64
-59
-40
-20
-13
-22
-44
-61
-59
-50
-47
-48
-50
-44
-42
-44
-47
-47
-38
-33
-39
-36
-28
-34
-42
-40
-40
-57
-69
-62
-56
-60
-61
-60
-63
-65
-57
-47
-41
-36
-31
-25
-24
-26
-24
-11
1
-5
-15
-14
-12
-10
-4
0
4
6
0
-6
-6
-9
-21
-25
-22
-19
-9
2
5
-3
-10
-13
-17
-15
-15
-24
-31
-31
-32
-31
-30
-33
-45
-51
-41
-28
-21
-21
-23
-23
-21
-15
-10
-12
-16
-12
-6
-9
-18
-18
-13
-10
-11
-15
-9
7
12
10
14
20
22
17
21
36
40
37
37
33
30
29
28
29
31
29
23
24
33
38
40
47
54
56
54
50
45
39
29
32
46
55
57
58
57
53
50
54
58
62
74
86
87
82
81
85
87
83
82
89
96
99
98
89
77
78
84
84
90
99
95
94
100
103
99
99
100
100
104
97
83
88
102
105
98
88
83
86
88
87
88
98
105
102
94
82
64
51
55
58
54
52
52
50
43
36
39
44
45
44
40
36
35
40
42
36
36
38
35
31
26
19
13
4
-3
5
22
31
24
13
11
10
8
12
12
11
14
14
16
20
21
20
24
30
33
36
34
26
22
28
33
27
23
21
10
-5
-20
-20
-6
8
12
13
17
20
26
35
42
38
19
5
8
16
31
41
41
38
38
35
25
18
17
23
29
25
24
25
25
27
26
26
30
32
30
32
32
23
16
20
30
38
41
48
55
52
42
36
37
39
43
54
58
54
52
53
54
54
57
61
65
68
71
71
67
64
63
67
69
69
64
54
53
55
52
40
30
30
35
41
47
49
43
41
51
63
61
50
48
49
43
42
47
46
41
37
35
35
43
49
44
37
35
41
54
65
67
60
62
67
59
53
45
34
29
36
49
55
55
50
39
30
34
38
31
26
23
24
33
37
38
37
38
40
49
58
48
30
23
26
25
21
14
8
6
3
4
11
20
30
33
28
32
41
53
67
67
56
54
53
49
46
41
36
36
43
46
40
33
30
35
36
36
42
52
61
63
55
39
24
24
27
26
30
34
27
22
25
30
38
43
48
49
41
37
38
40
37
33
39
49
51
53
56
55
50
48
47
47
51
54
68
89
94
81
69
63
64
72
76
81
85
80
80
86
88
81
76
85
97
105
106
99
94
94
93
92
90
84
73
67
68
75
81
84
88
90
83
72
68
70
70
70
64
56
55
59
63
64
70
71
63
56
48
39
30
20
19
27
28
20
18
30
35
30
31
36
40
42
36
30
34
40
38
28
20
15
8
9
9
-3
-15
-17
-20
-31
-31
-23
-25
-21
-4
6
-3
-15
-17
-15
-10
-4
0
-2
-7
-11
-20
-26
-23
-16
-15
-26
-27
-20
-21
-25
-32
-45
-58
-59
-44
-29
-24
-24
-26
-22
-8
7
11
7
-2
-3
-5
-8
-8
-14
-13
-5
-3
-3
-9
-13
-13
-15
-12
-11
-13
-16
-16
-6
1
-7
-21
-27
-22
-13
-8
-5
1
14
19
8
-5
-7
-8
-14
-12
-6
-12
-21
-18
-9
-9
-25
-35
-35
-36
-25
-17
-20
-19
-19
-22
-30
-41
-44
-41
-32
-32
-37
-33
-26
-28
-35
-42
-42
-33
-21
-21
-33
-43
-50
-60
-74
-87
-83
-69
-72
-81
-78
-72
-73
-78
-83
-87
-90
-85
-74
-73
-79
-87
-99
-105
-103
-94
-87
-88
-82
-82
-102
-112
-101
-91
-85
-77
-81
-99
-101
-88
-91
-105
-111
-111
-115
-119
-117
-112
-107
-118
-134
-131
-121
-118
-123
-119
-104
-98
-99
-100
-101
-100
-99
-102
-109
-115
-115
-107
-105
-111
-117
-122
-123
-117
-110
-107
-108
-115
-118
-118
-122
-129
-133
-129
-126
-131
-133
-121
-111
-109
-110
-110
-105
-101
-100
-103
-112
-117
-114
-107
-114
-138
-151
-152
-147
-140
-133
-126
-128
-128
-119
-103
-87
-83
-91
-97
-94
-93
-100
-108
-110
-107
-101
-95
-91
-93
-97
-97
-91
-88
-90
-88
-86
-88
-96
-103
-96
-91
-95
-90
-75
-64
-58
-58
-63
-66
-60
-55
-56
-47
-33
-37
-49
-58
-65
-70
-77
-86
-89
-86
-76
-67
-59
-50
-46
-41
-40
-44
-57
-58
-51
-62
-70
-78
-44
55
119
87
6
-50
-105
-185
-233
-271
-288
-269
-260
-233
-166
-32
117
200
228
240
245
214
180
165
156
114
40
-59
-170
-193
-165
-162
-170
-136
-79
-70
-76
-71
-40
3
20
23
21
-6
-31
-42
-60
-52
-42
-75
-108
-92
-39
11
47
59
56
56
64
74
87
127
149
112
80
66
37
14
19
40
58
64
61
86
105
111
75
-85
-147
-69
-98
-133
-35
79
160
355
541
560
582
412
118
262
630
761
765
912
988
630
120
-309
-681
-971
-1304
-1531
-1512
-1260
-879
-631
-404
-95
117
192
225
255
322
482
638
726
841
930
894
740
599
582
484
314
207
140
274
451
491
408
47
-370
-722
-1030
-1009
-709
-209
457
992
1428
1743
1813
1662
1332
1168
1231
1170
733
-1
-570
-900
-1375
-1881
-2039
-1655
-1159
-1630
-2187
-1714
-900
-109
-686
-2370
-2570
-1601
-1102
-1052
-494
232
-73
-791
-1034
-772
-172
464
1210
2105
2210
1084
-248
-1033
-1150
-1006
-818
644
3824
6740
8147
8818
9086
8581
7609
6292
4375
2784
2428
2304
902
-1593
-4389
-7577
-11054
-13440
-13244
-11067
-8579
-6304
-4326
-3248
-3166
-3644
-4641
-5830
-6112
-5086
-3393
-1041
1839
4193
5489
6104
6362
6120
5930
6566
7716
8803
9380
9436
9046
7872
5978
4041
3158
3102
2652
1864
1328
1379
1448
543
-911
-1931
-2714
-3885
-4903
-5180
-5197
-5271
-5405
-5661
-5948
-6120
-6163
-6120
-5770
-4953
-4008
-3381
-2850
-2014
-1116
-523
-166
308
865
1100
1070
1167
1486
1765
1858
1879
2064
2408
2514
2396
2364
2445
2475
2331
2085
1880
1786
1629
1299
917
609
447
317
142
9
-86
-226
-360
-348
-271
-329
-487
-638
-770
-831
-762
-690
-785
-905
-860
-795
-859
-963
-1022
-1098
-1142
-1032
-840
-680
-592
-571
-554
-455
-291
-152
-66
1
96
240
397
546
705
816
789
609
378
290
391
490
419
306
257
128
15
-115
-398
-456
-412
-469
-440
-419
-457
-682
-826
-714
-681
-635
-479
-393
-398
-396
-451
-503
-499
-535
-571
-557
-462
-291
-46
110
134
147
121
125
224
344
389
452
617
722
674
654
626
474
446
547
644
681
651
613
516
436
320
139
17
-75
-117
-178
-348
-419
-335
-480
-647
-467
-333
-264
-235
-129
294
-31
-511
99
323
-352
-1058
-1475
-1734
-1567
-374
1378
2469
2533
2228
1732
1008
287
-148
-299
-496
-851
-951
-928
-1340
-1671
-1583
-1472
-1241
-663
83
583
470
81
-98
-520
-1130
-1028
-356
293
792
1112
1063
818
936
1437
2178
2925
3322
3227
2660
1897
1076
416
168
261
490
586
480
131
-438
-778
-891
-1126
-1067
-655
-544
-747
-890
-1216
-1905
-2246
-2121
-1892
-1479
-1000
-491
-206
-313
-456
-479
-376
-124
317
775
977
940
739
457
210
-142
-508
-601
-574
-541
-430
-345
-357
-289
-74
236
536
666
783
948
938
846
1000
1327
1447
1326
1208
1179
1202
1276
1361
1392
1328
1272
1219
969
754
707
630
618
738
941
1035
757
375
205
132
100
94
80
-68
-441
-889
-1200
-1235
-970
-438
42
276
386
281
-21
-280
-449
-560
-654
-783
-850
-844
-829
-793
-801
-875
-915
-893
-878
-916
-1050
-1326
-1617
-1815
-1999
-2207
-2291
-2273
-2347
-2498
-2593
-2568
-2471
-2425
-2468
-2414
-2148
-1795
-1610
-1629
-1488
-1183
-941
-781
-576
-176
263
595
893
1197
1517
1811
2011
2180
2339
2291
2037
1843
1728
1569
1495
1597
1698
1685
1610
1593
1618
1513
1245
1005
897
860
901
981
1032
1064
1008
912
846
767
777
842
925
1019
930
705
506
381
297
255
302
384
466
504
481
471
454
357
204
82
85
114
149
250
281
222
142
10
-241
-427
-419
-508
-767
-819
-724
-816
-863
-821
-764
-686
-653
-458
-237
-138
-217
-595
-1054
-1385
-1439
-1369
-1279
-865
-246
98
136
159
188
151
97
118
171
-53
-394
-450
-458
-672
-806
-517
78
636
899
759
398
-8
-342
-528
-674
-803
-842
-754
-580
-470
-552
-786
-960
-959
-794
-485
-208
-213
-507
-586
-305
-314
-641
-481
207
252
-405
-315
573
882
451
368
697
711
448
363
353
26
-268
-151
40
4
-134
-134
-84
-226
-459
-525
-480
-540
-614
-538
-423
-373
-248
82
377
357
254
405
564
373
215
528
704
352
396
1225
1785
1333
729
758
749
326
107
275
228
-111
-96
276
360
112
0
15
-193
-399
-174
162
96
-220
-380
-354
-187
89
163
-71
-229
-185
-217
-446
-628
-530
-395
-410
-481
-520
-591
-790
-1020
-1071
-947
-889
-916
-987
-1083
-1004
-801
-770
-884
-871
-650
-476
-456
-414
-388
-310
6
366
386
221
334
529
462
269
208
354
551
499
196
121
334
329
80
-67
-4
138
259
491
782
943
998
1018
991
854
710
693
818
975
967
820
736
793
807
754
792
887
977
962
859
833
838
669
397
262
267
297
266
159
40
-59
-146
-201
-234
-227
-146
-122
-188
-208
-196
-211
-185
-58
65
98
146
284
416
466
464
443
433
313
8
-252
-273
-234
-407
-652
-588
-418
-475
-448
-250
-154
-209
-238
-78
161
207
44
-126
-274
-339
-269
-108
119
297
448
586
541
430
464
536
399
219
320
623
856
825
602
297
-67
-324
-330
-146
23
49
5
-68
-189
-257
-184
3
221
329
285
218
114
-96
-235
-136
159
515
803
901
765
559
393
180
23
69
165
230
292
323
320
224
44
-61
-1
142
175
61
-113
-282
-366
-452
-650
-762
-566
-319
-397
-558
-370
-81
-81
-152
38
359
478
357
189
7
-187
-212
-52
222
591
927
1121
1111
793
247
-193
-314
-218
7
343
551
534
420
193
-12
1
127
239
309
349
277
58
-71
-106
-227
-354
-370
-396
-466
-507
-571
-672
-827
-881
-619
-323
-264
-277
-275
-314
-370
-364
-305
-353
-505
-594
-538
-421
-325
-227
-135
-56
-120
-305
-334
-184
-36
64
182
272
292
318
219
-29
-157
-150
-111
3
182
305
415
563
595
570
662
854
1017
1101
1128
1077
991
918
858
818
734
592
550
513
393
318
333
429
455
391
359
312
91
-278
-583
-740
-747
-675
-651
-655
-621
-571
-522
-431
-301
-206
-168
-156
-131
-142
-297
-475
-551
-566
-510
-287
64
306
300
134
-24
-181
-408
-641
-763
-736
-679
-697
-820
-993
-1070
-1065
-1059
-974
-779
-580
-483
-415
-336
-345
-353
-348
-419
-401
-217
18
279
462
483
389
308
235
74
61
317
664
919
1061
1109
1029
881
653
403
279
343
438
406
301
135
20
18
-33
-72
33
237
413
501
544
445
281
312
422
469
576
667
574
444
330
172
114
157
166
142
128
128
200
304
321
262
121
-158
-460
-657
-777
-814
-678
-381
-118
-86
-263
-474
-711
-842
-705
-603
-613
-599
-556
-617
-651
-458
-403
-518
-553
-394
-124
81
151
-7
-333
-634
-715
-656
-606
-604
-668
-690
-554
-353
-250
-193
-170
-297
-574
-815
-794
-565
-500
-578
-530
-396
-312
-350
-331
-196
-144
-150
-72
66
213
344
396
378
288
159
107
122
100
62
39
101
227
191
107
212
360
354
324
424
407
136
-65
-20
170
346
461
579
597
495
320
113
163
467
561
465
451
423
429
181
-258
-420
-282
347
1015
1312
1410
1223
690
-92
-703
-931
-1065
-1155
-1073
-908
-773
-642
-420
-93
262
431
321
62
-317
-653
-760
-625
-276
296
773
796
559
194
-143
-354
-478
-233
250
704
1120
1285
1144
748
80
-828
-1723
-2131
-2052
-1889
-1468
-997
-733
-559
-491
-179
-81
-289
-742
-1294
-1324
-1151
-1080
-969
-394
57
-153
-271
40
333
316
330
425
419
339
352
410
290
95
55
132
63
0
152
412
575
506
484
456
184
49
320
825
1300
1542
1302
575
-125
-433
-493
-401
-125
66
42
30
55
-1
-65
-118
-131
-41
-26
-136
-164
-89
-56
-109
-250
-274
54
454
468
205
64
73
86
146
368
621
650
365
114
-3
-186
-280
-393
-603
-739
-843
-896
-825
-678
-496
-539
-847
-1064
-1109
-1015
-828
-680
-604
-532
-619
-922
-1053
-770
-251
291
724
876
724
424
194
255
525
574
343
260
331
255
110
90
155
344
667
916
934
639
186
-84
-122
-40
192
426
485
347
115
-28
-158
-328
-402
-456
-487
-455
-356
-101
161
309
162
-426
-895
-658
-139
73
202
708
964
425
69
651
1322
1299
1140
1131
967
560
229
208
293
421
636
786
793
679
270
-306
-631
-599
-343
-68
232
526
558
312
-124
-487
-449
-211
-48
48
170
489
766
688
444
231
325
680
845
816
842
839
518
73
-113
-34
135
219
99
-159
-466
-879
-1229
-1302
-1208
-1138
-1154
-1287
-1319
-1081
-925
-1154
-1479
-1432
-1111
-918
-892
-873
-907
-1110
-1244
-1065
-692
-350
-152
-75
-101
-136
-195
-259
-46
369
632
654
609
591
428
103
-92
91
498
621
498
561
677
615
497
447
400
341
364
410
365
249
173
140
78
107
307
547
713
798
784
618
354
100
-49
-65
-34
6
109
237
298
272
258
304
312
369
520
553
469
423
470
473
365
335
280
104
-25
-87
18
195
154
-69
-189
-43
2
-266
-435
-254
4
183
456
651
505
157
-75
-8
190
318
370
381
361
225
-69
-443
-610
-388
-82
109
262
336
142
-308
-673
-867
-1034
-1086
-904
-622
-432
-270
-150
-383
-855
-1027
-869
-674
-332
287
818
813
385
-75
-453
-635
-466
-143
209
614
771
611
411
332
402
545
745
952
1041
942
587
149
-24
123
388
539
493
240
-87
-240
-233
-144
-21
124
290
377
304
-21
-526
-833
-694
-315
-74
-67
-4
155
32
-265
-331
-147
115
373
518
502
516
547
462
341
301
322
349
448
585
657
560
313
193
270
281
179
143
178
136
-77
-346
-472
-389
-103
211
340
365
353
276
251
306
273
77
-76
-33
3
-106
-150
-36
81
45
-160
-393
-643
-947
-1195
-1251
-1078
-934
-979
-1091
-1229
-1323
-1238
-1082
-974
-846
-684
-590
-563
-504
-448
-408
-346
-231
-82
32
87
78
115
193
232
268
303
433
729
959
926
780
678
631
536
333
168
79
71
245
510
607
510
378
223
-3
-198
-212
-132
-106
-35
185
361
260
56
-164
-462
-565
-384
-150
3
148
226
154
100
159
305
470
579
471
156
-3
97
205
244
322
368
326
292
312
319
226
125
178
380
550
670
803
865
893
819
596
407
294
146
-91
-317
-460
-535
-505
-389
-341
-392
-416
-276
-168
-303
-458
-555
-643
-676
-495
-73
265
157
-305
-539
-445
-511
-738
-400
519
967
645
342
342
200
-61
-69
175
335
265
117
-15
-79
-151
-321
-548
-773
-898
-907
-824
-707
-794
-1163
-1485
-1571
-1559
-1482
-1257
-933
-715
-652
-585
-519
-508
-487
-461
-364
-60
291
381
237
86
76
234
538
924
1131
1090
1072
1136
1075
860
751
779
674
392
172
152
150
-33
-252
-342
-432
-522
-440
-175
34
-15
-163
-281
-423
-500
-407
-288
-276
-272
-145
68
239
278
121
-106
-198
-98
105
300
441
482
411
269
61
-163
-270
-323
-364
-252
-85
-27
-59
-195
-393
-537
-588
-576
-460
-197
-61
-181
-264
-134
96
208
188
120
56
60
97
111
103
174
323
422
391
247
132
10
-160
-187
-74
59
183
254
200
18
-168
-265
-185
63
157
-21
-191
-338
-585
-805
-833
-598
-359
-355
-336
-93
33
-342
-791
-738
-469
-328
-140
115
206
117
-3
-137
-323
-468
-486
-321
22
489
854
837
615
533
607
638
597
585
658
755
745
647
511
398
342
300
308
386
509
553
352
33
-143
-160
-139
-157
-267
-347
-288
-170
-10
126
149
91
69
248
508
567
466
350
189
-63
-289
-319
-277
-375
-446
-338
-228
-208
-206
-156
-105
-159
-319
-523
-655
-748
-908
-1017
-927
-673
-428
-235
-121
-151
-245
-388
-574
-593
-267
138
362
456
451
243
-118
-273
-105
206
558
920
1183
1209
1040
781
473
236
196
349
520
558
541
569
636
690
739
841
907
840
707
553
364
168
-1
-110
-216
-335
-346
-292
-377
-532
-527
-463
-496
-555
-532
-453
-457
-519
-524
-463
-323
-198
-155
-66
0
-65
-158
-181
-164
-104
139
432
420
110
-163
-260
-247
-171
-87
-40
-9
57
134
176
152
44
-131
-327
-462
-500
-492
-444
-226
119
315
296
243
274
339
394
410
373
377
454
477
393
341
347
346
391
501
527
367
198
144
188
284
368
403
311
132
89
182
237
270
355
454
482
482
446
246
-38
-177
-58
109
152
134
53
-139
-396
-590
-691
-672
-601
-707
-843
-652
-290
-160
-360
-673
-852
-780
-498
-220
-137
-235
-346
-282
-36
239
465
550
406
196
130
195
282
230
14
-90
172
649
847
606
231
25
122
455
608
242
-394
-771
-768
-673
-428
-25
152
-29
-361
-517
-342
-107
-56
-21
152
331
371
258
38
-21
259
548
566
431
328
261
266
343
352
310
260
213
104
-96
-246
-329
-330
-227
-124
-140
-242
-338
-377
-293
-133
-20
-80
-228
-379
-568
-703
-751
-766
-768
-705
-533
-286
-85
43
129
120
58
25
35
76
180
224
138
177
457
750
799
655
402
128
-34
-97
-7
226
502
651
603
483
336
128
-146
-355
-344
-27
335
400
302
173
-60
-287
-312
-128
68
99
-15
-192
-310
-302
-234
-163
-104
7
165
316
318
88
-75
18
238
491
718
940
1086
982
683
440
358
287
142
103
304
484
446
312
135
-147
-528
-726
-634
-489
-388
-289
-277
-396
-463
-374
-340
-491
-546
-485
-532
-691
-805
-600
-233
9
129
55
-146
-237
-135
33
121
139
139
136
76
-18
28
130
80
-29
-105
-228
-354
-368
-307
-194
-48
63
86
-18
-111
-81
3
148
287
359
474
572
491
248
83
61
31
41
161
330
491
594
510
248
54
-64
-164
-71
173
330
393
520
598
401
141
96
132
37
-61
0
91
103
100
134
136
47
-70
-89
-71
-161
-329
-529
-559
-352
-127
146
412
429
159
-284
-677
-812
-669
-412
-255
-223
-247
-344
-516
-709
-762
-572
-190
218
500
618
466
21
-458
-659
-504
-181
96
286
398
322
115
32
248
529
498
304
180
55
-53
-37
58
145
168
144
108
79
72
15
-35
-29
-91
-190
-236
-370
-613
-839
-965
-883
-677
-403
-37
173
157
55
-6
14
-121
-330
-272
32
333
479
579
733
777
625
371
97
-94
-137
-60
99
305
474
637
729
478
-14
-404
-563
-493
-206
211
582
674
490
371
424
365
198
259
419
466
557
652
604
490
460
465
409
403
460
389
250
189
125
41
6
60
144
63
-84
-90
-70
-118
-204
-303
-383
-422
-520
-757
-934
-861
-600
-365
-266
-151
-23
-68
-212
-258
-177
-118
-190
-264
-227
-164
-157
-188
-218
-294
-359
-305
-204
-150
-198
-328
-422
-435
-414
-402
-336
-121
116
201
233
292
287
236
265
302
227
174
275
367
301
237
315
422
481
547
603
631
654
568
348
199
306
547
648
589
475
322
143
-32
-139
-68
32
-41
-183
-262
-270
-282
-315
-364
-378
-287
-169
-115
-164
-232
-211
-155
-206
-364
-405
-305
-328
-470
-469
-236
-8
89
227
360
313
166
125
135
12
-120
-67
95
159
115
142
202
166
128
241
438
549
622
704
694
576
430
306
200
89
-31
-60
21
93
105
80
60
47
14
-38
-60
-42
-105
-272
-418
-454
-413
-395
-394
-405
-443
-492
-587
-711
-763
-709
-703
-777
-758
-739
-829
-882
-820
-675
-539
-399
-198
-71
-83
-147
-191
-170
-156
-111
79
272
274
60
-245
-441
-398
-264
-203
-119
-14
-41
-238
-424
-512
-563
-522
-407
-310
-259
-243
-289
-402
-452
-341
-94
204
447
569
528
380
274
240
261
434
770
1107
1333
1417
1322
1100
850
618
443
422
566
723
760
621
362
105
-105
-222
-268
-376
-531
-594
-537
-456
-423
-417
-391
-362
-375
-472
-584
-642
-638
-522
-336
-188
-181
-255
-231
-136
-88
-92
-126
-102
-48
-114
-241
-397
-549
-629
-763
-912
-912
-829
-833
-893
-819
-671
-600
-525
-407
-340
-323
-292
-323
-517
-770
-878
-724
-390
-39
228
328
319
294
249
210
249
393
549
657
727
707
589
489
400
277
255
418
652
768
720
686
688
613
504
416
332
210
98
59
26
10
74
182
285
335
294
159
27
-22
-28
-22
-13
0
8
1
39
177
281
272
257
220
48
-218
-379
-391
-300
-98
127
254
238
135
20
-72
-137
-171
-196
-308
-467
-509
-478
-484
-385
-150
45
177
323
430
350
100
-98
-140
-138
-96
68
262
304
212
54
-117
-187
-213
-212
-68
113
184
111
-46
-84
6
11
-89
-43
216
349
206
35
-7
29
131
358
615
699
577
365
150
5
-30
10
115
259
372
377
254
109
28
-23
-57
-11
4
-94
-176
-206
-270
-403
-582
-690
-673
-619
-522
-448
-460
-421
-290
-215
-308
-403
-344
-217
-61
131
278
284
163
57
41
94
205
341
478
593
576
367
68
-125
-134
-123
-161
-165
-173
-263
-374
-387
-316
-241
-118
114
357
444
388
302
255
305
439
531
491
331
116
-51
-154
-164
34
335
476
420
331
255
106
-71
-193
-257
-232
-173
-151
-168
-223
-258
-281
-296
-213
-17
151
206
283
379
343
234
199
244
280
273
252
248
250
204
87
-48
-186
-320
-336
-189
-38
27
1
-131
-287
-399
-461
-515
-632
-682
-570
-476
-518
-533
-389
-237
-184
-128
-13
58
-36
-176
-270
-391
-478
-444
-342
-272
-211
-76
128
250
237
225
248
259
273
330
356
269
173
206
323
355
274
225
229
200
184
243
313
341
349
361
390
405
384
335
286
258
179
-7
-220
-361
-406
-368
-323
-300
-196
-53
-65
-228
-389
-497
-547
-545
-521
-480
-397
-258
-93
-7
-35
-107
-200
-267
-237
-101
118
344
472
462
391
344
257
92
28
148
302
368
374
346
271
188
144
130
139
225
319
355
402
397
289
133
-11
-94
-134
-95
26
99
98
108
146
157
152
142
28
-140
-192
-156
-153
-188
-144
27
194
229
196
180
149
81
20
6
40
105
176
250
317
298
186
121
159
197
230
235
64
-167
-224
-144
-60
15
136
236
171
27
-21
-23
-63
-47
18
0
-147
-363
-502
-455
-295
-177
-132
-103
-92
-134
-206
-283
-332
-300
-182
-2
150
128
-42
-148
-152
-145
-92
90
332
395
260
184
232
275
229
148
137
147
89
39
96
178
148
25
-38
7
42
-13
-61
-1
76
14
-159
-267
-284
-330
-354
-229
-82
6
92
109
7
-139
-193
-124
-16
127
286
353
363
412
489
503
401
251
138
114
146
190
194
118
62
113
244
313
224
92
25
32
59
3
-73
-44
18
10
-32
-61
-86
-96
-65
25
141
239
288
237
98
5
118
314
343
298
352
436
443
410
396
381
336
280
268
333
391
314
119
-83
-201
-216
-207
-253
-327
-369
-323
-236
-225
-273
-343
-402
-400
-391
-371
-306
-271
-274
-249
-174
-15
144
149
121
198
235
138
49
82
212
350
429
422
280
56
-105
-130
-118
-157
-198
-221
-213
-214
-282
-365
-442
-533
-614
-681
-704
-637
-565
-532
-439
-316
-308
-329
-223
-75
-3
9
9
-19
-94
-159
-175
-138
-56
5
75
216
308
278
205
152
118
88
58
9
-50
-132
-253
-297
-206
-79
5
10
-56
-144
-213
-251
-253
-223
-176
-112
-76
-101
-113
-106
-176
-328
-428
-418
-359
-253
-92
19
-4
-43
83
260
315
305
268
174
64
39
94
106
81
70
53
51
74
115
154
154
131
127
120
42
-119
-267
-308
-295
-296
-311
-316
-235
-68
49
29
-50
-131
-233
-302
-280
-215
-158
-98
-51
-61
-77
7
141
189
136
92
104
104
89
121
186
213
190
126
31
-76
-181
-262
-306
-281
-209
-149
-124
-141
-209
-283
-293
-262
-244
-207
-119
-49
-37
22
100
21
-127
-159
-113
-106
-111
-45
10
-60
-171
-180
-133
-93
1
131
184
131
66
3
-109
-229
-261
-178
-58
38
88
77
60
61
104
201
265
286
342
412
397
319
315
414
448
329
213
180
152
66
-36
-28
42
76
106
150
152
61
-61
-149
-182
-140
-90
-103
-125
-89
-8
88
211
335
387
422
474
453
340
240
219
136
-104
-253
-164
-49
-30
-11
67
94
59
65
41
-104
-252
-278
-273
-273
-221
-186
-219
-259
-279
-308
-284
-135
9
18
-23
-78
-179
-281
-334
-236
-20
127
152
138
162
170
72
-65
-122
-159
-274
-402
-389
-256
-223
-320
-407
-444
-444
-445
-474
-469
-389
-300
-233
-113
52
141
104
37
32
76
187
379
542
614
629
557
423
356
336
290
271
351
436
355
180
43
-113
-296
-384
-391
-399
-354
-234
-146
-155
-175
-108
-68
-133
-161
-114
-61
-5
57
75
71
103
63
-89
-193
-160
-43
56
123
262
467
607
661
713
802
809
651
481
381
277
185
199
272
299
292
229
74
-84
-124
-59
-36
-131
-201
-157
-94
-78
-90
-99
-83
-28
9
23
74
160
182
80
7
-1
-67
-217
-347
-364
-372
-434
-499
-505
-462
-392
-278
-184
-159
-177
-190
-221
-252
-236
-255
-298
-296
-296
-311
-260
-126
31
153
223
245
236
205
178
156
85
-22
-97
-81
-16
6
-1
9
42
63
57
48
54
80
108
94
84
143
208
176
81
10
-51
-108
-112
-14
133
259
389
470
426
262
9
-234
-356
-355
-286
-169
2
150
118
-106
-360
-534
-628
-597
-461
-338
-281
-261
-231
-229
-300
-422
-469
-380
-249
-125
-25
52
74
21
-32
-46
-35
-56
-89
-35
50
68
44
25
45
102
151
177
192
240
382
560
606
488
338
267
261
303
448
619
701
696
627
494
333
219
183
244
433
679
806
739
566
388
235
81
-54
-133
-156
-154
-178
-230
-294
-364
-414
-442
-478
-459
-288
-131
-201
-408
-515
-453
-339
-202
7
201
273
276
303
293
185
64
31
112
257
376
456
449
284
87
10
1
4
55
122
133
32
-170
-344
-407
-374
-307
-268
-232
-194
-217
-285
-326
-294
-198
-60
123
287
353
341
296
219
138
135
212
255
228
183
148
119
132
213
298
361
379
313
178
32
0
42
25
37
190
379
412
327
292
298
279
272
294
259
149
93
124
148
120
58
-19
-105
-158
-170
-157
-154
-125
-14
92
132
115
56
-24
-104
-147
-128
-46
60
160
237
234
133
-5
-27
172
430
516
435
322
231
185
192
187
171
142
50
-58
-145
-226
-284
-295
-268
-263
-269
-255
-272
-342
-407
-438
-483
-536
-550
-497
-378
-227
-108
-85
-86
-42
-55
-171
-259
-193
-29
87
94
20
-62
-90
-121
-204
-261
-273
-293
-253
-146
-110
-173
-236
-200
-124
-83
-16
47
66
99
142
120
63
91
187
265
312
331
306
284
318
404
498
534
492
413
334
229
83
-71
-176
-182
-130
-49
5
-61
-190
-246
-232
-252
-301
-302
-271
-276
-311
-313
-277
-288
-369
-429
-420
-370
-286
-113
131
298
312
230
124
5
-149
-283
-302
-204
-87
-36
-37
-60
-135
-263
-352
-344
-271
-182
-146
-246
-402
-450
-388
-294
-177
-46
29
-5
-61
-29
-8
-52
-39
93
241
300
307
288
233
181
177
213
258
300
331
331
290
223
147
77
41
53
72
66
44
44
56
37
45
125
183
147
51
-101
-325
-535
-617
-595
-562
-506
-405
-322
-262
-168
-63
-36
-76
-99
-109
-144
-176
-150
-46
73
140
208
332
427
392
281
232
253
262
235
233
272
266
187
93
9
-47
-36
46
111
89
12
-80
-115
-34
76
107
100
132
141
59
-48
-22
149
270
248
194
209
216
137
81
93
81
14
-87
-178
-245
-337
-421
-391
-219
-38
26
30
29
-43
-211
-374
-435
-417
-347
-240
-166
-182
-252
-316
-341
-299
-171
-13
71
79
99
118
90
71
76
57
28
27
48
68
51
-22
-109
-183
-215
-190
-150
-115
-61
-5
60
129
107
-28
-160
-127
46
174
176
150
205
294
377
434
423
402
429
487
523
544
618
679
638
600
618
548
357
202
154
139
146
202
260
282
296
284
168
-36
-192
-218
-199
-260
-350
-369
-342
-283
-166
-55
-48
-129
-214
-232
-187
-129
-59
13
40
5
-34
-79
-163
-188
-122
-65
-70
-92
-81
-60
-12
85
195
292
350
410
496
492
344
193
135
144
176
148
57
-11
-20
-3
-9
-32
-88
-189
-307
-397
-408
-355
-252
-149
-112
-100
-61
-37
-81
-184
-249
-194
-101
-100
-150
-117
-22
-12
-78
-95
-47
-18
-14
20
40
-22
-129
-180
-171
-161
-136
-72
-18
-28
-58
-72
-140
-239
-248
-151
-69
-4
123
221
187
72
-16
-27
24
122
270
427
534
578
595
647
705
701
655
591
511
477
540
610
594
488
306
112
31
132
272
290
237
237
283
267
157
11
-140
-284
-316
-177
-1
74
56
28
22
-18
-82
-113
-85
2
38
-44
-151
-199
-199
-190
-141
-47
-4
-56
-155
-229
-253
-244
-197
-131
-76
-55
-120
-255
-385
-503
-543
-420
-237
-133
-92
-34
-11
-63
-73
-14
41
51
0
-134
-306
-367
-284
-181
-103
-4
114
173
157
97
-25
-159
-208
-182
-151
-142
-110
-35
4
-11
-21
-15
-4
26
88
132
108
53
15
25
54
63
59
61
73
58
37
78
171
229
205
153
170
286
413
483
521
520
469
412
384
363
289
185
152
185
183
120
52
-11
-92
-197
-322
-411
-395
-281
-127
-21
-38
-153
-280
-365
-383
-317
-192
-71
-38
-114
-214
-311
-398
-438
-434
-387
-259
-34
196
290
218
69
-20
-15
-1
-1
22
48
27
-19
-13
45
94
117
128
130
111
69
29
10
18
43
40
-22
-102
-163
-199
-199
-147
-63
1
23
-29
-176
-363
-492
-515
-451
-305
-168
-110
-98
-114
-142
-126
-52
26
84
167
308
446
503
465
368
308
328
375
379
337
300
278
243
216
229
252
220
113
-46
-202
-310
-373
-367
-285
-175
-84
-41
-73
-177
-272
-317
-322
-274
-197
-152
-121
-39
52
68
13
-29
-18
11
47
79
110
159
222
224
118
12
10
63
69
33
8
7
-1
-44
-62
-40
-21
17
63
59
-2
-56
-57
-28
5
62
162
264
300
291
255
183
105
82
135
192
215
215
200
161
79
-13
-55
-29
13
31
30
-6
-72
-114
-108
-72
-57
-87
-104
-87
-92
-133
-150
-103
-33
12
42
74
99
98
33
-63
-97
-20
124
238
293
285
240
179
100
63
78
89
98
118
122
71
-53
-192
-280
-314
-317
-319
-321
-352
-410
-439
-440
-432
-432
-445
-485
-544
-604
-676
-758
-787
-712
-579
-456
-355
-278
-254
-273
-270
-216
-144
-67
11
40
-29
-133
-167
-110
10
155
246
200
80
48
108
155
178
178
126
54
24
36
38
16
-37
-123
-176
-162
-142
-139
-90
35
183
284
314
285
195
63
-47
-80
-10
120
215
219
174
136
106
91
96
118
147
186
254
296
219
77
-18
-72
-106
-74
-9
-9
-71
-123
-133
-135
-147
-154
-157
-180
-247
-331
-373
-400
-437
-434
-350
-206
-83
-55
-111
-175
-212
-238
-254
-222
-143
-76
-59
-69
-65
-74
-103
-93
-54
-30
-45
-112
-207
-306
-373
-344
-231
-127
-72
-23
24
20
-47
-155
-250
-263
-176
-9
182
300
276
192
145
124
134
185
251
311
340
311
227
137
88
77
56
1
-47
-56
-59
-94
-149
-192
-211
-198
-142
-87
-93
-130
-158
-171
-157
-158
-238
-336
-349
-274
-161
-32
63
67
45
85
137
118
64
77
129
134
90
46
-15
-131
-241
-279
-271
-268
-268
-251
-246
-241
-190
-150
-181
-226
-217
-177
-153
-99
39
186
257
288
346
444
514
484
398
350
363
375
361
382
459
517
480
390
344
331
286
198
93
-11
-82
-102
-92
-60
-12
14
-19
-84
-127
-144
-142
-114
-81
-82
-105
-117
-152
-219
-257
-253
-247
-211
-77
113
227
242
250
278
263
213
196
189
161
141
141
140
136
145
147
144
149
120
63
9
-33
-44
-39
-58
-61
12
91
87
18
-74
-157
-202
-229
-258
-215
-70
41
18
-49
-39
7
24
57
152
254
266
203
166
178
210
254
276
249
191
142
119
111
131
187
206
131
30
-27
-50
-66
-66
-50
-79
-201
-329
-349
-269
-161
-63
22
77
63
-12
-130
-290
-416
-404
-278
-140
-39
50
119
138
166
264
359
374
337
279
167
41
4
22
34
39
3
-50
-52
-8
-1
-60
-121
-156
-177
-162
-123
-110
-147
-217
-292
-356
-365
-302
-208
-135
-124
-137
-102
-15
47
39
26
40
35
-9
-42
-30
29
124
216
283
278
225
204
213
211
203
224
243
234
262
354
446
462
407
345
281
171
57
5
-9
-9
20
50
58
52
43
28
-2
-57
-104
-111
-104
-133
-199
-224
-160
-73
-28
-16
-15
-20
-34
-68
-102
-111
-97
-84
-83
-69
-68
-106
-156
-177
-165
-168
-178
-158
-129
-130
-200
-306
-340
-291
-215
-188
-224
-258
-269
-265
-238
-175
-93
-40
-48
-81
-66
23
123
175
203
213
182
142
156
199
217
225
242
255
265
278
268
211
153
141
116
33
-62
-123
-141
-137
-121
-79
-29
1
6
-19
-70
-135
-179
-182
-171
-131
-18
111
129
19
-98
-112
-45
35
89
105
109
131
163
178
163
130
100
86
92
98
80
23
-49
-96
-139
-205
-248
-235
-199
-181
-206
-237
-231
-180
-84
19
101
148
164
141
56
-46
-81
-41
16
41
49
86
126
118
71
41
65
94
99
92
37
-61
-120
-114
-108
-139
-195
-274
-359
-396
-365
-317
-305
-308
-305
-312
-355
-397
-394
-354
-275
-147
3
105
127
109
86
70
90
178
301
399
453
457
396
290
176
90
65
84
105
162
251
279
227
148
77
20
-5
17
25
-27
-83
-79
-29
6
-2
-17
-4
43
122
213
276
278
234
181
155
155
168
194
223
239
232
219
201
165
130
108
90
57
-1
-63
-80
-20
82
159
181
161
139
135
129
102
45
-50
-155
-208
-169
-39
105
187
215
198
123
11
-63
-43
26
95
166
221
219
163
74
-30
-111
-137
-119
-76
-17
31
34
-22
-134
-238
-261
-187
-62
53
111
84
17
-42
-88
-122
-121
-36
108
214
240
195
112
15
-75
-125
-113
-67
-55
-101
-129
-88
-19
10
-9
-41
-87
-145
-176
-169
-132
-78
-44
-46
-62
-92
-128
-140
-99
-20
37
55
78
130
201
277
331
310
206
92
29
13
11
16
51
89
101
113
127
111
61
36
62
84
104
163
225
234
203
165
140
163
200
148
22
-59
-46
6
42
81
119
122
119
146
168
111
-9
-96
-97
-49
-10
3
-7
-32
-57
-82
-118
-142
-134
-98
-44
-8
12
39
77
86
32
-3
46
100
110
137
190
208
205
258
330
329
266
177
94
62
59
41
24
50
102
119
84
23
-24
-52
-84
-121
-119
-78
-83
-154
-241
-306
-336
-343
-344
-356
-388
-404
-371
-293
-206
-149
-118
-106
-83
-37
-36
-116
-207
-248
-222
-115
60
242
377
438
399
278
171
143
158
159
181
285
396
391
284
179
119
88
77
118
194
207
161
111
63
40
53
64
23
-55
-106
-128
-163
-182
-129
-9
126
236
311
322
257
173
141
169
209
207
170
119
61
33
76
161
223
264
304
306
227
68
-99
-202
-239
-228
-176
-134
-166
-265
-358
-409
-421
-379
-300
-245
-239
-255
-272
-285
-286
-262
-199
-109
-35
2
-8
-61
-114
-105
-35
41
100
139
145
125
101
90
90
112
148
163
151
123
97
71
55
70
108
136
135
109
57
-12
-64
-43
32
87
72
1
-45
-50
-66
-91
-66
16
87
114
134
175
183
117
48
36
52
61
71
95
110
104
115
136
126
84
28
-33
-77
-49
39
95
73
36
17
-20
-92
-176
-217
-199
-159
-131
-110
-72
-48
-72
-96
-70
-28
-11
-6
26
112
215
292
334
316
221
110
41
9
11
62
137
178
161
114
67
18
-45
-108
-136
-118
-90
-86
-92
-113
-175
-261
-319
-305
-209
-71
25
51
64
90
100
92
69
22
-25
-16
37
50
11
-32
-60
-112
-206
-264
-251
-205
-161
-135
-139
-193
-282
-374
-432
-445
-440
-417
-348
-251
-193
-184
-189
-201
-209
-181
-113
-52
-15
9
1
-35
-31
39
108
104
43
-2
-11
-30
-65
-69
-37
-10
-31
-94
-132
-87
7
51
17
-26
-65
-121
-151
-119
-48
36
108
123
83
39
-1
-28
12
107
202
270
309
279
108
-116
-229
-210
-146
-99
-95
-139
-208
-277
-321
-333
-287
-166
-29
45
6
-149
-343
-493
-551
-502
-372
-207
-71
-23
-47
-91
-125
-135
-96
-23
27
39
39
23
-32
-102
-144
-154
-161
-178
-190
-200
-214
-228
-246
-268
-236
-147
-99
-121
-153
-147
-130
-154
-200
-207
-168
-127
-103
-64
-19
-25
-47
-38
-16
-13
-23
-23
-43
-89
-105
-89
-82
-96
-119
-112
-58
-6
-20
-72
-76
-29
13
42
70
80
60
36
17
-7
-35
-55
-55
-50
-37
-17
-23
-67
-118
-144
-132
-101
-68
-10
81
153
159
111
54
10
-43
-71
-22
90
220
315
339
313
300
306
268
201
191
245
274
259
258
279
276
245
208
171
139
105
46
1
17
80
122
82
-9
-71
-89
-102
-126
-135
-123
-123
-157
-202
-230
-243
-209
-111
-15
41
66
70
53
10
-29
-39
-17
21
68
105
111
100
81
76
88
82
60
28
-23
-47
-10
35
27
-7
-15
-19
-70
-151
-201
-201
-177
-156
-129
-93
-60
-42
-44
-59
-77
-85
-87
-83
-53
6
63
85
69
51
67
94
118
175
267
335
334
284
232
195
165
165
210
249
233
190
163
142
105
89
102
112
129
171
215
228
220
217
194
135
84
50
33
40
58
73
77
105
159
178
147
126
127
121
140
214
320
413
467
483
449
368
292
261
258
272
259
169
65
21
27
34
7
-27
-31
-14
14
38
41
12
-25
-45
-60
-83
-81
-30
35
80
107
124
148
195
256
296
302
283
251
211
164
118
85
50
8
-3
32
60
22
-44
-62
-20
38
79
100
97
82
34
-54
-147
-221
-265
-272
-249
-201
-129
-67
-54
-67
-69
-66
-105
-178
-195
-118
-10
45
37
9
-38
-118
-201
-232
-202
-161
-142
-149
-184
-244
-314
-347
-303
-227
-194
-170
-103
-23
9
-25
-81
-95
-51
5
53
133
233
287
268
206
143
99
86
98
109
92
35
-43
-106
-127
-121
-120
-128
-163
-223
-266
-282
-302
-296
-196
-56
19
18
-24
-85
-134
-152
-138
-108
-72
-36
-24
-57
-130
-169
-117
-38
-5
-15
-41
-67
-84
-69
-30
-14
-29
-39
-30
-33
-82
-158
-201
-186
-144
-109
-93
-74
-33
12
27
16
11
29
55
78
97
103
100
111
122
86
9
-47
-54
-38
-25
-36
-62
-76
-98
-154
-223
-250
-222
-195
-207
-229
-241
-240
-209
-166
-132
-90
-55
-61
-89
-91
-56
-9
33
91
177
241
231
160
108
106
103
96
114
127
115
99
101
116
115
64
-35
-138
-201
-217
-207
-189
-178
-168
-145
-125
-145
-198
-236
-233
-195
-159
-161
-179
-168
-134
-122
-146
-161
-115
-5
114
197
237
243
239
261
310
327
261
154
81
58
67
100
144
173
170
133
50
-58
-120
-107
-80
-90
-95
-68
-65
-121
-226
-323
-360
-348
-311
-243
-168
-125
-117
-116
-104
-83
-51
-17
13
36
54
70
83
79
45
-12
-69
-91
-37
65
134
133
90
55
45
24
-15
-36
-19
19
52
58
41
17
-8
-23
-16
2
19
36
44
7
-81
-160
-180
-159
-140
-122
-82
-45
-27
-12
-9
-45
-88
-104
-101
-105
-128
-124
-84
-61
-78
-86
-45
15
48
40
26
37
63
82
90
91
65
16
-31
-67
-84
-67
-21
30
59
70
65
25
-36
-86
-94
-61
-17
22
66
109
131
106
43
11
44
105
134
112
81
73
68
50
45
73
96
55
-22
-58
-51
-41
-39
-30
0
36
76
127
174
195
173
120
74
60
63
51
22
-9
-44
-66
-48
-6
14
-9
-62
-96
-85
-69
-88
-128
-141
-123
-84
-33
-5
-19
-46
-50
-31
1
54
113
162
215
271
297
279
240
207
169
112
78
99
144
174
176
129
38
-37
-61
-30
20
53
83
109
99
66
46
34
24
35
73
117
121
85
71
93
122
155
195
251
299
291
254
231
214
179
121
56
-2
-25
1
34
47
64
77
42
-57
-167
-216
-210
-182
-147
-123
-117
-131
-165
-205
-233
-233
-197
-151
-133
-130
-88
-11
38
63
99
142
161
144
108
67
31
26
59
96
111
106
80
49
38
34
24
32
75
115
123
128
143
151
127
49
-34
-42
12
48
44
54
86
92
62
27
-5
-35
-53
-75
-115
-144
-145
-127
-98
-52
4
33
8
-39
-68
-62
-31
4
19
18
26
59
103
128
136
163
195
177
120
91
98
99
75
49
37
31
24
12
5
7
-9
-43
-72
-57
-2
24
9
12
56
103
112
95
94
110
123
141
190
269
339
369
348
282
205
143
105
99
134
193
244
278
290
262
204
138
68
18
1
10
25
13
-13
-12
9
2
-49
-100
-131
-150
-147
-128
-114
-96
-66
-21
22
20
-13
-18
3
16
15
17
30
46
67
100
126
137
138
115
57
-9
-47
-52
-47
-54
-75
-92
-80
-50
-56
-107
-161
-204
-231
-232
-193
-135
-110
-121
-103
-20
56
63
38
23
20
32
63
106
144
176
224
274
304
331
334
276
199
164
155
135
97
58
21
-27
-74
-114
-135
-132
-121
-122
-138
-164
-202
-253
-305
-336
-333
-302
-258
-211
-181
-188
-224
-265
-290
-295
-280
-240
-173
-89
-24
9
31
43
20
-22
-12
50
87
76
51
28
-1
-17
-14
9
54
86
82
62
47
46
55
64
75
81
71
19
-71
-143
-176
-200
-209
-170
-94
-21
34
71
81
59
2
-71
-120
-152
-166
-124
-30
75
163
230
273
258
179
90
37
31
76
134
137
97
68
34
-52
-154
-207
-208
-182
-143
-107
-104
-120
-96
-45
-47
-119
-213
-268
-277
-264
-224
-170
-126
-99
-82
-86
-105
-92
-29
50
105
132
138
125
88
35
-10
-42
-60
-45
-2
29
38
34
6
-48
-98
-119
-116
-94
-59
-27
7
45
59
36
12
13
34
61
87
110
112
97
104
136
164
177
161
117
72
38
9
-16
-19
-13
-11
-3
23
46
14
-69
-136
-145
-102
-28
37
79
111
128
109
72
53
45
39
44
85
154
189
162
95
35
12
1
-28
-59
-65
-47
-28
-32
-58
-100
-149
-181
-175
-134
-93
-90
-111
-127
-148
-172
-177
-159
-137
-129
-131
-126
-111
-98
-89
-71
-44
-31
-39
-68
-110
-143
-176
-218
-232
-199
-162
-158
-177
-187
-178
-173
-157
-107
-40
17
51
57
44
21
-7
-18
24
93
122
101
69
41
20
9
9
26
45
45
35
9
-39
-81
-98
-113
-151
-166
-128
-73
-25
32
83
104
91
39
-44
-113
-129
-114
-99
-57
-9
-3
-38
-76
-84
-72
-43
-12
-5
-20
-32
-25
-21
-22
-15
-8
-19
-38
-60
-112
-189
-233
-216
-183
-166
-148
-113
-50
16
27
5
19
48
51
44
63
132
215
257
266
266
227
123
2
-63
-50
-8
28
69
122
151
113
36
-32
-84
-115
-116
-87
-47
-34
-61
-106
-139
-142
-115
-69
-24
-6
-16
-34
-55
-87
-118
-122
-89
-29
31
64
80
73
37
-5
-10
32
70
76
62
56
61
48
17
-23
-67
-95
-96
-63
-3
63
105
103
76
39
-6
-27
-7
13
0
-22
-41
-72
-102
-112
-98
-70
-50
-48
-67
-88
-85
-50
-1
54
113
152
156
132
110
99
82
71
76
82
82
89
102
106
97
72
31
-26
-78
-123
-158
-171
-182
-210
-217
-164
-98
-81
-103
-127
-145
-156
-147
-109
-54
-2
50
98
132
160
181
168
128
103
121
172
229
265
275
277
268
235
206
210
228
240
259
280
265
195
110
54
41
68
106
133
148
153
164
180
181
161
131
103
93
105
108
79
31
-14
-37
-41
-42
-55
-73
-70
-67
-107
-162
-200
-248
-303
-320
-281
-215
-158
-121
-110
-126
-156
-183
-201
-196
-161
-106
-30
64
161
216
222
206
184
185
201
200
191
201
221
212
184
183
203
192
150
108
64
9
-49
-110
-165
-186
-157
-103
-56
-16
19
32
35
39
17
-36
-74
-69
-38
2
47
95
139
177
195
187
175
166
158
167
189
190
151
114
108
119
137
168
194
177
128
74
32
-3
-23
-14
4
0
-27
-47
-53
-53
-48
-37
-19
16
76
141
179
182
147
71
-20
-79
-95
-85
-56
-1
62
85
49
-11
-64
-91
-81
-46
-4
20
17
-4
-25
-39
-57
-65
-35
22
82
117
114
94
79
67
59
65
87
114
131
139
151
154
136
120
123
130
125
105
84
96
141
168
159
145
135
120
116
134
141
121
104
116
141
159
164
150
118
71
18
-30
-46
-31
-10
5
28
50
51
50
70
86
77
52
23
-4
-15
-7
-6
-19
-26
-29
-47
-79
-109
-117
-101
-72
-50
-49
-72
-98
-116
-138
-167
-186
-165
-104
-61
-69
-115
-172
-202
-174
-107
-59
-50
-66
-92
-114
-108
-78
-49
-14
38
89
114
115
98
76
84
131
187
216
215
185
139
101
88
119
176
218
221
191
154
133
120
89
41
-8
-53
-87
-115
-147
-179
-194
-186
-180
-186
-191
-196
-201
-195
-172
-128
-74
-37
-42
-61
-45
-5
26
42
54
67
77
94
133
158
147
141
156
147
86
20
-1
10
7
0
17
46
49
26
15
24
15
-22
-59
-71
-59
-43
-32
-13
6
16
26
48
86
99
52
-12
-47
-49
-38
-40
-60
-78
-80
-90
-111
-113
-102
-106
-124
-131
-134
-161
-207
-224
-184
-121
-73
-50
-43
-42
-54
-89
-127
-137
-121
-92
-67
-42
-15
-12
-52
-111
-147
-142
-99
-59
-41
-34
-20
-5
-29
-86
-129
-153
-159
-133
-71
-12
14
1
-44
-103
-156
-188
-181
-118
-26
32
29
-12
-49
-78
-122
-158
-145
-95
-43
-8
5
-10
-48
-88
-105
-86
-61
-58
-79
-108
-131
-160
-196
-208
-172
-97
-20
30
46
30
-12
-55
-70
-50
-2
49
88
135
184
202
183
160
158
167
171
172
176
178
166
133
75
11
-43
-89
-119
-114
-91
-89
-98
-86
-76
-108
-165
-210
-248
-286
-291
-233
-142
-76
-52
-48
-51
-58
-48
-9
39
73
101
140
165
152
117
93
80
71
62
40
8
-27
-61
-85
-97
-108
-132
-156
-167
-170
-176
-182
-175
-162
-155
-152
-147
-136
-133
-132
-118
-85
-44
-21
3
56
125
175
178
130
66
26
3
-37
-85
-99
-69
-28
3
29
42
20
-18
-32
-20
-4
6
-16
-69
-103
-89
-38
3
13
25
50
62
55
54
68
91
117
138
142
137
131
119
94
74
79
100
113
124
139
139
122
115
123
118
73
2
-60
-92
-92
-71
-35
10
36
22
-22
-68
-103
-118
-91
-34
3
-6
-49
-101
-135
-135
-94
-37
3
14
12
15
6
-26
-44
-32
-20
-35
-75
-123
-171
-213
-240
-250
-227
-178
-147
-145
-157
-178
-206
-217
-190
-134
-80
-50
-39
-37
-41
-35
-19
-17
-35
-42
-12
41
85
117
137
132
114
112
118
96
55
55
114
178
198
178
145
119
91
47
15
28
61
67
42
-4
-55
-98
-122
-119
-102
-87
-71
-56
-50
-71
-120
-176
-217
-221
-180
-117
-62
-26
-25
-54
-88
-108
-103
-79
-45
-17
3
13
19
27
30
21
5
-18
-40
-56
-57
-36
-13
-2
15
44
71
92
111
120
100
68
54
55
60
78
112
153
199
240
254
228
167
99
52
37
51
62
70
94
120
116
83
41
-11
-68
-100
-103
-92
-87
-90
-82
-60
-42
-44
-72
-100
-111
-117
-135
-164
-187
-201
-212
-219
-213
-180
-121
-56
-16
-12
-38
-92
-152
-186
-180
-143
-86
-12
49
59
29
15
38
60
66
79
105
129
146
156
145
103
42
-12
-36
-37
-24
8
61
110
102
48
1
-26
-43
-50
-52
-57
-53
-30
-10
0
16
31
27
8
7
39
71
70
47
24
-6
-45
-62
-40
-7
-3
-26
-48
-61
-71
-92
-115
-120
-94
-44
7
45
50
12
-35
-66
-86
-89
-71
-38
-3
20
32
40
44
48
61
91
129
157
164
145
126
126
132
130
127
137
152
168
190
210
220
216
203
187
167
151
144
151
176
193
174
140
109
80
55
37
11
-27
-62
-79
-98
-125
-150
-182
-202
-199
-188
-181
-163
-133
-117
-120
-122
-107
-96
-88
-59
-8
44
70
63
34
10
4
1
-11
-29
-45
-59
-73
-70
-62
-90
-146
-186
-184
-157
-124
-104
-110
-142
-177
-190
-177
-149
-127
-126
-131
-112
-79
-64
-72
-79
-82
-81
-64
-40
-35
-62
-91
-93
-83
-72
-71
-88
-116
-130
-110
-81
-89
-126
-154
-167
-177
-193
-218
-232
-204
-155
-124
-103
-68
-34
-31
-50
-49
-7
54
109
144
150
134
113
105
99
95
121
159
177
174
160
141
110
70
29
-3
-7
29
65
50
-3
-46
-59
-53
-35
-6
21
26
8
-16
-35
-41
-29
-16
-20
-22
-1
32
51
43
15
-29
-75
-90
-59
-6
37
55
30
-25
-69
-75
-42
-2
30
63
81
76
61
42
15
-12
-24
-15
3
15
17
11
-5
-17
-1
35
60
49
18
-9
-22
-27
-46
-78
-95
-77
-38
-7
3
-4
-27
-68
-103
-109
-93
-63
-36
-15
4
16
21
26
18
-16
-54
-63
-47
-16
15
38
53
48
35
33
34
10
-32
-65
-72
-56
-36
-31
-38
-39
-51
-73
-81
-68
-26
38
102
154
180
176
163
155
156
165
179
191
188
158
112
68
28
-2
13
65
107
115
109
99
69
28
-12
-44
-57
-36
11
33
22
11
20
39
50
52
53
47
39
38
26
9
9
29
43
43
51
73
91
95
92
84
57
15
-10
-5
1
-12
-33
-38
-27
-16
-10
-13
-34
-64
-56
13
93
146
174
180
175
166
152
141
131
112
102
108
106
80
46
28
34
68
123
169
176
139
86
50
51
90
150
211
257
283
289
270
248
245
249
260
281
310
346
375
375
342
284
226
204
218
237
225
170
92
29
18
38
60
82
92
78
61
56
58
62
67
70
77
81
70
59
63
81
107
138
159
162
167
175
153
97
43
16
15
27
52
80
73
21
-39
-70
-74
-66
-38
-3
3
-29
-72
-93
-105
-127
-127
-80
-29
-12
-9
3
10
2
2
23
46
61
77
81
39
-37
-83
-82
-70
-56
-31
-12
-21
-33
-31
-29
-36
-44
-46
-37
-16
1
-3
-20
-33
-20
9
35
68
111
143
140
110
76
63
70
85
89
80
83
102
116
118
107
88
73
73
88
105
101
67
22
-26
-74
-108
-119
-117
-120
-129
-122
-91
-53
-33
-42
-64
-83
-89
-76
-51
-36
-43
-53
-41
-22
-11
-7
-14
-37
-60
-60
-41
-20
1
35
73
83
59
21
-29
-97
-146
-137
-84
-28
20
66
77
22
-62
-117
-130
-122
-88
-36
2
4
-17
-41
-66
-77
-61
-26
7
28
33
8
-28
-30
15
84
145
164
136
87
44
23
30
66
118
162
175
146
92
38
3
8
56
121
155
142
111
82
51
29
31
57
86
96
64
2
-55
-75
-63
-47
-27
4
39
54
43
29
17
-6
-40
-75
-99
-99
-67
-24
3
19
35
33
9
-11
-9
12
45
79
96
86
54
13
-13
-5
33
79
114
128
118
82
31
-7
-16
-4
7
4
-19
-75
-145
-193
-202
-176
-121
-64
-34
-26
-35
-63
-108
-152
-177
-172
-142
-102
-54
-23
-33
-72
-114
-144
-165
-171
-154
-122
-83
-47
-28
-33
-62
-116
-167
-166
-123
-83
-61
-55
-61
-84
-117
-142
-153
-149
-128
-89
-45
-20
-23
-44
-71
-90
-93
-81
-61
-46
-37
-36
-40
-50
-71
-95
-103
-89
-61
-10
52
75
42
-15
-72
-116
-131
-112
-71
-41
-34
-38
-56
-86
-113
-140
-159
-134
-55
21
44
21
-21
-64
-93
-84
-40
12
51
70
72
52
31
34
44
44
51
70
78
64
40
5
-40
-69
-68
-47
-13
25
55
77
98
110
107
93
73
65
76
75
42
-7
-40
-39
-33
-49
-72
-79
-70
-65
-62
-51
-43
-36
-24
-18
-22
-30
-44
-62
-82
-105
-116
-98
-65
-52
-60
-72
-91
-112
-117
-96
-64
-39
-13
11
19
16
9
7
2
-19
-43
-51
-39
-25
-32
-55
-75
-72
-41
2
30
38
32
11
-33
-69
-64
-44
-47
-70
-83
-83
-87
-106
-128
-135
-116
-76
-29
26
85
114
80
8
-46
-72
-87
-84
-51
7
62
86
76
33
-19
-35
-10
18
14
-21
-53
-61
-49
-39
-40
-43
-48
-49
-45
-42
-50
-67
-79
-92
-104
-100
-76
-60
-58
-43
-3
45
78
72
19
-38
-57
-41
7
79
154
201
205
183
146
100
64
43
30
22
13
7
6
-2
-20
-20
16
46
27
-22
-55
-58
-49
-36
-27
-31
-51
-74
-65
-24
15
39
59
67
64
61
47
15
-16
-26
-18
-5
-2
-9
-9
-7
-18
-32
-34
-32
-26
-13
-2
1
-16
-53
-84
-89
-73
-54
-37
-12
9
5
-15
-36
-38
-8
40
82
115
137
136
117
83
35
-4
-23
-13
29
88
125
124
100
70
53
58
80
98
95
82
70
49
17
-6
-1
5
-8
-23
-15
17
48
68
81
81
59
18
-10
-11
-1
15
34
35
13
-15
-34
-40
-42
-44
-40
-46
-68
-90
-100
-104
-127
-159
-175
-165
-148
-142
-131
-96
-40
7
23
10
-29
-84
-138
-161
-144
-106
-68
-46
-43
-48
-56
-67
-75
-58
-12
33
55
50
34
27
26
25
25
32
31
10
-11
-11
7
24
29
45
76
97
91
63
25
-12
-25
-4
38
75
91
91
74
41
8
-10
-16
-30
-46
-47
-33
-21
-15
3
28
47
56
53
44
35
32
39
42
39
45
74
118
146
152
160
188
221
233
224
219
220
208
187
179
172
148
119
108
115
125
122
111
104
100
86
59
32
21
29
43
57
61
55
48
31
-4
-38
-49
-48
-52
-51
-40
-32
-33
-32
-26
-29
-50
-75
-88
-86
-70
-40
-14
-1
6
12
15
13
11
7
-2
-11
-14
-1
12
11
8
11
11
-8
-30
-37
-33
-30
-22
4
40
68
75
59
42
37
40
49
62
65
52
32
28
61
111
136
126
103
80
65
70
92
118
143
164
170
148
108
77
53
31
30
42
43
26
0
-24
-36
-32
-11
4
1
-9
-13
-11
-15
-29
-38
-34
-30
-36
-41
-44
-56
-69
-57
-19
11
10
-6
-10
-8
-17
-33
-22
10
26
9
-19
-43
-73
-104
-119
-108
-71
-32
-17
-26
-39
-45
-56
-82
-106
-110
-97
-85
-76
-67
-66
-73
-76
-70
-63
-56
-47
-45
-60
-86
-100
-93
-81
-76
-74
-71
-71
-76
-87
-93
-90
-79
-69
-64
-59
-60
-64
-60
-44
-12
37
83
100
83
51
17
-19
-47
-44
-11
22
37
53
72
75
56
40
50
65
59
39
26
20
8
-11
-15
9
37
49
48
31
-13
-56
-68
-54
-33
-29
-58
-103
-136
-159
-172
-168
-144
-124
-115
-114
-139
-191
-247
-274
-258
-222
-198
-195
-216
-248
-271
-284
-287
-269
-237
-213
-206
-196
-183
-182
-189
-184
-157
-125
-101
-90
-105
-141
-175
-186
-173
-142
-99
-60
-48
-59
-83
-119
-158
-178
-164
-131
-85
-35
-7
-16
-47
-85
-131
-170
-167
-120
-50
17
61
64
33
-4
-44
-75
-80
-76
-73
-53
-14
13
14
-3
-11
-1
12
11
2
-6
-8
-9
-14
-16
2
39
71
85
93
104
102
83
67
62
60
52
47
47
41
28
13
1
-3
3
22
41
44
37
32
26
26
29
30
32
44
64
73
65
58
75
99
111
110
110
109
91
58
36
31
24
10
-7
-35
-65
-87
-112
-153
-191
-198
-180
-150
-116
-85
-66
-63
-61
-68
-100
-131
-134
-114
-91
-69
-39
-10
10
26
39
40
29
12
-8
-27
-34
-25
-20
-30
-44
-54
-56
-48
-31
-13
-16
-45
-80
-104
-110
-105
-82
-36
6
31
43
49
52
50
54
72
106
148
192
231
252
249
225
192
163
141
124
105
77
43
15
-1
-7
-21
-41
-55
-46
-21
-11
-25
-52
-85
-109
-109
-87
-70
-76
-85
-83
-79
-73
-56
-24
7
31
54
68
64
53
61
82
94
94
105
134
147
123
81
54
40
26
18
17
22
26
17
6
8
15
-2
-44
-81
-82
-55
-37
-44
-67
-84
-93
-106
-125
-131
-105
-57
-25
-20
-22
-19
-12
-10
-15
-8
28
76
109
126
139
147
139
116
103
115
136
142
141
143
136
116
97
89
82
73
62
50
40
36
35
34
35
36
26
2
-22
-33
-23
0
21
35
46
50
45
44
51
56
66
81
88
82
78
85
81
48
17
26
64
101
118
121
127
138
146
147
143
126
89
49
32
36
41
34
19
4
-2
1
-2
-23
-48
-56
-44
-18
11
31
38
37
35
40
57
81
101
116
134
153
172
196
213
208
187
177
178
181
198
224
234
221
201
194
196
190
171
152
151
154
143
131
135
153
180
212
227
212
184
162
144
119
92
77
82
98
118
139
146
135
108
85
78
77
76
75
82
100
121
136
136
126
119
111
96
83
84
98
118
143
170
187
183
156
118
94
94
106
120
129
134
134
121
98
82
68
37
5
-8
-5
19
54
88
109
114
117
128
138
138
136
140
135
118
102
102
114
121
116
101
79
61
49
33
11
-3
3
12
12
13
17
11
-3
-11
0
36
76
90
78
65
65
65
54
44
46
51
52
55
54
46
40
42
44
31
15
13
14
8
11
21
28
19
-3
-26
-44
-45
-25
7
33
43
40
32
29
26
21
17
25
48
79
102
106
101
100
96
92
91
88
78
63
58
58
44
21
3
-11
-26
-26
-9
-3
-11
-30
-56
-73
-84
-100
-116
-118
-107
-84
-58
-43
-54
-90
-130
-156
-162
-159
-145
-123
-106
-96
-89
-85
-96
-119
-132
-138
-136
-122
-97
-77
-80
-97
-118
-143
-162
-176
-178
-167
-148
-134
-140
-156
-156
-134
-102
-88
-88
-85
-84
-83
-86
-101
-116
-108
-83
-61
-48
-39
-31
-29
-35
-49
-64
-84
-101
-107
-110
-110
-107
-106
-107
-87
-51
-31
-38
-57
-65
-64
-70
-76
-62
-31
-12
-13
-27
-31
-15
-3
-9
-23
-29
-33
-49
-65
-61
-42
-31
-41
-50
-38
-18
-10
-18
-35
-55
-70
-89
-114
-134
-136
-121
-93
-60
-39
-36
-47
-60
-72
-89
-103
-109
-108
-98
-88
-84
-80
-69
-61
-63
-69
-71
-65
-54
-45
-36
-34
-45
-64
-81
-89
-82
-57
-18
18
32
15
-21
-57
-80
-95
-103
-101
-84
-66
-60
-66
-75
-75
-66
-59
-70
-99
-122
-126
-117
-107
-96
-82
-71
-67
-68
-72
-73
-69
-60
-54
-55
-57
-51
-43
-36
-19
9
33
32
14
-7
-32
-56
-62
-38
1
21
5
-35
-74
-103
-119
-104
-60
-19
-1
-3
-20
-40
-47
-38
-18
5
27
39
42
41
31
12
-3
-7
-3
1
-7
-22
-34
-42
-50
-47
-32
-25
-42
-71
-81
-69
-53
-33
-16
-13
-19
-32
-60
-93
-113
-116
-111
-92
-65
-60
-80
-95
-86
-65
-44
-26
-21
-23
-15
2
12
4
-10
-22
-33
-40
-49
-60
-72
-84
-97
-111
-124
-126
-110
-78
-47
-23
-15
-28
-54
-80
-92
-87
-81
-83
-77
-50
-19
-7
-21
-54
-88
-104
-91
-65
-50
-49
-52
-55
-55
-61
-65
-58
-49
-49
-49
-31
-7
-5
-30
-62
-83
-93
-88
-77
-72
-76
-78
-65
-47
-34
-40
-71
-111
-129
-107
-67
-38
-37
-49
-56
-57
-63
-77
-77
-45
-5
17
29
35
23
-8
-38
-51
-44
-42
-55
-68
-69
-55
-36
-26
-36
-55
-76
-101
-114
-107
-77
-39
-6
21
37
41
37
26
9
-10
-16
0
17
27
45
73
99
109
97
76
52
23
-6
-18
-11
-2
-9
-32
-53
-54
-32
-2
16
17
5
-15
-39
-65
-86
-82
-55
-19
30
82
113
117
105
93
92
101
125
160
190
205
200
191
195
203
190
155
117
88
66
51
42
38
44
60
74
80
79
76
75
67
55
50
53
58
65
66
46
18
8
24
45
52
49
50
53
50
42
34
29
17
-1
-16
-21
-15
0
0
-24
-38
-33
-26
-16
-4
-3
-9
-13
-14
-13
-7
5
11
7
1
1
12
29
54
88
118
136
140
141
149
158
169
183
195
190
170
151
137
118
113
143
189
208
188
152
123
118
134
149
156
159
162
155
130
101
86
89
97
101
105
122
146
148
124
95
74
64
58
47
17
-29
-70
-79
-64
-53
-46
-33
-23
-19
-22
-35
-50
-51
-42
-29
-8
19
32
21
7
12
29
41
48
60
76
99
127
149
160
157
144
128
120
120
118
114
115
118
120
122
121
104
77
56
49
50
49
43
32
23
17
21
33
40
50
66
66
46
25
14
10
7
7
19
35
42
33
18
2
-13
-22
-33
-47
-52
-35
-19
-23
-47
-79
-95
-95
-92
-86
-78
-72
-65
-59
-60
-65
-68
-70
-73
-72
-63
-56
-64
-79
-83
-73
-67
-71
-66
-58
-62
-81
-105
-122
-130
-134
-139
-136
-119
-100
-97
-103
-107
-97
-70
-35
1
18
14
-2
-18
-29
-37
-41
-33
-13
17
51
65
46
15
-8
-16
-9
0
-6
-24
-37
-49
-68
-84
-90
-84
-80
-88
-91
-72
-41
-26
-31
-40
-47
-48
-50
-57
-67
-76
-84
-96
-110
-118
-119
-115
-104
-89
-76
-75
-96
-129
-150
-145
-127
-109
-86
-63
-57
-72
-100
-130
-148
-145
-126
-114
-114
-113
-112
-115
-108
-76
-30
-4
-14
-44
-79
-113
-140
-159
-159
-129
-88
-51
-30
-28
-33
-47
-64
-73
-65
-47
-29
-6
17
25
13
-10
-40
-74
-92
-83
-57
-31
-19
-32
-68
-108
-129
-123
-106
-94
-95
-98
-89
-74
-65
-60
-61
-65
-68
-66
-64
-72
-83
-87
-78
-62
-48
-33
-17
-2
6
-6
-42
-71
-68
-46
-24
-4
17
34
34
16
-8
-32
-51
-56
-48
-39
-41
-46
-41
-26
-13
-19
-32
-37
-43
-51
-52
-27
17
53
68
66
55
35
13
7
26
47
54
44
22
6
-2
-11
-25
-28
-21
-21
-25
-29
-36
-51
-63
-51
-21
-2
3
6
9
12
5
1
14
39
66
80
85
83
70
57
47
29
3
-23
-43
-51
-37
-15
-9
-23
-50
-80
-106
-131
-144
-133
-114
-112
-126
-142
-134
-104
-78
-67
-57
-42
-32
-19
6
39
68
71
48
26
22
26
30
45
67
82
83
80
82
89
87
75
72
76
67
52
46
39
17
-3
4
37
63
74
73
60
40
24
22
34
54
79
98
105
98
78
59
52
62
89
116
126
119
106
96
86
78
86
101
107
106
101
90
82
86
101
118
125
117
95
69
52
53
61
64
70
78
83
80
70
60
46
33
32
47
70
83
81
78
83
83
72
62
53
37
19
4
8
40
85
110
106
93
71
37
8
3
22
50
77
92
97
95
82
58
33
24
28
34
48
72
99
110
100
85
79
89
100
94
69
42
26
17
19
26
38
53
69
82
85
77
64
52
32
10
1
4
3
-7
-19
-24
-18
-3
17
30
26
8
-11
-23
-26
-14
5
28
45
51
48
36
18
12
34
60
73
84
99
110
109
106
108
113
113
115
122
128
133
128
109
79
58
56
63
69
78
100
123
132
123
110
102
100
98
93
88
86
86
85
84
80
73
64
62
69
68
55
43
34
29
18
-4
-22
-25
-19
-10
3
14
17
19
20
18
25
44
67
83
83
72
51
32
25
37
62
98
138
160
155
134
108
81
53
39
47
63
74
72
58
40
27
23
31
43
50
49
39
27
9
-11
-20
-10
17
50
86
117
124
106
74
47
32
29
41
66
89
92
80
71
69
71
73
79
96
124
141
129
94
47
-7
-45
-49
-26
8
39
53
48
46
39
10
-35
-75
-90
-75
-43
-12
0
-3
-2
18
37
45
45
42
33
23
18
22
26
21
10
0
-3
-6
-1
23
46
55
47
46
64
77
70
52
40
40
47
52
46
33
22
8
-13
-25
-21
-21
-27
-35
-43
-51
-58
-69
-86
-102
-113
-113
-93
-57
-28
-11
-4
-7
-12
-25
-52
-76
-81
-74
-71
-65
-54
-42
-40
-53
-73
-87
-88
-78
-59
-49
-47
-40
-36
-41
-39
-27
-20
-23
-23
-28
-40
-39
-24
-8
2
4
4
-1
-6
-4
-2
-7
-14
-16
-11
-4
-8
-26
-42
-44
-41
-35
-22
-7
1
-5
-26
-50
-70
-82
-83
-73
-51
-26
-15
-25
-45
-59
-75
-92
-91
-75
-52
-22
12
31
31
23
25
41
59
68
66
59
49
38
23
3
-14
-25
-29
-31
-31
-29
-26
-36
-59
-74
-77
-76
-83
-94
-92
-79
-71
-73
-79
-80
-84
-88
-84
-72
-56
-49
-54
-63
-72
-72
-58
-38
-30
-33
-33
-36
-51
-75
-97
-100
-79
-50
-34
-25
-18
-20
-33
-51
-68
-83
-95
-98
-94
-91
-91
-97
-105
-106
-104
-110
-119
-116
-99
-84
-79
-68
-48
-34
-38
-55
-65
-59
-46
-38
-44
-54
-62
-70
-77
-84
-90
-100
-108
-103
-97
-94
-90
-94
-108
-125
-133
-127
-118
-113
-117
-127
-130
-125
-118
-113
-106
-102
-104
-109
-107
-94
-81
-82
-92
-98
-99
-104
-110
-114
-123
-128
-118
-98
-83
-79
-77
-83
-96
-100
-84
-65
-62
-78
-100
-112
-107
-93
-75
-48
-23
-17
-29
-42
-45
-39
-27
-5
24
41
42
34
19
-9
-43
-59
-62
-57
-45
-31
-25
-36
-56
-71
-78
-79
-89
-112
-134
-140
-125
-101
-79
-64
-50
-38
-36
-43
-47
-49
-43
-23
3
14
8
3
-1
-7
-12
-21
-31
-37
-46
-57
-61
-47
-30
-28
-36
-48
-56
-59
-61
-61
-66
-71
-63
-37
-3
26
48
64
71
72
78
83
76
69
76
97
119
130
130
120
106
94
82
64
46
38
37
31
29
43
55
52
45
38
30
25
24
28
39
51
61
72
84
93
91
83
76
70
64
54
46
47
58
72
79
77
68
55
43
39
37
40
58
80
93
86
67
48
32
24
30
44
45
35
32
32
31
34
48
69
74
61
52
58
72
73
56
35
29
40
57
73
76
66
54
46
48
61
79
92
100
96
82
70
68
67
64
76
106
139
157
155
143
125
99
81
82
99
111
110
108
105
95
76
58
56
67
76
82
86
92
93
90
84
69
49
41
49
57
57
47
33
22
25
48
71
76
63
52
44
30
21
17
25
33
33
37
48
54
46
32
33
45
49
40
27
13
-1
-15
-20
-9
7
19
25
24
23
20
20
35
70
116
150
160
150
123
90
69
68
79
97
107
96
74
54
46
50
60
78
97
113
118
101
72
48
32
16
4
12
35
59
79
97
110
107
91
74
67
61
44
28
25
29
21
9
9
19
25
22
22
24
20
-7
-48
-76
-86
-84
-68
-49
-42
-42
-41
-47
-59
-76
-99
-115
-108
-87
-62
-29
13
55
79
72
38
-5
-38
-51
-50
-39
-15
26
65
82
80
65
45
31
25
31
49
68
62
27
-16
-45
-49
-35
-11
12
28
31
24
15
6
-2
0
13
34
46
43
33
15
-4
-14
-6
19
51
76
85
81
69
49
39
45
47
43
46
51
37
13
-1
-4
7
23
36
34
16
-14
-43
-54
-49
-41
-37
-32
-22
-19
-32
-53
-76
-97
-108
-105
-88
-69
-65
-79
-95
-104
-107
-101
-90
-85
-91
-99
-108
-115
-119
-118
-104
-83
-67
-59
-66
-82
-91
-82
-59
-42
-31
-22
-29
-50
-63
-62
-49
-34
-26
-29
-38
-47
-56
-69
-86
-95
-94
-85
-71
-72
-87
-102
-118
-129
-121
-96
-69
-42
-19
-9
-12
-28
-57
-88
-91
-68
-43
-20
1
4
-6
-21
-40
-52
-51
-44
-41
-42
-45
-64
-93
-119
-133
-135
-126
-108
-96
-101
-118
-143
-168
-179
-167
-145
-128
-117
-109
-102
-94
-92
-99
-111
-117
-122
-127
-133
-142
-156
-172
-175
-168
-161
-156
-154
-157
-156
-142
-121
-116
-127
-126
-111
-102
-105
-107
-103
-103
-104
-94
-75
-51
-19
5
11
4
-10
-22
-33
-42
-61
-80
-81
-69
-54
-49
-53
-57
-59
-68
-84
-92
-80
-57
-49
-60
-81
-96
-103
-101
-92
-78
-57
-36
-21
-14
-15
-10
-3
-5
-11
-14
-14
-19
-20
-9
5
14
9
-6
-18
-24
-27
-32
-42
-51
-51
-46
-37
-19
5
19
22
24
27
29
26
11
-6
-16
-12
3
14
21
34
55
66
59
42
32
30
34
45
56
58
46
23
4
-12
-23
-22
-5
18
36
42
36
25
7
-14
-24
-13
16
38
43
38
29
17
0
-14
-16
-8
4
10
6
-7
-22
-39
-59
-75
-71
-50
-33
-23
-19
-20
-25
-32
-40
-45
-38
-20
-2
15
32
47
50
44
38
42
54
63
58
45
40
49
54
51
45
41
39
29
12
5
16
30
25
13
9
8
9
14
21
32
46
57
58
56
58
55
41
31
45
74
94
98
93
89
89
86
81
74
66
65
68
68
65
65
73
81
84
85
89
93
86
68
60
66
67
58
46
33
20
23
44
67
79
85
88
85
76
65
56
46
37
30
25
19
12
12
13
13
11
14
26
29
23
19
21
22
17
18
22
20
8
-5
-18
-30
-37
-45
-51
-50
-43
-33
-23
-12
-1
3
-5
-18
-22
-24
-26
-25
-16
-7
-20
-36
-40
-44
-52
-58
-44
-21
-4
6
10
7
1
-3
-2
5
16
24
27
28
30
25
11
-10
-27
-25
-10
11
26
30
24
7
-11
-30
-45
-46
-32
-17
-3
2
-7
-25
-49
-76
-96
-97
-85
-77
-72
-64
-65
-77
-82
-74
-70
-72
-69
-67
-73
-81
-82
-74
-64
-55
-45
-39
-34
-29
-27
-35
-35
-15
10
29
40
44
38
28
23
25
33
38
41
48
53
54
55
51
44
39
33
18
0
-7
-8
-4
8
15
12
1
-8
-11
-11
-10
-9
-5
-1
4
9
8
2
-2
-4
-4
1
9
13
12
12
12
12
11
15
18
21
30
35
28
14
3
0
9
23
37
44
39
32
25
18
20
37
59
68
68
69
71
72
75
79
82
87
95
97
88
82
86
99
112
125
133
125
108
95
83
66
53
46
39
38
44
54
66
73
68
53
42
36
29
32
43
57
70
76
80
80
81
82
82
89
105
132
153
158
151
136
119
103
98
99
101
104
96
79
64
50
40
40
51
65
77
84
89
89
80
69
64
73
84
95
109
124
137
139
139
141
144
147
151
157
160
159
155
150
144
138
132
135
140
138
131
131
129
117
105
97
88
82
86
96
106
115
118
116
116
116
112
108
102
94
87
78
68
55
44
39
40
53
65
64
50
25
-5
-30
-41
-42
-36
-24
-14
-8
-13
-30
-50
-66
-80
-87
-79
-60
-42
-35
-44
-66
-87
-94
-92
-85
-74
-56
-41
-42
-62
-94
-122
-131
-126
-111
-85
-60
-51
-56
-63
-69
-82
-97
-103
-97
-89
-83
-76
-70
-76
-86
-92
-95
-94
-86
-75
-71
-73
-77
-90
-117
-144
-154
-149
-137
-125
-117
-109
-108
-118
-141
-167
-173
-161
-143
-127
-113
-99
-93
-90
-88
-80
-71
-69
-69
-66
-70
-84
-94
-100
-98
-84
-69
-68
-79
-88
-100
-116
-128
-133
-128
-121
-110
-98
-89
-86
-87
-86
-82
-73
-68
-67
-60
-54
-55
-61
-64
-62
-63
-63
-62
-63
-63
-65
-66
-68
-78
-91
-103
-110
-102
-85
-67
-59
-59
-56
-56
-65
-74
-72
-67
-66
-62
-56
-56
-62
-66
-57
-39
-23
-12
-8
-9
-17
-26
-22
-11
-9
-19
-30
-43
-54
-58
-50
-30
-11
-11
-25
-38
-41
-44
-47
-44
-41
-41
-38
-28
-14
0
7
2
-5
-11
-12
-10
-4
7
21
31
33
23
0
-16
-22
-19
-11
-9
-14
-23
-26
-25
-25
-25
-22
-20
-21
-21
-26
-37
-44
-39
-27
-13
-1
12
21
18
4
-3
-3
-4
-2
5
14
23
28
34
39
42
40
36
31
20
11
13
28
51
68
73
66
53
40
33
46
75
100
113
121
131
135
128
117
106
99
96
101
112
119
121
119
113
96
70
49
39
35
38
55
77
82
73
60
40
19
7
9
17
29
38
38
30
26
27
24
24
26
25
26
32
35
30
32
44
53
55
49
39
28
13
-8
-24
-25
-15
-1
7
9
5
5
12
20
30
38
44
48
44
26
1
-14
-17
-16
-8
13
39
56
57
41
13
-19
-38
-36
-17
4
15
11
-3
-16
-18
-12
-12
-16
-20
-25
-38
-57
-66
-62
-48
-28
-10
-1
-1
-4
-17
-38
-55
-58
-39
-14
0
0
-6
-10
-13
-13
-5
9
19
16
8
8
9
5
-6
-13
0
23
46
62
60
42
27
26
36
56
76
81
71
61
61
67
69
63
59
65
79
95
102
104
105
107
112
114
110
100
88
79
76
83
94
96
93
90
87
89
100
113
114
94
72
68
72
69
61
58
61
61
59
65
83
99
93
75
57
47
43
39
41
57
84
109
120
112
82
46
28
31
43
56
68
70
57
40
27
23
25
33
39
36
29
21
10
2
6
22
45
71
93
105
102
85
61
36
19
21
36
47
43
22
-6
-28
-41
-45
-36
-12
13
30
43
52
44
26
16
14
12
14
32
54
65
66
63
61
50
31
13
2
0
1
1
1
1
1
4
10
8
4
7
12
10
4
-6
-21
-31
-30
-23
-16
-13
-10
-8
-9
-9
-7
0
7
9
8
3
-1
-1
-7
-16
-20
-22
-29
-47
-61
-67
-64
-51
-36
-28
-36
-54
-71
-88
-104
-106
-94
-80
-66
-51
-39
-39
-48
-55
-59
-62
-64
-58
-49
-43
-40
-37
-41
-48
-49
-39
-20
2
19
24
7
-22
-41
-44
-45
-47
-48
-49
-44
-38
-35
-40
-50
-57
-66
-70
-66
-61
-58
-60
-61
-59
-48
-42
-48
-65
-74
-61
-39
-15
8
16
8
-5
-12
-22
-34
-37
-25
-3
15
27
32
29
18
5
1
-1
3
11
10
5
-1
-6
-10
-10
-6
-6
-11
-15
-19
-22
-21
-13
4
23
31
27
12
-9
-27
-40
-51
-58
-57
-54
-55
-57
-58
-55
-46
-39
-30
-20
-16
-23
-44
-65
-75
-71
-55
-29
1
29
45
35
9
-12
-16
-9
4
17
29
31
19
-2
-17
-23
-30
-34
-32
-27
-29
-40
-54
-67
-79
-83
-77
-67
-61
-62
-67
-69
-68
-68
-72
-78
-86
-90
-80
-63
-47
-36
-26
-23
-34
-48
-60
-68
-69
-66
-67
-69
-72
-76
-76
-75
-71
-61
-59
-71
-92
-106
-114
-118
-117
-104
-84
-69
-61
-59
-62
-66
-67
-65
-63
-53
-42
-38
-42
-58
-79
-89
-87
-82
-64
-38
-20
-23
-39
-51
-51
-46
-45
-41
-31
-25
-21
-14
-3
-1
-8
-11
-7
-1
5
9
9
1
-8
-11
-11
-10
-13
-15
-19
-25
-24
-15
-7
-9
-16
-21
-24
-29
-38
-47
-50
-49
-46
-43
-38
-38
-46
-49
-44
-39
-40
-44
-40
-29
-13
7
20
20
15
8
-6
-17
-23
-27
-21
-2
11
13
8
3
-2
-14
-21
-16
-10
-17
-28
-34
-37
-40
-44
-45
-47
-47
-42
-40
-44
-44
-37
-31
-30
-34
-38
-38
-33
-33
-39
-46
-47
-39
-25
-10
-5
-2
-3
-7
0
17
27
27
24
23
20
18
17
15
17
20
22
19
12
2
-5
-3
-5
-15
-26
-27
-21
-21
-26
-35
-48
-58
-69
-81
-80
-69
-63
-69
-75
-70
-64
-67
-79
-88
-92
-89
-76
-63
-57
-54
-46
-31
-21
-22
-27
-28
-21
-16
-14
-5
2
4
3
0
-3
-2
0
5
14
25
27
22
25
34
42
50
59
61
56
50
38
27
32
49
62
69
68
63
60
61
60
49
41
41
45
53
57
52
47
40
25
9
-6
-24
-40
-46
-40
-24
-1
18
24
22
15
6
-1
-1
14
43
74
88
85
84
86
84
72
62
70
85
91
91
91
87
78
73
71
76
94
111
117
117
112
109
109
113
121
122
117
115
116
113
108
111
118
125
129
127
133
147
159
164
162
155
146
136
127
130
141
146
145
139
126
104
86
86
102
116
119
114
103
92
83
75
65
56
55
65
79
85
96
113
119
113
106
99
88
79
74
79
87
87
85
84
77
64
59
55
46
41
42
44
51
56
53
52
53
46
34
30
37
38
31
26
25
23
24
40
57
64
65
62
54
46
43
41
42
54
73
86
89
80
56
28
12
5
0
4
15
23
18
3
-12
-22
-25
-25
-29
-33
-30
-27
-31
-41
-44
-34
-25
-17
0
21
23
3
-19
-26
-20
-18
-22
-22
-14
-13
-19
-18
-11
-6
-6
-8
-15
-23
-27
-36
-51
-59
-56
-52
-50
-50
-48
-43
-38
-31
-30
-34
-38
-48
-62
-76
-79
-69
-57
-50
-45
-48
-65
-80
-79
-67
-53
-37
-15
-2
-11
-28
-41
-50
-63
-74
-65
-44
-36
-39
-47
-60
-75
-87
-93
-92
-81
-62
-49
-50
-65
-82
-96
-103
-99
-83
-62
-49
-43
-44
-50
-51
-45
-38
-40
-39
-31
-24
-22
-27
-29
-32
-39
-42
-37
-28
-25
-25
-23
-22
-26
-35
-44
-49
-46
-43
-49
-54
-53
-50
-51
-51
-49
-51
-57
-58
-55
-58
-69
-79
-82
-87
-95
-106
-114
-114
-112
-112
-114
-115
-112
-107
-108
-119
-137
-146
-133
-106
-81
-67
-63
-66
-71
-76
-81
-85
-88
-82
-71
-66
-70
-76
-72
-56
-38
-26
-19
-25
-42
-54
-58
-66
-69
-51
-33
-33
-38
-40
-44
-45
-33
-23
-24
-27
-27
-29
-35
-45
-47
-41
-32
-27
-25
-21
-15
-6
2
4
0
-2
2
-1
-5
4
20
34
39
37
34
31
25
23
25
24
18
12
9
9
0
-11
-6
7
9
5
0
-6
-9
-11
-12
-6
10
27
32
33
31
24
23
33
49
65
75
74
63
50
35
26
26
34
46
52
50
38
25
12
-7
-20
-19
-10
1
9
13
12
9
2
-9
-14
-8
2
17
41
64
77
79
73
68
65
61
60
74
95
113
127
132
124
102
85
88
103
117
120
118
115
113
109
105
105
109
122
138
147
148
137
117
92
81
90
102
108
107
98
83
64
52
50
47
38
32
36
41
35
28
30
36
39
38
42
49
44
26
14
13
26
50
71
79
69
53
38
17
-3
-9
-2
10
23
32
35
33
22
8
-2
-11
-19
-20
-10
-6
-7
3
17
28
32
36
48
61
67
65
63
71
85
95
98
97
94
86
80
73
62
57
63
68
72
79
82
76
60
37
21
20
35
57
73
78
72
65
57
50
52
65
80
91
98
102
102
100
102
104
100
101
105
102
98
94
82
64
51
49
54
65
75
74
64
55
45
31
20
10
3
6
12
6
-4
-13
-24
-34
-37
-28
-7
10
13
4
-9
-20
-32
-45
-54
-62
-65
-61
-51
-39
-33
-34
-43
-52
-51
-42
-35
-38
-52
-70
-85
-93
-88
-77
-65
-55
-44
-36
-30
-28
-29
-31
-32
-31
-26
-22
-19
-21
-28
-28
-17
-1
11
10
-8
-29
-35
-22
-2
7
6
0
-12
-22
-22
-19
-17
-13
-8
-4
-1
4
7
1
-17
-36
-47
-47
-38
-25
-17
-19
-27
-35
-40
-41
-34
-28
-28
-35
-45
-53
-55
-50
-49
-52
-54
-49
-43
-44
-49
-53
-57
-54
-40
-24
-15
-11
-16
-29
-39
-36
-24
-9
8
21
27
23
21
29
39
44
48
53
57
57
50
43
43
44
44
46
56
68
73
69
58
48
45
44
42
46
49
45
32
14
-6
-22
-23
-5
21
35
30
15
-1
-21
-40
-45
-32
-9
11
22
19
7
-1
-8
-8
6
25
39
36
24
7
-7
-10
-6
3
8
6
6
9
12
16
20
11
-5
-9
-9
-12
-7
6
13
19
27
28
23
9
-9
-19
-13
-2
3
0
-4
0
12
21
28
26
14
-2
-20
-36
-47
-49
-40
-29
-16
-7
-5
-7
-11
-17
-24
-29
-28
-23
-16
-9
-9
-9
-13
-18
-21
-20
-15
-10
-9
-19
-37
-45
-39
-28
-25
-36
-52
-63
-65
-61
-50
-41
-47
-58
-63
-70
-81
-81
-67
-54
-46
-49
-64
-79
-86
-87
-77
-60
-46
-34
-27
-27
-36
-49
-54
-47
-29
-7
4
1
-3
-10
-17
-18
-12
-4
7
20
23
15
1
-13
-22
-26
-28
-28
-22
-15
-10
-10
-11
-13
-23
-35
-40
-34
-23
-16
-11
-10
-16
-26
-28
-31
-35
-38
-37
-27
-20
-17
-17
-17
-24
-36
-43
-44
-40
-37
-37
-41
-52
-65
-69
-67
-71
-75
-82
-90
-94
-93
-88
-82
-79
-77
-75
-79
-92
-93
-77
-64
-60
-58
-58
-60
-63
-68
-65
-55
-36
-21
-16
-17
-28
-41
-48
-44
-34
-35
-45
-53
-53
-56
-64
-70
-75
-84
-90
-88
-82
-84
-93
-101
-104
-100
-92
-83
-84
-89
-91
-85
-76
-68
-55
-44
-37
-32
-30
-27
-27
-34
-42
-43
-45
-49
-50
-52
-53
-50
-49
-49
-50
-55
-59
-57
-57
-70
-83
-84
-77
-64
-46
-44
-60
-73
-75
-71
-71
-74
-78
-74
-60
-45
-35
-27
-26
-34
-37
-34
-34
-32
-30
-25
-14
-4
-2
-11
-21
-30
-34
-26
-17
-13
-19
-20
-11
3
13
11
-4
-18
-29
-44
-56
-53
-44
-44
-53
-61
-60
-52
-36
-24
-25
-34
-45
-56
-62
-61
-58
-57
-55
-51
-51
-53
-58
-65
-62
-54
-47
-43
-48
-51
-48
-45
-46
-48
-45
-46
-55
-64
-65
-57
-48
-43
-41
-36
-27
-27
-38
-48
-40
-26
-26
-25
-13
-8
-14
-20
-20
-12
-5
-5
-8
-9
-6
-1
-1
1
11
22
24
20
20
22
23
19
7
-8
-15
-17
-21
-20
-14
-10
-10
-9
0
15
29
37
37
31
25
18
9
6
16
33
50
63
71
70
62
58
64
76
86
93
97
100
90
74
69
73
73
70
70
69
69
70
67
61
55
48
48
55
67
79
87
86
74
64
61
62
63
63
68
76
76
71
73
81
79
71
65
60
54
43
38
42
48
55
51
37
30
33
36
42
49
51
47
32
11
0
1
6
11
24
42
55
58
59
58
52
51
54
56
62
73
85
91
86
74
66
61
50
42
44
50
54
51
50
51
50
48
44
38
36
40
44
45
40
34
33
31
26
25
30
30
29
28
29
33
38
47
56
63
67
65
62
51
35
21
17
24
29
32
35
34
28
21
14
5
-1
1
7
12
13
13
14
15
19
28
37
38
35
34
33
30
27
24
25
30
35
39
40
35
26
25
29
30
29
29
25
19
15
18
24
28
29
26
21
14
9
8
15
32
46
51
53
53
51
46
35
24
24
28
32
41
48
42
23
10
5
3
5
12
19
11
-5
-16
-18
-11
-5
-6
-6
-1
0
-13
-24
-25
-22
-22
-22
-21
-24
-30
-38
-45
-47
-50
-50
-43
-35
-31
-27
-19
-11
-7
-5
-3
-5
-14
-20
-15
-5
-2
-8
-12
-10
-2
13
23
26
28
27
24
23
27
28
18
3
-9
-14
-16
-18
-14
-11
-8
-7
-6
-1
6
10
8
9
11
7
3
9
23
32
35
30
21
18
16
15
30
49
47
26
4
-6
-9
-4
6
4
-5
-7
-6
-12
-17
-24
-35
-33
-19
-11
-10
-9
-10
-11
-10
-11
-16
-16
-11
-7
-3
1
4
11
18
23
26
28
29
26
26
27
26
24
20
22
30
38
39
39
35
27
24
25
34
47
50
42
36
40
45
38
26
17
10
8
12
18
20
21
22
15
11
9
2
-6
-5
11
26
29
20
4
-7
-8
3
9
0
-11
-13
-10
-11
-10
-5
1
2
-1
-6
-8
-11
-19
-25
-24
-23
-25
-29
-31
-32
-27
-20
-20
-22
-22
-24
-29
-34
-36
-35
-27
-15
-10
-12
-12
-10
-9
-9
-11
-13
-11
-3
5
6
0
-8
-13
-17
-12
-6
-10
-23
-38
-44
-45
-50
-61
-69
-71
-67
-56
-55
-67
-79
-84
-88
-90
-82
-68
-57
-60
-70
-70
-60
-49
-46
-49
-50
-48
-40
-29
-22
-20
-23
-25
-29
-35
-31
-19
-14
-18
-23
-28
-35
-41
-45
-58
-75
-84
-81
-71
-63
-62
-59
-55
-55
-61
-73
-88
-99
-100
-87
-69
-59
-61
-65
-70
-70
-64
-60
-60
-68
-69
-56
-41
-33
-29
-23
-21
-32
-43
-46
-44
-35
-22
-14
-13
-17
-17
-12
-8
-4
1
7
11
13
15
8
-9
-22
-29
-33
-28
-19
-14
-7
2
8
8
4
1
-5
-12
-20
-29
-29
-27
-27
-19
-10
-6
-3
5
15
19
18
16
16
17
15
3
-11
-17
-11
3
18
29
28
18
4
-11
-21
-25
-21
-14
-14
-18
-19
-14
-9
-12
-24
-37
-47
-42
-28
-16
-14
-19
-20
-18
-15
-14
-10
-2
6
11
7
5
10
19
24
23
14
-3
-18
-17
-5
6
16
20
21
23
20
11
1
5
18
27
28
31
34
24
13
21
34
29
21
28
39
45
47
48
41
34
38
42
54
65
67
63
57
51
47
48
47
44
44
40
30
28
39
49
52
55
50
39
30
27
36
48
60
73
75
73
70
63
61
67
83
96
100
100
90
76
67
70
81
91
94
94
100
108
106
99
95
95
94
92
96
103
98
85
77
76
80
87
95
98
91
76
62
56
52
50
56
68
81
86
82
80
83
85
84
81
70
52
45
45
41
37
39
44
42
34
26
21
23
24
17
8
4
0
-6
-11
-18
-29
-35
-25
-6
7
3
-13
-24
-28
-24
-16
-14
-21
-23
-21
-20
-15
-2
8
13
16
19
24
32
36
36
34
27
19
16
16
24
29
26
20
18
22
22
23
30
32
27
24
21
14
6
3
3
-3
-10
-6
2
9
12
12
3
-10
-18
-17
-4
17
26
19
10
0
-7
-10
-11
-14
-18
-11
2
10
12
11
3
-7
-9
-2
0
-7
-19
-26
-29
-27
-25
-32
-33
-33
-35
-37
-37
-33
-34
-40
-43
-45
-45
-39
-33
-33
-39
-38
-31
-28
-27
-24
-20
-16
-12
-10
-13
-22
-31
-34
-29
-19
-14
-13
-19
-29
-34
-31
-22
-14
-8
-5
-5
-2
-1
-8
-19
-24
-20
-12
-6
4
5
-8
-24
-39
-52
-57
-49
-37
-29
-24
-25
-29
-30
-25
-20
-22
-32
-39
-37
-36
-38
-45
-50
-48
-44
-40
-38
-41
-43
-44
-40
-35
-29
-23
-21
-20
-17
-19
-27
-30
-20
-4
3
4
0
-9
-20
-25
-29
-32
-30
-28
-26
-24
-22
-18
-12
-11
-12
-7
-6
-11
-11
-2
1
-7
-14
-15
-9
2
15
25
28
26
22
13
6
5
3
1
1
0
1
3
4
8
18
26
27
22
19
14
3
-12
-21
-17
-5
2
9
21
19
10
10
10
2
-5
-3
0
-1
2
3
1
-1
-3
-2
1
-1
-9
-11
-9
-9
-8
-7
-7
-4
5
14
19
20
29
43
49
43
31
24
24
29
30
26
26
29
33
33
28
21
16
13
14
17
18
16
11
5
0
0
6
14
22
21
17
17
17
16
14
11
5
0
8
14
8
-6
-12
-10
-14
-18
-16
-12
-15
-20
-14
-5
-2
-2
-5
-10
-12
-9
-4
-5
-11
-9
0
6
9
12
11
6
8
12
11
16
21
15
9
21
41
57
60
53
46
38
33
35
41
46
46
43
41
41
37
33
31
33
39
43
44
44
43
46
46
45
52
63
71
78
81
76
72
70
65
59
60
69
74
77
78
70
58
47
40
34
28
27
27
26
21
18
22
26
23
13
3
0
2
6
13
20
22
17
8
1
-2
-4
-5
-2
5
11
6
-4
-10
-13
-16
-22
-21
-15
-15
-19
-24
-26
-30
-36
-34
-33
-31
-30
-31
-30
-33
-38
-37
-29
-23
-22
-23
-26
-31
-43
-60
-65
-57
-47
-32
-18
-18
-30
-38
-35
-34
-38
-36
-27
-23
-27
-29
-28
-28
-25
-28
-36
-39
-39
-39
-35
-31
-35
-43
-43
-35
-28
-21
-15
-13
-9
-1
9
15
14
16
18
14
8
6
11
15
15
12
15
21
16
8
1
-2
-1
4
6
5
3
2
-2
-6
-8
-7
-5
-6
-9
-11
-11
-12
-13
-11
-1
7
6
-4
-11
-8
-3
1
2
3
8
11
7
0
-2
-2
2
15
32
41
40
29
14
3
2
9
18
17
7
-3
-8
-6
-5
1
16
26
26
20
14
7
6
9
10
14
17
13
5
-4
-7
-8
-7
-4
1
5
2
-8
-24
-38
-51
-66
-71
-66
-60
-56
-46
-31
-27
-31
-32
-30
-25
-22
-20
-26
-31
-27
-22
-20
-24
-30
-35
-36
-30
-23
-21
-24
-34
-44
-42
-33
-19
-9
-5
3
9
9
1
-1
4
8
10
8
10
12
10
6
-2
-5
-4
2
17
36
48
43
33
28
18
10
11
9
-5
-14
-9
5
15
20
22
19
16
22
33
33
27
24
23
28
36
37
34
34
32
27
21
18
16
12
13
13
9
13
23
30
25
14
9
4
0
3
9
17
19
18
15
14
14
13
8
-1
-8
-10
-9
-5
-1
0
6
10
6
1
2
5
7
12
14
11
4
-4
-8
-12
-17
-19
-23
-21
-13
-9
-7
0
15
25
25
20
12
2
-7
-13
-18
-13
2
12
13
12
14
15
14
15
11
2
-8
-18
-23
-19
-13
-15
-21
-22
-19
-9
-1
2
6
13
21
21
18
16
11
6
1
2
13
22
30
38
44
49
51
52
43
32
32
38
42
46
58
66
65
59
55
52
49
52
55
53
47
40
36
41
48
45
39
44
57
67
69
64
52
42
40
44
49
53
58
62
64
65
66
67
68
71
79
90
93
89
76
64
57
52
49
52
63
68
67
68
65
63
61
58
54
53
60
62
54
48
44
38
32
29
33
41
45
37
29
29
33
38
41
42
41
38
29
20
13
10
8
9
12
13
13
12
16
16
11
7
2
-5
-13
-14
-16
-17
-10
-3
-3
-1
0
-4
-13
-23
-30
-32
-33
-37
-37
-32
-30
-28
-20
-18
-23
-27
-28
-26
-19
-10
-6
-8
-16
-30
-41
-45
-48
-50
-51
-45
-31
-16
-8
-6
-11
-22
-28
-30
-34
-34
-28
-27
-37
-50
-53
-52
-58
-65
-59
-46
-39
-31
-24
-27
-36
-45
-46
-47
-44
-28
-13
-7
-16
-32
-41
-36
-25
-22
-22
-14
-5
-10
-20
-19
-13
-15
-22
-30
-32
-26
-18
-6
1
-6
-20
-27
-30
-38
-44
-41
-34
-24
-16
-13
-17
-21
-23
-25
-22
-20
-19
-15
-19
-24
-23
-24
-26
-19
-9
-8
-8
-5
-4
-11
-24
-33
-38
-34
-26
-22
-21
-29
-40
-46
-46
-45
-40
-36
-34
-28
-20
-19
-22
-26
-30
-30
-29
-25
-19
-7
2
2
-3
-11
-15
-22
-30
-30
-25
-16
-13
-17
-19
-21
-22
-16
-7
-7
-17
-21
-15
-10
-13
-16
-23
-38
-43
-36
-30
-23
-24
-33
-44
-51
-49
-43
-36
-29
-23
-21
-24
-29
-32
-35
-36
-31
-21
-19
-28
-37
-40
-46
-58
-59
-51
-46
-42
-37
-30
-31
-36
-39
-40
-40
-40
-38
-37
-38
-34
-30
-31
-30
-25
-21
-17
-14
-15
-19
-22
-22
-20
-14
-18
-27
-30
-33
-35
-30
-23
-21
-25
-32
-38
-42
-42
-35
-31
-32
-36
-40
-40
-41
-50
-57
-58
-56
-51
-40
-32
-31
-37
-43
-35
-26
-28
-31
-33
-34
-35
-33
-28
-26
-24
-24
-29
-35
-39
-37
-31
-31
-33
-35
-33
-39
-48
-51
-52
-51
-51
-52
-50
-46
-42
-48
-61
-66
-61
-56
-56
-60
-65
-68
-67
-69
-71
-74
-71
-63
-58
-60
-65
-64
-62
-61
-53
-51
-53
-53
-53
-53
-50
-44
-42
-45
-55
-67
-73
-73
-71
-74
-75
-75
-80
-90
-92
-88
-89
-85
-75
-71
-79
-89
-93
-97
-100
-102
-100
-97
-97
-97
-94
-86
-76
-72
-78
-88
-97
-100
-96
-88
-78
-75
-80
-86
-89
-89
-93
-95
-86
-77
-75
-77
-79
-82
-90
-94
-90
-85
-81
-78
-77
-82
-83
-78
-72
-69
-66
-61
-50
-45
-49
-48
-47
-51
-55
-53
-45
-40
-39
-37
-28
-17
-12
-7
-3
-2
2
3
1
3
5
-2
-14
-25
-29
-26
-21
-11
-6
-10
-9
-7
-11
-24
-38
-42
-37
-29
-26
-28
-31
-32
-31
-34
-36
-28
-17
-8
-4
-4
-9
-13
-16
-15
-4
12
15
3
-12
-17
-16
-13
-7
-7
-11
-12
-11
-12
-17
-18
-18
-22
-28
-30
-26
-22
-24
-33
-39
-37
-35
-35
-34
-31
-26
-15
-3
-1
-1
0
-9
-18
-15
-2
12
16
14
11
14
20
27
31
27
17
7
6
13
20
23
25
25
23
16
16
21
21
19
22
26
22
21
32
46
52
51
53
58
54
44
43
53
66
72
70
65
60
58
65
79
85
81
75
70
67
65
68
81
95
101
98
91
86
90
97
96
89
81
75
76
83
88
87
92
99
104
110
117
117
104
88
81
82
85
92
96
90
81
71
63
62
67
71
73
77
81
76
65
56
57
62
65
70
77
79
76
68
61
60
60
54
44
40
44
48
47
46
47
46
43
36
32
35
38
39
43
49
48
43
37
38
36
34
43
52
54
46
29
26
35
36
27
27
34
38
46
51
42
24
9
12
20
28
40
42
36
38
44
39
33
30
25
27
30
32
35
34
25
12
2
0
12
26
31
35
40
38
32
27
26
22
20
24
19
17
24
21
11
10
18
23
27
32
41
53
59
52
34
22
20
24
34
43
43
37
30
22
19
20
17
16
21
28
33
33
26
17
17
26
38
48
52
50
35
24
27
32
35
41
47
50
49
42
24
2
-6
4
19
23
23
25
24
21
18
15
12
11
12
12
12
12
6
0
-1
2
1
4
11
11
8
5
3
-1
-4
-3
2
0
-7
-11
-12
-16
-17
-15
-19
-26
-28
-24
-16
-5
0
2
5
4
-2
-9
-8
-8
-11
-5
4
6
9
12
15
19
19
11
4
3
6
10
15
16
12
7
3
1
1
-2
-1
2
1
4
14
21
17
8
-1
-4
3
16
27
34
35
34
34
32
27
24
27
31
33
38
48
57
66
71
65
56
49
48
54
57
57
56
56
62
72
76
78
84
84
78
72
67
59
52
52
56
55
49
47
53
56
55
51
43
40
41
46
50
52
55
56
48
33
27
33
35
35
43
51
49
38
29
26
27
29
27
25
27
30
27
19
8
-4
-4
5
16
23
21
12
0
-13
-17
-7
4
6
2
0
-2
-9
-19
-25
-25
-26
-29
-34
-39
-41
-42
-41
-37
-32
-37
-45
-47
-50
-52
-44
-35
-34
-39
-46
-50
-52
-55
-55
-48
-42
-43
-43
-37
-39
-52
-62
-61
-53
-47
-39
-35
-44
-60
-67
-69
-71
-70
-66
-64
-61
-63
-71
-73
-70
-71
-70
-61
-50
-46
-48
-51
-49
-45
-44
-43
-34
-25
-23
-25
-28
-28
-27
-24
-19
-17
-10
2
7
3
2
5
2
-2
4
13
18
25
36
37
29
26
27
25
25
29
29
24
21
24
26
28
26
27
32
44
52
52
50
49
45
40
41
51
61
60
55
54
51
48
50
58
61
58
52
40
30
27
27
36
41
36
29
21
21
29
37
37
31
27
27
26
22
20
24
26
19
14
20
29
29
28
32
31
29
30
34
37
36
29
18
16
23
27
26
25
27
29
33
34
25
17
20
24
16
5
4
9
5
-8
-14
-15
-20
-26
-28
-26
-27
-27
-21
-21
-32
-40
-36
-29
-26
-25
-23
-24
-31
-37
-41
-49
-53
-53
-50
-48
-49
-53
-52
-47
-45
-48
-51
-50
-53
-58
-57
-51
-45
-44
-42
-40
-42
-43
-39
-32
-29
-35
-41
-43
-42
-43
-46
-45
-40
-39
-37
-34
-36
-45
-44
-36
-33
-34
-34
-33
-37
-40
-30
-24
-25
-27
-27
-23
-18
-14
-14
-22
-31
-37
-40
-38
-32
-31
-33
-38
-42
-40
-36
-34
-35
-36
-35
-25
-17
-18
-22
-23
-26
-29
-26
-19
-16
-16
-17
-19
-24
-27
-31
-43
-51
-47
-39
-36
-37
-37
-35
-33
-34
-40
-46
-51
-56
-56
-52
-45
-29
-16
-22
-38
-45
-46
-49
-49
-46
-46
-43
-37
-34
-30
-27
-30
-39
-45
-36
-24
-18
-15
-13
-14
-24
-41
-55
-62
-67
-70
-69
-62
-57
-57
-62
-68
-72
-75
-73
-66
-62
-62
-65
-73
-81
-82
-69
-51
-41
-39
-44
-54
-62
-64
-57
-55
-51
-37
-20
-10
-7
-16
-39
-60
-70
-70
-59
-37
-16
-7
-9
-14
-24
-32
-28
-18
-11
-7
1
13
18
15
8
3
4
6
11
19
23
27
35
39
39
39
38
38
41
43
41
44
52
59
64
69
74
74
68
58
52
50
46
51
62
67
66
68
73
71
71
76
77
72
65
56
48
45
47
53
62
73
82
80
74
68
61
57
62
65
63
68
79
83
82
84
80
69
65
66
67
71
75
75
78
84
88
90
92
93
87
74
66
71
77
76
71
70
81
97
100
92
87
81
69
58
60
68
64
63
71
73
64
53
47
43
35
31
29
23
16
11
9
7
6
8
6
1
0
2
0
-7
-7
-7
-10
-10
-4
0
1
0
-7
-11
-9
-5
2
8
11
10
7
5
7
12
15
19
21
23
20
8
-6
-13
-11
-6
-7
-10
-12
-13
-15
-20
-22
-25
-26
-19
-5
5
6
7
3
-9
-16
-10
-1
1
-1
2
5
2
1
5
14
24
24
16
3
-6
-6
4
16
16
11
10
6
4
8
6
-2
-7
-7
-4
-2
-5
-9
-11
-21
-32
-36
-34
-32
-29
-22
-19
-22
-30
-31
-26
-23
-26
-29
-28
-27
-22
-14
-16
-25
-25
-26
-27
-20
-11
-8
-6
-6
-14
-24
-28
-25
-20
-13
-5
-2
-4
-5
-10
-19
-30
-38
-35
-27
-24
-28
-31
-36
-45
-53
-59
-64
-64
-66
-71
-72
-72
-75
-78
-82
-86
-88
-83
-78
-75
-70
-68
-68
-72
-73
-73
-71
-68
-66
-59
-51
-51
-62
-70
-66
-60
-55
-53
-48
-49
-47
-34
-26
-26
-35
-43
-44
-40
-31
-26
-27
-27
-24
-24
-23
-16
-3
5
10
11
4
-3
-4
6
17
23
23
21
22
28
33
33
28
24
22
22
22
18
16
18
21
20
13
11
19
27
30
27
25
23
24
30
35
40
42
44
50
55
52
45
47
55
64
73
77
77
74
74
78
81
85
82
75
70
69
72
74
75
72
67
66
67
69
74
75
73
74
77
78
79
76
68
66
69
70
71
70
64
57
50
43
38
41
42
38
35
30
18
6
2
7
13
19
29
38
41
34
23
13
6
3
5
8
7
2
-5
-12
-15
-21
-31
-35
-30
-26
-31
-38
-37
-34
-37
-46
-54
-57
-60
-61
-58
-53
-50
-52
-60
-68
-72
-78
-86
-89
-84
-81
-79
-73
-71
-75
-81
-89
-93
-87
-76
-70
-67
-66
-64
-66
-75
-75
-67
-59
-60
-68
-73
-74
-72
-70
-66
-59
-58
-63
-67
-63
-54
-44
-38
-45
-56
-59
-60
-61
-55
-52
-52
-45
-31
-23
-31
-41
-44
-45
-38
-27
-21
-21
-27
-40
-47
-40
-25
-17
-19
-21
-21
-25
-29
-28
-28
-30
-32
-32
-31
-29
-28
-31
-36
-40
-38
-31
-28
-33
-40
-49
-58
-58
-56
-61
-73
-72
-58
-49
-49
-50
-52
-60
-65
-58
-50
-53
-64
-71
-74
-73
-69
-74
-80
-77
-67
-61
-61
-63
-70
-75
-74
-72
-72
-67
-57
-51
-50
-48
-42
-42
-49
-54
-56
-58
-60
-58
-61
-68
-66
-56
-48
-44
-42
-43
-48
-50
-52
-55
-50
-33
-17
-12
-12
-13
-15
-18
-22
-22
-17
-10
0
9
16
15
12
7
1
-3
-4
-2
-2
-2
-6
-16
-20
-17
-9
3
12
9
5
5
6
6
5
-1
-10
-13
-10
-4
4
9
19
30
32
33
37
32
25
20
17
15
15
17
21
28
31
31
28
20
13
9
5
4
9
17
21
20
20
19
20
29
39
48
55
58
57
53
50
53
61
63
63
66
70
71
64
57
60
66
64
61
68
71
66
61
62
71
75
79
80
73
69
74
79
71
68
80
90
93
90
90
89
83
72
64
67
72
70
76
89
94
91
89
94
100
106
109
104
96
94
95
92
83
74
69
69
72
74
74
74
77
76
74
72
68
60
52
47
45
42
39
43
48
45
42
47
47
35
33
43
48
46
46
55
62
57
48
46
47
45
43
44
49
58
64
65
65
61
53
48
45
42
41
48
63
74
80
77
68
59
54
55
59
64
66
68
74
73
63
52
48
54
61
67
69
67
66
66
62
58
64
71
67
63
63
61
59
61
65
62
63
71
80
82
79
77
72
69
75
83
85
79
72
68
65
64
64
67
68
73
80
80
80
78
76
76
78
78
74
74
73
69
66
61
57
55
59
62
61
65
71
69
62
55
49
50
56
60
58
53
50
46
38
27
21
27
32
34
35
31
20
10
7
1
-2
-4
-13
-21
-29
-33
-26
-22
-23
-27
-30
-37
-45
-46
-39
-33
-35
-41
-43
-40
-37
-36
-36
-39
-40
-39
-41
-40
-37
-31
-26
-27
-30
-31
-27
-22
-15
-13
-20
-24
-21
-14
-6
-5
-8
-11
-19
-21
-19
-17
-16
-15
-11
-5
-2
-5
-13
-18
-15
-4
5
5
-4
-14
-18
-17
-12
-6
0
11
25
28
13
-4
-11
-14
-19
-17
-8
6
21
30
31
24
14
5
4
11
17
18
22
29
32
35
41
47
46
37
26
19
22
28
27
23
15
6
-2
-2
4
7
6
3
1
1
4
0
-10
-13
-16
-22
-17
0
14
17
14
8
2
-3
-7
-11
-15
-19
-20
-23
-24
-24
-20
-15
-12
-9
-9
-19
-33
-47
-56
-55
-49
-48
-45
-38
-38
-44
-49
-50
-49
-50
-51
-51
-45
-38
-38
-38
-42
-54
-61
-59
-53
-49
-47
-41
-34
-31
-28
-26
-29
-33
-30
-27
-34
-46
-51
-51
-55
-60
-61
-56
-48
-43
-43
-51
-53
-43
-41
-49
-54
-52
-49
-49
-48
-50
-53
-53
-51
-50
-55
-62
-67
-69
-59
-50
-47
-42
-38
-41
-50
-55
-55
-47
-37
-34
-36
-34
-26
-24
-29
-28
-21
-17
-19
-27
-31
-26
-19
-13
-10
-7
-6
-7
-3
4
12
23
34
37
34
31
32
28
25
33
44
49
46
41
34
25
19
21
30
39
41
38
35
32
27
22
17
21
32
38
36
41
49
43
27
17
18
22
26
25
26
32
34
28
23
22
24
30
38
45
41
28
20
13
9
13
19
27
32
24
10
2
1
0
-3
-3
-3
-5
-4
4
12
7
-5
-8
-11
-20
-21
-13
-10
-13
-15
-13
-10
-7
-7
-13
-16
-16
-17
-16
-18
-24
-32
-36
-33
-30
-29
-28
-22
-17
-20
-24
-24
-24
-26
-26
-20
-12
-9
-10
-7
-6
-10
-10
-11
-9
-3
4
8
8
5
1
-5
-10
-4
6
14
22
30
33
30
23
12
6
7
7
9
12
12
7
2
1
-4
-8
-6
1
5
0
1
8
6
-3
-12
-18
-21
-19
-12
-5
-1
-2
-4
-7
-16
-25
-33
-37
-33
-26
-27
-35
-42
-51
-57
-51
-38
-33
-33
-39
-50
-62
-63
-58
-60
-62
-67
-72
-79
-84
-80
-81
-85
-83
-74
-66
-63
-62
-63
-72
-84
-87
-83
-77
-74
-75
-80
-86
-86
-82
-71
-63
-72
-84
-83
-80
-80
-82
-84
-87
-85
-75
-74
-78
-76
-70
-71
-70
-64
-68
-76
-78
-79
-81
-79
-74
-68
-67
-67
-68
-70
-68
-66
-67
-68
-63
-62
-64
-66
-68
-66
-60
-51
-44
-47
-58
-66
-69
-70
-65
-56
-50
-50
-53
-52
-47
-42
-43
-48
-50
-48
-45
-45
-53
-63
-63
-59
-54
-49
-46
-45
-44
-41
-42
-50
-61
-61
-53
-42
-29
-25
-28
-32
-38
-38
-29
-18
-13
-14
-14
-14
-16
-15
-10
-9
-13
-13
-7
5
8
0
-9
-16
-24
-32
-30
-21
-17
-12
-2
-1
-14
-29
-30
-23
-17
-11
-8
-11
-20
-29
-32
-32
-27
-18
-13
-16
-18
-13
-12
-18
-25
-37
-47
-51
-48
-40
-33
-33
-37
-42
-39
-29
-20
-16
-18
-26
-33
-39
-41
-37
-29
-25
-23
-22
-22
-23
-28
-29
-27
-23
-14
-6
0
0
-1
-4
-9
-12
-9
-6
-8
-5
3
9
10
9
9
8
15
24
28
30
30
30
27
30
37
45
54
62
60
47
42
48
53
54
53
53
51
43
35
39
44
44
46
50
53
51
51
55
61
68
71
65
60
56
51
51
57
67
80
90
94
93
92
92
89
89
96
96
91
86
87
91
90
86
86
86
88
89
91
94
93
91
87
78
76
80
88
94
94
89
85
92
100
100
97
90
80
79
86
88
83
78
74
68
61
59
63
65
62
61
60
59
61
64
60
56
55
50
42
33
28
30
34
39
44
43
39
33
24
18
18
18
20
26
27
20
11
5
5
6
1
-8
-9
-10
-14
-17
-18
-16
-14
-14
-18
-18
-11
-6
-6
-13
-21
-24
-24
-26
-25
-20
-23
-30
-32
-31
-27
-27
-33
-43
-48
-41
-27
-17
-18
-30
-44
-53
-49
-38
-36
-37
-34
-35
-40
-38
-33
-28
-22
-12
-5
-3
3
6
7
7
8
7
3
0
-5
-9
-8
-5
-6
-6
-5
1
11
15
14
11
15
21
19
17
23
29
26
23
22
20
25
30
31
25
19
18
19
20
24
32
39
40
38
30
23
25
31
33
28
28
32
33
30
27
27
27
28
29
25
16
6
-2
1
11
21
26
19
10
9
7
-2
-7
-1
6
8
11
6
-8
-18
-18
-15
-14
-12
-12
-15
-20
-28
-34
-33
-30
-29
-26
-20
-21
-25
-25
-29
-34
-36
-43
-52
-52
-46
-43
-40
-30
-21
-20
-20
-19
-21
-25
-25
-20
-17
-18
-19
-21
-27
-31
-29
-26
-20
-16
-18
-20
-24
-33
-37
-28
-21
-19
-19
-15
-11
-11
-11
-12
-13
-15
-17
-14
-12
-15
-19
-20
-15
-11
-10
-4
5
2
-6
-6
-1
3
8
13
18
22
25
23
22
23
20
20
25
30
34
30
25
24
28
34
34
33
37
47
49
37
24
16
12
9
10
14
21
29
28
19
18
25
31
36
42
47
49
46
40
37
35
34
35
36
41
48
49
41
37
41
45
41
38
39
43
40
38
41
42
40
37
39
34
23
20
18
16
18
25
25
22
25
29
27
24
19
11
4
-2
-7
-10
-8
-5
-3
-6
-9
-5
1
3
1
0
-2
-10
-18
-20
-22
-27
-35
-33
-28
-28
-37
-46
-48
-50
-51
-48
-44
-42
-40
-38
-40
-45
-52
-59
-61
-58
-58
-60
-61
-58
-46
-38
-44
-51
-47
-39
-38
-41
-43
-37
-25
-20
-24
-31
-36
-35
-31
-26
-24
-22
-18
-12
-5
0
5
5
-2
-7
-2
5
9
19
23
16
9
4
5
10
9
1
-5
-1
7
10
7
5
-2
-12
-8
-1
-2
-8
-12
-13
-15
-15
-19
-18
-6
1
0
-5
-14
-21
-21
-14
-7
-5
-3
-2
-2
-8
-13
-15
-17
-15
-11
-10
-11
-10
-8
-6
-9
-18
-18
-15
-18
-26
-35
-42
-46
-44
-40
-31
-24
-28
-35
-36
-34
-35
-35
-32
-28
-22
-18
-24
-35
-39
-38
-37
-40
-39
-31
-24
-28
-34
-33
-35
-41
-45
-43
-40
-41
-37
-35
-42
-47
-46
-41
-42
-43
-40
-40
-39
-37
-37
-44
-55
-64
-67
-59
-46
-38
-38
-43
-46
-48
-47
-40
-40
-47
-50
-49
-45
-44
-51
-58
-63
-65
-62
-61
-63
-66
-71
-76
-75
-67
-62
-65
-64
-60
-62
-64
-58
-51
-48
-48
-49
-48
-45
-38
-35
-37
-39
-39
-36
-35
-40
-50
-52
-44
-38
-35
-33
-36
-41
-43
-44
-50
-57
-56
-51
-46
-41
-39
-41
-48
-55
-58
-57
-51
-46
-49
-58
-66
-70
-66
-60
-55
-49
-48
-50
-55
-60
-59
-55
-49
-45
-41
-40
-49
-56
-57
-54
-51
-52
-45
-33
-29
-35
-42
-46
-51
-53
-44
-36
-37
-38
-36
-37
-35
-32
-28
-26
-31
-31
-24
-15
-11
-11
-6
-1
2
2
-1
-3
-3
-2
2
7
10
9
8
8
13
19
23
21
16
14
16
19
23
28
31
30
25
23
24
21
16
17
24
29
35
38
34
30
27
27
28
27
23
20
23
28
27
25
28
35
41
47
50
48
48
49
50
56
57
51
46
46
44
42
50
56
54
52
56
63
67
67
57
48
45
48
52
52
53
56
57
52
50
55
59
60
62
68
73
74
75
71
65
68
78
86
87
82
78
74
73
76
78
75
74
79
81
76
70
67
63
59
59
59
59
58
54
50
49
52
55
55
54
51
48
44
44
42
35
31
27
23
27
35
35
31
30
31
29
28
29
27
27
27
26
27
19
13
13
14
15
15
13
6
2
0
-10
-16
-16
-11
-10
-18
-25
-32
-37
-41
-46
-45
-41
-36
-32
-33
-36
-35
-36
-38
-41
-46
-51
-54
-54
-53
-49
-42
-36
-40
-49
-51
-51
-52
-53
-45
-33
-31
-30
-23
-20
-25
-33
-34
-33
-31
-24
-16
-17
-25
-34
-34
-30
-28
-26
-20
-10
-6
-5
-2
-8
-18
-24
-19
-7
-2
1
2
-1
-8
-19
-27
-31
-23
-9
1
3
-2
-7
-10
-12
-10
-3
1
-2
-4
-1
3
2
-1
-2
-4
-5
-1
8
17
20
14
3
-6
-14
-16
-13
-12
-14
-17
-17
-14
-9
-16
-27
-32
-33
-29
-20
-17
-22
-23
-21
-28
-35
-32
-32
-38
-38
-31
-27
-24
-19
-20
-22
-22
-22
-24
-22
-16
-15
-15
-13
-10
-4
-2
-8
-15
-16
-10
-6
0
13
17
15
18
22
