85
67
62
93
103
82
64
69
72
65
66
72
72
62
49
51
62
62
54
57
61
55
43
40
40
29
27
30
33
45
50
44
33
25
21
15
11
3
1
7
1
-2
-5
-14
-4
0
-16
-12
1
-3
-4
1
4
3
3
8
-2
-9
6
12
6
4
3
13
15
9
26
38
36
28
16
15
14
20
28
20
18
15
10
17
17
9
6
0
-1
4
6
2
0
9
11
3
0
2
11
22
12
4
22
32
28
32
42
39
26
28
36
33
33
37
40
35
36
41
30
20
23
23
23
32
33
21
12
8
8
13
18
12
2
11
24
24
16
14
18
19
18
19
25
32
32
28
28
27
17
5
5
13
14
10
13
12
8
11
12
13
18
24
27
26
23
9
0
8
16
19
20
19
22
22
19
25
26
22
20
19
25
15
6
25
31
22
25
36
33
25
24
17
3
-9
-9
7
18
11
2
5
8
3
8
14
10
7
4
8
7
-3
-2
1
4
2
-1
10
16
14
10
11
11
5
11
21
21
22
15
8
17
16
3
5
14
9
2
11
22
25
28
29
17
5
2
9
23
32
32
27
25
29
26
20
19
25
31
28
26
22
17
14
13
23
34
39
42
44
45
41
38
39
41
45
37
26
22
15
10
22
41
48
42
44
38
29
36
37
33
47
66
64
53
46
57
68
52
43
54
56
46
46
63
62
50
51
48
39
32
28
34
36
36
36
28
23
25
28
18
2
-5
-4
6
13
13
18
23
20
14
12
7
-3
-6
0
15
21
15
12
15
20
17
13
13
11
13
19
20
18
4
-4
2
7
10
6
6
16
14
6
8
0
-22
-31
-21
-11
-12
-7
2
-2
-12
-6
1
-13
-31
-41
-45
-40
-35
-33
-36
-42
-44
-51
-57
-63
-66
-67
-72
-70
-78
-85
-75
-74
-77
-75
-71
-78
-90
-79
-60
-61
-65
-61
-64
-74
-72
-70
-79
-86
-90
-96
-94
-90
-91
-95
-101
-107
-106
-104
-116
-112
-88
-88
-97
-98
-96
-92
-98
-103
-102
-100
-99
-104
-113
-113
-103
-96
-97
-101
-101
-102
-100
-97
-105
-111
-99
-83
-82
-86
-81
-74
-74
-77
-81
-82
-81
-79
-75
-68
-63
-60
-59
-62
-64
-56
-49
-41
-32
-34
-43
-46
-51
-50
-43
-42
-45
-55
-60
-51
-51
-50
-36
-32
-40
-42
-41
-43
-48
-47
-35
-33
-47
-54
-47
-44
-41
-35
-41
-42
-37
-46
-55
-49
-40
-33
-27
-24
-28
-35
-34
-29
-23
-15
-9
-13
-19
-16
-23
-40
-37
-21
-4
1
-12
-16
-5
-2
-11
-6
9
15
12
10
7
7
1
-3
9
8
-7
-5
6
7
9
9
-10
-7
2
1
7
5
3
0
1
6
13
21
12
7
17
16
15
16
10
17
27
30
30
23
22
26
23
13
6
14
14
9
24
40
33
19
20
33
42
35
31
35
34
33
33
23
16
26
37
38
41
52
51
42
41
40
38
38
45
57
55
42
37
28
22
41
51
41
34
33
29
23
28
28
29
43
44
41
40
28
22
34
39
29
37
44
35
35
33
27
48
59
36
40
59
41
27
37
45
41
31
22
23
22
14
6
13
22
14
5
8
23
30
23
19
17
11
4
-2
-3
-11
-28
-26
-18
-17
-22
-28
-30
-37
-49
-49
-46
-43
-31
-34
-38
-29
-18
-16
-23
-27
-39
-58
-66
-55
-46
-57
-65
-60
-56
-58
-68
-73
-66
-72
-81
-77
-64
-60
-71
-69
-70
-86
-84
-77
-84
-89
-87
-80
-74
-69
-68
-63
-53
-73
-97
-65
-47
-81
-90
-69
-79
-106
-91
-46
-40
-70
-83
-67
-41
-24
-29
-47
-57
-47
-47
-54
-51
-56
-55
-46
-55
-57
-41
-38
-48
-44
-29
-38
-38
-9
-7
-25
-28
-21
-20
-20
-20
-16
-13
-16
-11
-4
-4
-5
-4
6
0
-8
10
12
5
9
16
33
41
26
19
30
32
23
26
43
53
55
59
59
50
56
66
55
48
57
61
58
59
67
67
59
68
74
63
54
57
63
73
88
86
78
83
79
63
59
57
49
46
47
53
60
61
54
52
57
62
62
64
52
39
46
51
57
51
31
27
24
23
35
50
42
27
22
18
24
32
32
32
28
31
37
33
23
11
16
25
32
36
27
18
19
20
24
20
8
-9
-20
-10
-7
-16
-14
-4
1
-11
-6
10
6
-2
-1
-6
-19
-21
-7
9
7
-2
1
3
-6
-4
9
7
-5
0
14
1
-12
-12
-25
-30
-20
-12
-14
-14
-8
-11
-22
-37
-33
-16
-32
-43
-17
1
-17
-28
-22
-24
-24
-16
-10
-12
-32
-46
-38
-27
-24
-21
-21
-29
-26
-10
-13
-25
-31
-30
-21
-16
-12
-21
-27
-20
-33
-48
-37
-15
-35
-62
-43
-28
-37
-39
-40
-56
-52
-39
-44
-45
-49
-63
-68
-58
-65
-73
-59
-52
-56
-55
-63
-66
-54
-59
-61
-55
-67
-77
-70
-75
-80
-65
-73
-86
-70
-66
-74
-71
-80
-97
-103
-99
-78
-65
-84
-99
-87
-76
-86
-89
-74
-74
-77
-70
-77
-80
-80
-88
-90
-99
-105
-76
-56
-74
-83
-78
-93
-107
-84
-70
-85
-75
-58
-63
-65
-61
-54
-50
-56
-53
-47
-56
-68
-62
-55
-61
-55
-43
-57
-83
-72
-49
-59
-80
-76
-61
-69
-81
-75
-63
-52
-59
-68
-72
-69
-54
-41
-36
-36
-36
-31
-41
-59
-66
-67
-58
-58
-71
-56
-50
-84
-82
-66
-75
-75
-59
-36
-31
-22
-19
-46
-59
-48
-37
-38
-41
-45
-40
-16
-49
-69
-30
-25
-27
-26
-14
-8
-42
-47
-33
-48
-67
-63
-38
-37
-58
-60
-64
-71
-66
-50
-35
-24
-26
-29
-8
-7
-18
-27
-45
-40
-20
-12
-20
-19
-10
-13
-4
-2
-22
-25
-20
-13
-2
-2
-9
-15
-9
-8
-25
-25
-13
-18
-33
-32
-14
-11
-9
3
-19
-35
-6
14
8
-7
-17
-26
-9
15
5
-8
-5
-8
-6
11
-1
-22
-18
-19
-13
4
6
-13
-22
-8
-23
-26
10
7
-4
23
28
6
13
32
29
17
21
29
30
25
11
12
24
27
35
47
34
29
47
34
20
45
51
38
52
55
35
37
55
46
42
57
55
55
73
81
74
75
70
70
88
95
105
124
120
103
109
122
106
91
111
116
95
92
111
127
116
100
97
118
135
118
128
150
134
120
129
132
105
93
116
127
118
119
126
120
107
100
101
101
100
111
122
110
92
80
70
68
80
85
78
78
79
80
74
56
44
41
40
36
26
30
42
51
38
24
57
51
11
29
43
24
-7
-25
9
38
29
13
13
28
23
-1
0
17
24
20
22
31
30
24
40
58
62
63
59
63
66
45
33
51
45
20
36
46
27
11
-3
10
37
38
38
50
46
46
54
48
40
46
31
8
42
81
67
44
40
51
60
50
46
47
33
30
44
51
44
41
43
54
74
73
49
45
47
23
32
58
48
52
72
76
72
68
69
60
60
74
67
59
62
73
82
64
48
57
67
70
60
61
82
100
109
78
59
93
96
83
80
73
74
69
69
73
57
45
40
48
68
66
53
42
50
72
83
72
66
75
66
70
81
65
67
74
51
35
46
60
58
62
63
41
40
56
66
79
86
73
62
60
58
61
59
51
58
66
60
63
62
46
43
38
35
48
39
19
33
43
21
39
77
62
46
70
72
43
36
51
56
41
22
29
21
7
-1
4
42
55
38
39
61
50
28
72
93
44
37
72
53
23
34
39
28
18
27
37
43
35
13
18
24
26
55
62
50
63
62
40
42
37
5
1
21
28
26
35
38
21
24
45
66
61
36
41
53
53
56
58
42
28
57
83
52
42
74
76
41
42
69
67
69
79
93
93
79
86
83
82
100
102
68
56
94
100
88
86
78
89
102
97
95
100
93
95
101
66
58
85
56
43
84
96
83
90
88
71
74
66
53
72
79
54
38
35
27
46
73
76
58
34
45
59
35
12
4
-4
4
5
-4
10
18
17
32
40
34
14
16
44
31
0
6
21
14
8
13
-4
-25
-12
-6
-21
-45
-61
-54
-57
-53
-45
-50
-44
-20
-6
-7
-20
-43
-34
-22
-33
-41
-28
-3
-10
-20
0
10
-9
-43
-50
-35
-42
-41
-30
-39
-57
-80
-62
-32
-30
-18
-7
-16
-46
-49
-1
20
0
9
23
4
7
24
3
-19
-19
-2
22
2
-6
24
15
9
33
26
-4
-26
-12
5
-19
-24
-18
-24
-19
-12
-9
-13
-7
-3
-5
-17
-51
-36
-3
-11
-28
-35
-33
-34
-31
-34
-45
-50
-67
-53
-21
-48
-46
-10
-33
-51
-56
-75
-84
-64
-31
-29
-28
-38
-52
-30
-20
-38
-52
-47
-26
-38
-53
-44
-45
-51
-79
-100
-78
-76
-104
-97
-69
-80
-90
-69
-57
-89
-117
-97
-76
-81
-84
-84
-90
-95
-90
-71
-74
-78
-65
-94
-120
-107
-94
-79
-67
-55
-83
-134
-122
-120
-141
-140
-152
-135
-105
-114
-117
-106
-114
-151
-160
-144
-156
-152
-149
-134
-118
-137
-126
-111
-120
-136
-129
-105
-121
-141
-120
-97
-95
-102
-129
-150
-119
-95
-117
-121
-112
-137
-174
-168
-143
-163
-169
-139
-113
-109
-131
-132
-111
-98
-103
-109
-107
-98
-62
-57
-116
-153
-141
-120
-120
-143
-163
-166
-151
-146
-145
-137
-146
-160
-147
-123
-114
-121
-125
-121
-131
-124
-110
-125
-143
-150
-144
-129
-108
-94
-105
-124
-128
-124
-106
-86
-101
-113
-93
-84
-101
-120
-93
-62
-81
-87
-69
-61
-68
-76
-58
-32
-43
-59
-24
2
-34
-78
-76
-55
-74
-88
-58
-63
-67
-52
-55
-34
-45
-70
-39
0
-12
-101
-112
9
-20
-177
-129
69
224
302
244
-16
-327
-409
-385
-382
-301
-215
-167
-267
-252
-9
225
453
443
323
191
156
223
165
155
126
87
-41
-199
-225
-252
-219
-159
-90
-40
-34
-76
-162
-160
-38
83
133
151
109
-24
-188
-214
-151
-132
-109
-137
-151
-80
22
92
99
126
156
152
130
135
171
134
117
115
-19
-89
-50
-83
-95
-1
77
47
-15
122
266
115
-42
-273
-465
-119
113
-155
39
695
517
121
995
1407
250
-409
-112
284
833
1463
1714
1406
775
-247
-1291
-1611
-1553
-1553
-1761
-1930
-1503
-908
-394
118
325
272
245
306
355
358
275
359
819
1336
1587
1499
1135
704
325
252
464
305
-64
-164
202
843
933
571
-324
-1574
-1923
-1732
-1327
-217
908
1696
2099
2232
2371
1829
789
334
1019
1945
1815
883
-678
-2305
-2546
-2222
-2525
-2216
-840
405
-1649
-5119
-2538
1220
-185
-1851
-2599
-3872
-3501
-556
1977
2161
1183
-876
-3234
-3012
-479
1214
1753
3255
5579
3935
-2290
-4585
-1905
-1378
-1422
1954
6227
9070
11110
12291
10848
7739
6511
6379
4326
1965
1704
1818
518
-1047
-3445
-9082
-15478
-17963
-16767
-13845
-9414
-4980
-2615
-1985
-2142
-3709
-6575
-7953
-7003
-5817
-3803
178
4249
6461
7314
7885
7972
7677
6931
6388
7783
9903
10309
9759
10387
11219
9041
4737
2460
3062
2860
-532
-3170
-2444
-1764
-2297
-1808
-727
-1062
-2496
-4004
-5505
-6494
-6567
-6221
-5527
-4429
-3993
-4848
-6036
-6432
-5837
-4745
-3609
-2492
-1386
-496
124
515
696
970
1087
699
235
266
927
1276
1127
1425
1889
2116
2418
2815
2979
2788
2608
2343
1957
1760
1608
1382
885
304
117
179
127
-136
-283
-221
-138
-16
216
561
554
-36
-604
-750
-773
-889
-941
-1019
-1189
-1171
-944
-832
-945
-1048
-1038
-1062
-1131
-894
-275
176
233
236
255
74
-88
-14
133
288
462
559
538
488
411
187
-44
16
163
126
31
-24
-136
-405
-385
-150
-472
-700
-414
-429
-551
-402
-249
-350
-578
-564
-570
-573
-409
-633
-909
-651
-445
-499
-489
-540
-566
-407
-196
103
321
238
165
320
460
449
405
329
240
333
601
653
459
714
1112
883
627
767
935
860
432
-34
-84
399
767
259
-249
-101
-86
-359
-786
-991
-397
-43
-567
-664
-174
112
61
-83
269
-300
-1450
3
1206
-862
-2936
-3123
-1825
606
2620
3243
3406
3203
1893
341
-456
-1050
-1490
-1104
-616
-1218
-1610
-771
-447
-897
-1329
-1813
-1814
-1192
-742
-583
-622
-657
22
742
783
1056
1446
1147
646
316
200
854
2050
2899
3484
3989
3725
2641
1736
1046
144
-271
119
506
431
196
10
-264
-822
-999
-681
-1053
-1586
-1474
-1609
-1829
-1421
-1163
-1507
-1426
-944
-1081
-1082
-1012
-1286
-938
-545
-299
265
703
1013
1045
740
692
932
762
114
-466
-774
-882
-911
-770
-431
-132
-58
-43
76
-20
49
376
308
423
1215
1946
2002
1804
1766
1724
1439
1296
1697
1856
1576
1473
1434
1210
1090
994
668
344
230
412
767
925
685
549
676
606
417
233
-72
-508
-956
-1131
-939
-777
-663
-265
186
242
21
-85
-185
-457
-742
-780
-654
-636
-769
-940
-992
-979
-991
-1018
-929
-802
-876
-1061
-1244
-1424
-1583
-1686
-1926
-2395
-2724
-2708
-2657
-2805
-2834
-2635
-2457
-2391
-2576
-2725
-2419
-1922
-1604
-1574
-1584
-1461
-1264
-894
-599
-270
361
789
1004
1293
1552
1745
2028
2406
2517
2329
2083
1862
1793
1768
1735
1775
1712
1621
1657
1665
1565
1358
1177
1163
1282
1335
1241
1155
1017
903
911
923
984
1027
1020
1004
949
903
861
749
454
255
316
338
445
638
579
532
601
470
270
161
68
-70
-72
105
280
588
800
609
314
-53
-488
-660
-712
-802
-759
-591
-455
-891
-1177
-708
-803
-1094
-889
-531
-148
-42
-177
-697
-1315
-1663
-1751
-1453
-1131
-664
36
326
265
262
134
-287
-175
350
228
-170
-489
-584
-387
-339
-332
-164
153
536
768
505
21
-174
-336
-363
-188
-314
-905
-1402
-1420
-1158
-694
-488
-658
-650
-592
-626
-457
-377
-943
-1264
-408
73
-521
-386
758
785
-662
-972
322
1021
764
728
914
801
585
406
275
42
-317
-403
-337
-281
-39
116
-47
-333
-628
-825
-655
-355
-317
-107
268
119
-398
-548
-316
-310
-333
346
1020
818
784
1324
1282
289
-110
885
1563
1317
1038
1005
665
-80
-232
51
110
21
12
192
154
22
-10
-83
-304
-366
-52
43
105
157
-185
-346
-30
216
190
-63
-415
-537
-561
-381
-41
39
-85
-367
-776
-1113
-1175
-1048
-1035
-1065
-857
-531
-501
-898
-1668
-2097
-1476
-1117
-1250
-623
-227
-408
-386
-458
-689
-627
-61
93
-125
208
702
1009
931
668
391
280
622
610
254
176
453
666
421
202
184
193
198
389
791
1143
1398
1403
1227
1032
780
552
592
832
922
962
1059
1127
1153
1027
751
606
728
735
511
474
683
740
505
406
551
529
279
20
-115
-145
-226
-293
-232
-191
-126
33
-13
-310
-482
-411
-240
-174
-250
-172
134
436
435
215
255
490
416
138
95
-4
-250
-247
-155
-248
-551
-766
-675
-609
-611
-428
-157
40
159
207
142
-7
-233
-458
-591
-618
-424
-120
246
670
770
497
329
463
802
1182
1242
957
672
409
86
-151
-332
-436
-236
65
87
-37
21
137
54
-5
218
399
275
126
153
205
200
154
-13
-115
177
586
777
909
834
539
374
237
97
70
85
151
119
-130
-209
62
235
119
13
111
315
418
203
-211
-346
-371
-663
-941
-879
-544
-366
-453
-512
-334
100
392
350
347
382
314
368
332
125
-13
55
221
254
404
488
308
204
378
596
459
91
-209
-420
-350
50
324
356
469
758
809
510
296
212
127
112
138
170
154
12
-250
-584
-798
-851
-793
-619
-434
-336
-442
-745
-869
-657
-467
-361
-256
-283
-554
-971
-1080
-840
-646
-487
-101
257
137
-147
-204
-304
-564
-549
-260
94
490
558
256
-10
-9
129
207
313
467
550
499
322
182
189
333
544
646
704
872
1052
1127
1128
1120
1033
951
952
913
845
612
200
29
271
514
478
450
478
392
321
176
-37
-226
-609
-821
-691
-697
-796
-691
-449
-355
-416
-351
-86
107
-155
-403
-3
251
36
25
-76
-454
-617
-540
-315
21
136
-63
-192
-60
-98
-534
-1014
-1264
-1154
-999
-1213
-1437
-1263
-1072
-1274
-1433
-1207
-917
-575
-170
-36
-111
-143
-188
-285
-273
-77
93
181
418
671
714
601
608
799
661
600
779
554
488
662
932
1281
1190
845
479
276
88
-174
-259
-405
-315
-18
-59
39
350
271
140
352
439
324
476
583
343
359
533
407
432
786
834
585
577
524
240
262
545
479
257
-23
-575
-746
-407
-158
-54
-55
-339
-680
-885
-1088
-916
-365
-139
-166
3
125
-310
-1049
-1454
-1361
-1233
-1069
-460
-250
-225
206
427
309
-13
-440
-1008
-1215
-1102
-825
-246
160
137
-278
-809
-913
-689
-714
-509
-268
18
207
-139
55
209
-425
-1175
-1318
-847
-337
-96
-58
-211
-671
-694
-345
-61
91
54
110
-96
-366
-291
-50
248
461
714
731
359
78
49
177
285
283
205
460
731
589
623
781
793
614
465
484
339
358
685
721
705
573
101
-154
-409
-406
-430
-361
752
1596
1638
1581
1383
512
-564
-698
-561
-605
-486
-357
-473
-801
-942
-823
-393
123
409
599
542
147
-366
-679
-525
-141
239
567
632
426
74
-227
-608
-968
-716
-433
-309
221
766
950
754
443
-131
-879
-993
-970
-1009
-555
-572
-838
-820
-995
-1019
-1111
-996
-615
-211
-69
-276
-208
-230
-363
-662
-693
-586
-724
-410
-56
168
93
-45
26
55
250
274
334
530
60
-418
69
347
33
79
455
366
-384
-774
-516
-24
404
838
1413
1553
1152
526
-42
-328
-245
23
270
550
596
475
56
-563
-722
-688
-715
-396
289
578
303
239
364
92
-56
145
129
10
-75
-89
23
180
254
178
240
520
639
430
99
-196
-285
-230
-176
-101
-157
-368
-823
-1005
-747
-797
-653
-352
-581
-851
-919
-1006
-961
-777
-730
-666
-617
-617
-541
-377
-289
-406
-320
-253
-347
-175
133
330
506
737
787
665
690
717
436
368
747
777
416
341
374
143
14
89
137
262
451
444
349
371
24
-515
-436
-220
-47
95
-69
-97
-106
-241
-598
-1048
-630
78
46
88
568
802
246
-307
99
418
156
288
819
982
989
1244
1203
653
485
860
985
804
799
623
-205
-743
-638
-544
-475
-166
340
626
566
310
-72
-394
-440
-278
-156
45
470
827
808
408
-21
20
670
1341
1366
1052
1111
1097
568
221
271
232
153
354
474
286
88
-96
-532
-1059
-1338
-1453
-1286
-1026
-1059
-1141
-1213
-1574
-2110
-2226
-1901
-1717
-1440
-818
-435
-390
-482
-672
-821
-758
-533
-258
-24
-121
-164
-25
-206
-419
-296
-122
-71
69
188
200
344
506
438
228
178
199
107
173
371
359
184
200
404
372
187
214
219
124
285
473
417
394
597
788
622
444
472
390
251
348
679
775
507
380
472
277
-139
-233
-17
158
272
493
654
568
464
452
445
615
822
584
163
167
311
116
-64
1
70
32
-135
-320
-415
-418
-425
-395
-83
359
434
164
28
84
126
114
134
266
464
536
402
192
-31
-125
5
187
280
319
260
72
-65
-325
-708
-682
-409
-268
-122
75
-13
-470
-771
-812
-944
-1096
-887
-535
-309
-34
135
70
-158
-256
-68
-4
-100
46
153
-51
-207
-198
-50
139
411
742
863
962
985
688
443
470
613
728
752
711
509
215
-38
-259
-295
-139
109
391
534
355
-109
-398
-435
-442
-370
-380
-256
76
54
-302
-682
-899
-872
-591
-121
319
710
825
529
339
234
37
134
409
618
836
971
901
715
594
462
258
252
553
824
827
599
326
217
83
-215
-433
-380
-84
178
351
480
346
132
81
45
-33
-184
-321
-288
-39
178
-21
-254
-270
-536
-845
-827
-761
-672
-481
-448
-697
-1089
-1408
-1595
-1655
-1529
-1261
-915
-685
-596
-554
-604
-614
-584
-481
-196
-56
-112
87
390
356
56
-267
-257
132
452
518
607
855
957
838
697
491
306
366
517
659
678
485
420
367
161
-15
-147
-244
-326
-291
-77
134
187
150
-152
-586
-534
-307
-287
-64
294
401
359
245
77
-83
-30
117
44
196
520
580
533
555
566
378
173
150
137
113
225
334
411
567
667
660
612
633
682
710
746
649
619
699
483
149
7
-71
-191
-508
-703
-550
-558
-429
-104
-223
-414
-328
-278
-409
-755
-983
-838
-750
-766
-701
-434
28
311
383
238
39
9
-48
-190
-102
395
667
405
157
254
286
69
160
392
410
345
113
-255
-590
-889
-1084
-1172
-1234
-1165
-1030
-1002
-1112
-1142
-1129
-1347
-1494
-1347
-1059
-874
-836
-775
-689
-483
-142
148
198
95
41
-8
89
470
853
934
911
886
744
746
830
896
1132
1229
1131
1067
846
340
-195
-373
-353
-255
-32
43
20
-196
-637
-933
-944
-647
-311
-218
-252
-126
22
-95
-47
239
258
149
187
135
35
112
66
-191
-123
298
518
475
436
373
175
-51
-159
-41
112
7
-336
-638
-741
-894
-1026
-814
-446
-413
-564
-412
-164
-30
-33
-182
-264
-249
-144
-40
-11
54
107
248
493
605
624
548
176
-175
-165
-7
321
645
752
747
483
57
-290
-387
-192
51
204
173
124
67
-372
-876
-988
-809
-553
-283
-88
-193
-439
-654
-870
-941
-651
-221
49
192
95
-92
-155
-145
-157
-190
-187
-146
13
174
239
306
481
544
395
435
610
536
412
499
552
632
868
844
395
0
-61
-73
-114
34
201
191
267
323
145
-41
-193
-350
-329
-36
227
168
39
106
173
203
392
555
595
557
419
262
74
14
143
58
-249
-370
-441
-612
-600
-448
-241
-10
61
-16
-149
-237
-525
-905
-908
-819
-881
-826
-626
-502
-549
-658
-567
-388
-207
116
353
335
163
4
-195
-468
-519
-193
257
596
870
1096
1079
797
575
494
422
563
784
656
480
603
704
617
659
805
820
813
839
772
641
476
187
-4
80
176
89
-60
-170
-370
-525
-505
-625
-888
-908
-683
-482
-290
-73
-19
-266
-648
-790
-658
-418
-159
57
185
89
-30
57
180
104
-39
11
23
-69
-110
-159
-251
-198
92
312
372
399
291
-66
-515
-810
-917
-909
-703
-483
-381
-226
-123
-42
77
142
207
365
451
319
293
366
345
399
332
180
327
604
820
884
731
492
350
413
431
252
272
450
275
6
96
286
245
208
462
646
457
358
491
439
354
449
483
375
225
128
65
-55
-234
-362
-369
-364
-432
-395
-308
-394
-513
-592
-697
-803
-823
-812
-886
-872
-661
-393
-119
104
157
86
40
126
195
196
243
257
201
89
-1
54
168
197
203
289
503
744
967
1106
598
-281
-648
-774
-921
-655
-30
367
315
-12
-372
-539
-633
-733
-515
-11
248
192
132
28
-71
27
204
331
478
661
690
515
257
95
52
-131
-205
137
490
535
342
159
178
165
0
-176
-301
-394
-343
-5
260
275
129
-312
-916
-1274
-1292
-1145
-796
-428
-215
-71
-65
-213
-388
-580
-823
-738
-343
40
397
507
505
511
330
209
323
378
347
471
558
469
440
491
388
209
154
183
250
402
684
855
597
113
-200
-315
-323
-194
-39
44
72
-81
-336
-507
-565
-480
-404
-294
-144
-121
-136
-147
-81
43
-8
71
602
860
732
811
821
597
414
459
646
749
891
916
621
394
326
352
315
114
107
-71
-442
-410
-396
-536
-541
-547
-643
-838
-954
-824
-671
-575
-413
-269
-164
-169
-229
-280
-552
-813
-760
-540
-285
15
265
311
258
166
135
193
108
86
232
191
32
17
-18
-293
-568
-547
-422
-366
-301
-204
-76
-35
-96
-136
-200
-176
-65
-106
-156
0
232
354
316
354
496
472
465
458
297
151
78
53
78
215
414
613
662
495
418
469
390
207
174
216
260
393
433
315
-82
-582
-731
-535
-286
-153
187
442
188
-109
-285
-441
-376
-133
49
227
209
-84
-316
-433
-457
-341
-44
188
183
69
-199
-546
-800
-878
-771
-529
-131
160
73
-81
-248
-462
-488
-257
108
229
189
135
19
-40
-111
-155
-143
-13
250
390
460
493
399
363
419
461
499
397
100
-18
139
222
130
54
-105
-334
-277
-175
-288
-407
-381
-315
-406
-445
-447
-567
-624
-597
-493
-357
-287
-320
-284
-177
-213
33
584
763
646
559
282
-121
-126
105
95
101
294
446
605
708
638
562
453
373
457
426
205
-54
-209
-127
146
559
815
809
809
676
377
151
-14
-27
237
510
601
661
697
499
198
148
258
283
230
196
274
283
148
113
72
-118
-304
-357
-348
-355
-439
-556
-640
-813
-905
-873
-774
-622
-459
-307
-392
-400
-228
-217
-246
-195
-115
-67
97
327
257
-126
-381
-275
-243
-232
-26
-80
-341
-403
-337
-316
-369
-404
-329
-177
-71
-89
-38
177
377
424
381
439
486
444
347
105
-26
94
223
362
617
742
599
403
397
501
556
721
793
675
667
757
795
601
298
96
-54
-105
-224
-518
-606
-560
-581
-522
-349
-154
-213
-478
-567
-509
-428
-249
-8
102
-88
-366
-586
-762
-703
-418
-26
264
395
491
375
48
-127
-14
51
27
198
437
529
499
514
468
282
253
337
339
378
487
371
183
231
262
192
124
18
-98
-100
-77
-157
-212
-259
-221
-57
-22
79
385
601
453
82
-68
-103
-236
-385
-402
-293
-205
-223
-258
-162
-144
-206
-334
-570
-728
-807
-897
-1125
-1303
-1267
-1161
-902
-544
-397
-480
-549
-529
-379
-42
177
113
34
91
106
-19
-95
-3
97
61
27
27
-89
-285
-431
-464
-334
-159
-104
-94
-111
-299
-562
-636
-666
-711
-584
-392
-139
122
252
281
214
176
182
287
629
890
943
1065
1138
975
750
730
951
1106
1115
978
674
512
485
363
219
154
139
99
-1
-173
-410
-648
-796
-756
-525
-412
-486
-334
-156
-342
-512
-373
-292
-409
-351
-91
46
-42
-201
-288
-271
-218
-123
8
-6
-17
153
120
-254
-541
-628
-748
-951
-1041
-912
-866
-1038
-1061
-879
-771
-687
-629
-718
-913
-1017
-846
-724
-821
-743
-430
-100
93
99
106
202
291
361
489
677
863
991
943
693
530
572
554
549
697
819
863
765
610
592
555
417
312
377
544
533
445
375
223
135
133
73
-33
109
403
392
308
327
220
21
-75
-16
-43
-106
23
245
392
357
273
84
-234
-342
-290
-206
-128
-119
-162
-332
-414
-249
-68
52
69
9
-41
-185
-386
-432
-352
-325
-251
-43
181
224
70
-55
-79
-17
79
193
342
401
249
-10
-158
-270
-367
-303
-127
67
171
105
-32
-80
-124
-252
-285
-117
137
275
278
248
190
216
268
137
-24
20
216
348
452
596
594
504
424
356
319
236
200
214
190
184
81
-63
-152
-135
81
246
294
243
-172
-735
-997
-963
-855
-751
-566
-358
-278
-320
-305
-251
-477
-761
-591
-219
-116
-63
236
381
169
94
202
231
396
621
559
437
523
559
386
185
53
-109
-313
-347
-182
-107
-219
-207
-104
-151
-255
-313
-295
-195
14
228
235
110
162
347
343
209
152
97
30
125
329
485
599
586
392
221
142
81
63
78
114
234
300
104
-138
-204
-235
-278
-265
-109
144
165
14
-61
-146
-192
-23
245
391
445
463
362
159
-33
-119
-44
80
48
-49
-97
-189
-237
-297
-369
-226
-50
-90
-290
-489
-690
-846
-812
-740
-646
-411
-192
-172
-340
-466
-479
-508
-492
-280
31
74
-171
-249
-183
-262
-280
-124
80
272
411
486
419
332
355
370
371
463
585
557
347
208
281
259
95
55
189
389
424
322
273
258
293
345
342
373
516
594
404
119
-49
-179
-324
-242
-36
-92
-224
-274
-344
-441
-508
-491
-465
-411
-340
-294
-326
-458
-484
-444
-433
-327
-199
-139
-75
-9
9
24
41
20
-9
32
194
335
305
209
174
119
-6
-4
192
353
356
357
463
513
409
252
129
40
-12
-32
-36
-33
-20
2
29
85
104
72
53
100
187
140
-11
-83
-70
-56
-43
49
227
351
369
382
351
230
107
57
60
29
-13
100
273
275
187
66
32
175
242
185
140
68
-91
-131
41
167
128
81
86
4
-119
-158
-152
-96
4
19
0
23
-17
-121
-254
-381
-388
-341
-401
-415
-255
-187
-248
-171
-98
-290
-459
-350
-250
-186
58
251
238
240
302
180
-42
-81
16
147
249
327
407
433
365
202
45
5
100
215
219
113
27
-23
-140
-195
-136
-99
-40
108
160
2
-265
-386
-269
-267
-320
-57
232
174
6
-59
-86
-22
174
388
443
398
341
221
54
-86
3
160
213
421
595
478
261
75
-37
-7
151
342
470
426
265
138
-7
-95
4
110
119
186
325
377
314
122
-143
-250
-279
-315
-206
-78
-63
-93
-103
-47
85
247
314
329
396
458
479
431
365
380
335
227
299
475
508
324
101
5
-53
-155
-254
-235
-237
-308
-162
55
5
-228
-473
-709
-902
-884
-598
-243
-73
-82
-108
-172
-278
-274
-178
-83
63
238
393
478
412
280
217
232
277
339
326
187
46
-87
-195
-167
-94
-95
-141
-226
-283
-389
-585
-628
-544
-564
-747
-896
-723
-377
-153
16
153
96
-77
-178
-269
-445
-573
-457
-242
-136
1
186
215
60
-38
59
126
38
-63
-74
-42
-59
-88
-43
25
11
-116
-226
-216
-158
-187
-267
-227
-226
-344
-312
-150
-62
-46
-41
-148
-322
-318
-196
-181
-291
-386
-396
-372
-322
-118
182
298
237
154
24
-148
-129
38
127
197
235
246
281
295
224
139
141
133
155
235
253
176
-15
-235
-321
-297
-239
-190
-160
-156
-253
-367
-419
-478
-564
-530
-317
-125
-38
-14
-7
-4
-4
95
193
199
226
194
106
57
33
107
209
254
277
226
89
-52
-124
-214
-307
-233
-119
-226
-336
-198
-135
-296
-394
-372
-382
-380
-199
-86
-256
-341
-238
-242
-419
-414
-184
-150
-155
66
215
117
44
12
-141
-187
-77
40
117
65
26
64
-58
-200
-92
33
-65
-102
107
212
152
96
2
-38
28
121
159
185
391
581
496
390
364
292
213
237
335
306
193
89
2
-6
-26
-110
-122
-1
159
201
138
170
126
-59
-70
48
145
254
369
369
293
209
83
55
52
4
47
131
186
127
58
67
21
39
83
13
-23
49
63
-74
-166
-153
-240
-385
-329
-247
-304
-254
-177
-250
-361
-333
-285
-391
-404
-244
-105
-66
21
202
151
-114
-209
-116
-3
86
137
153
171
171
67
-111
-262
-405
-444
-306
-244
-312
-372
-394
-394
-339
-237
-144
-57
-95
-171
-163
-223
-320
-316
-248
-97
211
454
541
625
662
636
643
607
438
373
490
517
435
362
228
6
-135
-138
-124
-125
-201
-291
-236
-195
-290
-380
-331
-173
-52
-9
7
27
-25
-200
-329
-277
-141
32
253
330
190
157
325
430
496
574
596
604
522
347
272
381
501
544
683
824
734
489
218
-49
-153
-50
64
167
221
181
93
-88
-330
-548
-589
-428
-211
25
199
148
-79
-252
-295
-257
-109
139
224
100
-38
-241
-538
-733
-646
-444
-320
-222
-101
-91
-191
-160
-103
-193
-241
-151
-146
-269
-290
-198
-114
-84
-121
-159
-166
-167
-86
80
157
89
21
46
66
101
128
-35
-223
-268
-238
-178
-96
29
105
75
69
193
361
400
354
335
206
2
5
149
124
51
153
178
138
271
345
184
-29
-142
-154
-132
-172
-205
-95
32
85
102
9
-190
-401
-577
-551
-396
-417
-425
-242
-140
-215
-274
-252
-269
-343
-343
-280
-243
-233
-229
-247
-276
-218
-172
-196
-108
38
47
-42
-28
79
82
26
3
-35
-10
141
370
537
533
521
546
464
384
441
546
617
640
594
517
461
407
373
384
361
285
296
441
556
541
475
438
401
372
330
116
-125
-214
-338
-524
-514
-350
-259
-279
-361
-435
-494
-592
-718
-674
-426
-216
-139
-97
-57
-101
-144
-86
78
174
116
206
372
373
349
374
302
172
193
269
220
193
248
152
-77
-178
-153
-178
-255
-246
-191
-233
-303
-351
-397
-369
-319
-293
-236
-104
63
114
101
119
118
127
169
232
309
328
300
295
260
201
266
355
356
419
458
322
183
234
294
170
39
35
131
259
291
234
223
213
136
129
220
248
258
312
233
16
-131
-170
-227
-265
-164
11
75
34
2
-90
-175
-118
11
133
178
137
125
107
29
40
86
49
41
118
144
125
195
293
341
351
307
240
225
222
188
166
96
-53
-223
-322
-315
-338
-364
-330
-336
-394
-418
-373
-356
-340
-273
-246
-314
-438
-454
-387
-343
-236
-91
-20
5
80
162
161
109
46
-27
-41
-30
-58
-92
-79
-26
-101
-256
-249
-116
-60
-70
-85
-181
-229
-167
-139
-161
-215
-293
-280
-170
-71
59
167
171
179
221
246
303
425
512
504
497
479
389
383
457
487
475
378
310
313
198
18
-38
-67
-222
-350
-349
-329
-304
-270
-290
-311
-294
-280
-285
-366
-508
-589
-505
-375
-390
-375
-230
-170
-154
-39
86
139
147
151
108
81
106
92
66
6
-84
-156
-306
-461
-500
-483
-390
-241
-157
-83
62
159
61
-133
-212
-263
-318
-278
-185
-41
93
233
378
352
242
222
212
166
111
73
145
260
292
245
215
207
144
90
30
-49
-63
1
43
65
128
161
144
74
1
2
-8
-92
-172
-262
-427
-528
-527
-527
-489
-378
-281
-200
-77
-44
-159
-307
-323
-118
62
57
70
217
319
233
78
35
118
257
423
566
621
565
427
270
133
68
59
59
38
7
-3
-30
-26
26
51
66
118
226
285
191
35
-18
40
125
164
171
221
236
191
142
131
214
297
263
153
96
82
-6
-133
-167
-154
-163
-114
-65
-139
-263
-384
-533
-601
-514
-372
-282
-296
-292
-242
-352
-504
-518
-468
-299
-12
149
96
86
211
228
96
20
75
179
268
342
333
192
19
-65
-73
-101
-101
-24
8
24
52
-40
-214
-304
-275
-196
-82
66
204
252
264
302
247
124
104
206
307
377
437
450
461
550
634
598
535
572
627
602
537
451
308
187
129
105
168
183
113
133
220
248
139
-24
-139
-218
-267
-278
-247
-133
29
79
-15
-160
-245
-265
-226
-108
-3
29
-71
-255
-326
-259
-206
-277
-347
-261
-159
-119
4
137
189
257
296
249
202
259
360
345
282
312
385
413
369
287
166
14
-24
34
50
57
45
-35
-148
-250
-346
-417
-404
-324
-215
-167
-233
-319
-410
-497
-474
-328
-144
8
98
113
63
39
12
-43
-30
23
6
-64
-33
67
81
36
-47
-147
-115
-36
-78
-118
-132
-218
-323
-372
-366
-311
-232
-137
-63
-48
-18
81
181
186
142
167
234
326
432
501
584
654
650
636
655
697
764
795
735
612
468
377
327
284
285
327
356
301
178
33
-55
-45
-74
-85
40
119
53
-18
-80
-178
-234
-246
-218
-78
85
168
216
249
192
53
-11
29
45
30
46
45
-42
-177
-208
-116
-54
-8
23
-82
-258
-403
-535
-578
-467
-366
-310
-170
-91
-259
-485
-527
-418
-264
-124
-13
20
-93
-268
-350
-311
-271
-257
-211
-148
-59
20
18
-19
4
67
43
-41
-48
-75
-214
-304
-219
-41
74
139
201
148
46
18
21
42
56
23
-10
27
93
141
190
194
128
19
-74
-64
55
171
251
358
441
459
403
249
151
197
239
222
259
337
354
390
436
374
272
205
66
-137
-170
-81
-56
-35
15
4
-110
-261
-313
-288
-340
-392
-313
-201
-185
-253
-311
-341
-415
-546
-620
-546
-397
-231
-91
-70
-90
-70
-94
-121
-59
37
63
-16
-46
49
138
160
170
192
149
50
-25
-93
-139
-114
-59
32
153
169
122
138
123
8
-90
-55
33
-19
-148
-205
-242
-278
-242
-150
-117
-180
-211
-192
-205
-233
-234
-159
-77
-35
88
280
356
306
278
251
206
223
258
280
340
397
350
264
315
455
541
524
336
99
-85
-278
-335
-190
-39
50
39
-87
-174
-233
-361
-460
-463
-421
-322
-179
-122
-194
-267
-282
-287
-231
-112
-32
17
60
98
95
-25
-153
-164
-75
61
152
181
177
78
-75
-176
-137
17
128
195
205
105
-16
-104
-154
-135
-38
102
251
367
399
323
199
125
154
205
202
218
230
205
180
129
93
109
109
107
145
128
40
-73
-180
-196
-146
-112
-93
-67
-85
-162
-229
-275
-273
-230
-171
-33
106
120
89
62
-2
-46
1
141
274
300
287
276
188
64
62
159
217
232
224
194
159
89
-63
-158
-115
-127
-214
-224
-261
-447
-614
-640
-569
-464
-397
-354
-347
-406
-470
-530
-544
-517
-521
-528
-554
-555
-467
-373
-290
-232
-211
-138
-63
-90
-156
-232
-285
-261
-179
-109
-115
-117
-62
36
144
191
217
215
138
76
64
44
35
58
100
138
139
141
98
-39
-143
-164
-157
-120
-14
124
201
239
303
338
334
319
283
242
138
-2
0
74
71
74
108
148
160
119
119
134
59
-78
-154
-141
-99
-63
-68
-53
-26
-62
-82
-62
-71
-140
-221
-223
-140
-64
-17
70
104
22
-36
-79
-155
-205
-217
-205
-171
-155
-187
-168
-117
-128
-121
-88
-81
-103
-146
-218
-275
-265
-247
-232
-219
-246
-252
-195
-187
-218
-185
-142
-139
-176
-177
-66
40
26
-7
23
70
116
155
137
77
77
131
155
166
182
194
247
309
260
142
96
128
82
-99
-196
-147
-126
-152
-130
-51
-38
-80
-30
17
-79
-223
-299
-285
-223
-110
-32
-111
-230
-236
-210
-247
-280
-208
-40
129
261
309
244
163
90
1
-8
98
177
131
32
-62
-160
-237
-263
-233
-186
-190
-211
-180
-164
-221
-254
-220
-201
-184
-91
-16
15
147
300
306
251
269
319
356
426
490
478
407
326
305
330
332
325
326
331
342
333
238
93
16
13
-5
-27
12
0
-84
-116
-121
-100
-44
-51
-150
-223
-229
-229
-243
-253
-214
-152
-120
-90
-14
60
101
142
161
174
225
342
400
314
242
204
198
251
263
188
122
139
145
108
111
107
60
66
79
20
-37
-61
-76
-109
-136
-128
-133
-192
-235
-219
-211
-205
-155
-80
-39
17
96
98
76
110
154
171
235
327
313
242
191
166
181
252
301
328
438
496
343
101
-33
-59
-92
-99
-44
-35
-65
-78
-110
-164
-181
-115
-42
-20
-56
-128
-138
-112
-141
-192
-249
-307
-314
-262
-214
-160
-3
182
295
382
403
328
229
104
-9
-15
48
57
51
99
102
69
73
42
-24
-78
-133
-167
-192
-229
-254
-285
-320
-312
-288
-272
-305
-385
-431
-401
-320
-258
-207
-124
-40
-44
-111
-125
-82
-75
-84
-7
92
184
239
211
200
235
274
290
284
264
286
391
471
471
471
482
441
361
288
283
377
452
351
163
27
-114
-249
-288
-233
-153
-59
57
89
24
-52
-129
-191
-256
-343
-362
-258
-100
17
81
102
91
77
25
-62
-118
-122
-59
23
-5
-109
-103
-18
-35
-117
-135
-144
-235
-340
-352
-326
-362
-351
-248
-208
-224
-183
-109
-115
-180
-212
-250
-270
-212
-111
-12
33
78
146
157
108
77
125
221
257
211
184
185
174
197
270
309
298
302
253
111
-18
-88
-131
-166
-154
-76
-3
-4
-45
-63
-45
-37
-64
-62
-42
-83
-148
-175
-181
-171
-135
-75
-31
-13
59
169
184
111
82
75
21
-18
-3
52
112
141
174
183
111
29
-8
-53
-74
-14
7
-96
-201
-235
-236
-190
-108
-30
-2
-27
-51
-61
-28
34
87
153
181
134
88
61
1
-50
-67
-78
-50
31
94
74
28
-30
-95
-121
-161
-190
-166
-163
-236
-323
-351
-363
-386
-384
-372
-390
-353
-227
-185
-239
-236
-194
-206
-201
-102
-11
33
118
208
247
312
353
281
186
178
280
409
477
480
424
303
165
42
-84
-173
-141
6
90
75
91
97
46
-42
-146
-205
-164
-53
16
66
174
270
316
288
236
231
205
203
270
338
428
485
428
313
177
53
11
42
24
-62
-108
-130
-168
-144
-44
47
124
189
160
58
13
21
28
38
90
202
257
148
22
41
83
44
53
157
215
168
116
99
93
96
91
76
81
92
75
25
-59
-144
-196
-225
-232
-186
-99
-43
-42
-51
-92
-176
-170
-88
-54
-51
-55
-44
-23
-10
39
100
124
125
117
88
67
97
126
70
-45
-110
-113
-124
-96
-19
-39
-143
-161
-128
-168
-211
-160
-91
-65
-39
-4
-2
-19
-24
-85
-199
-257
-179
-46
42
167
292
282
227
224
110
-93
-112
-5
24
25
103
164
103
20
6
-5
-63
-67
8
63
129
240
273
179
94
95
129
179
226
210
165
123
55
20
39
72
119
126
105
122
138
101
57
58
59
25
19
48
35
-43
-138
-190
-140
-3
120
153
106
66
64
21
-40
-22
-10
-58
-21
76
117
152
192
203
174
120
107
148
215
230
196
161
101
54
-2
-43
-13
25
30
14
20
46
51
31
-1
0
-10
-130
-273
-329
-341
-409
-491
-441
-306
-226
-234
-299
-354
-325
-267
-266
-233
-146
-120
-164
-197
-163
-82
-17
10
62
162
224
196
146
165
238
284
280
306
367
344
236
137
78
63
69
52
42
70
126
191
188
106
45
37
39
28
18
-3
-54
-104
-112
-39
89
148
129
156
232
253
236
246
258
245
268
345
384
357
289
199
111
46
33
69
88
81
95
93
88
96
37
-87
-225
-343
-370
-314
-294
-311
-288
-244
-248
-296
-312
-331
-393
-403
-296
-128
-52
-78
-30
30
-23
-54
-18
3
13
24
15
50
132
126
97
183
279
308
320
291
201
91
2
-32
-15
15
7
-22
-26
6
31
38
89
126
93
59
31
10
8
25
34
25
75
150
182
211
198
112
62
122
229
310
363
343
238
134
79
68
54
-4
-31
-7
-8
-6
28
74
105
81
14
-58
-107
-118
-108
-138
-223
-289
-298
-269
-250
-249
-223
-212
-229
-181
-82
-36
-7
82
145
115
123
189
164
120
187
262
246
199
188
168
129
166
236
221
120
13
-44
-58
-63
-97
-136
-165
-208
-247
-245
-203
-151
-91
-60
-53
16
120
159
153
137
100
86
99
98
70
11
-67
-149
-195
-190
-188
-195
-153
-104
-131
-191
-203
-229
-343
-436
-443
-417
-344
-278
-311
-368
-388
-402
-378
-291
-193
-129
-76
-51
-86
-69
6
5
-28
37
127
112
51
17
-12
-19
-17
-70
-147
-177
-149
-71
45
132
120
41
-47
-156
-265
-279
-178
-54
41
108
172
210
183
173
174
169
189
168
120
102
78
53
72
105
112
108
65
-43
-153
-255
-360
-404
-357
-271
-179
-147
-237
-389
-472
-449
-384
-285
-184
-161
-217
-302
-374
-407
-388
-323
-220
-62
96
147
62
-56
-85
-37
30
66
49
7
-72
-213
-304
-278
-236
-227
-225
-181
-137
-172
-200
-144
-66
-65
-117
-91
-34
-52
-90
-116
-127
-109
-64
-36
-68
-128
-152
-119
-38
21
-21
-93
-150
-211
-198
-117
-85
-108
-108
-82
-57
-39
-49
-77
-61
-27
-26
-1
42
18
-46
-49
14
65
80
68
47
31
-4
-61
-92
-43
51
108
103
67
18
-49
-120
-137
-64
65
190
265
300
275
179
93
77
125
200
279
326
355
377
352
294
279
314
320
288
258
227
157
56
51
109
82
11
-27
-40
-44
-40
-53
-97
-93
-38
-39
-86
-138
-182
-214
-230
-161
-61
-32
-33
-7
27
38
33
24
78
158
141
87
79
79
47
8
-15
-33
-32
10
37
-12
-65
-50
-19
-47
-90
-101
-150
-206
-154
-43
-5
-59
-110
-102
-123
-203
-220
-163
-110
-79
-46
12
59
60
23
-35
-74
-98
-95
9
159
259
302
296
272
243
214
227
284
305
238
176
177
166
146
174
197
191
198
196
188
214
255
253
211
182
179
146
110
122
136
123
94
52
26
50
89
93
78
62
26
-16
0
68
140
223
335
468
569
560
450
377
366
319
266
250
261
264
207
132
90
81
93
66
-10
-86
-103
-47
1
-2
-16
-21
-46
-71
-44
-27
-47
-24
24
7
-13
45
109
126
139
190
256
271
256
268
248
179
120
63
6
-32
-34
-20
0
65
153
202
166
53
-6
-6
-79
-164
-154
-97
-112
-203
-260
-246
-189
-118
-76
-94
-119
-83
-59
-81
-110
-140
-150
-153
-109
-30
-19
-68
-118
-158
-259
-410
-473
-422
-345
-280
-234
-212
-168
-145
-224
-324
-344
-290
-190
-33
92
112
152
268
331
285
224
223
206
141
100
80
45
-6
0
83
114
39
-71
-138
-182
-243
-254
-219
-240
-257
-205
-168
-189
-206
-166
-119
-119
-127
-57
85
137
39
-70
-109
-72
2
64
105
98
55
-18
-103
-154
-173
-147
-76
16
46
-14
-73
-139
-255
-345
-322
-231
-175
-143
-116
-162
-214
-152
-52
-16
-10
10
48
85
94
90
64
7
-9
45
88
104
120
109
53
-14
-78
-129
-164
-161
-104
-55
-61
-87
-115
-160
-237
-331
-394
-349
-202
-82
-42
-35
-31
-55
-82
-73
-57
-19
58
136
169
188
250
286
257
223
207
187
167
185
209
178
117
56
4
-11
-42
-111
-130
-97
-70
-79
-110
-150
-210
-277
-310
-287
-244
-220
-217
-227
-240
-249
-234
-205
-167
-84
11
63
86
92
114
171
248
316
320
294
247
145
87
116
155
164
133
111
133
128
60
-33
-121
-193
-238
-246
-235
-218
-194
-168
-147
-133
-130
-154
-230
-303
-296
-248
-198
-126
-43
25
50
38
48
70
68
55
17
-18
7
59
87
81
43
9
15
41
58
64
70
64
56
52
13
-16
15
64
106
129
118
72
5
-74
-145
-157
-127
-104
-92
-69
-33
-33
-63
-82
-111
-156
-163
-120
-77
-29
19
28
7
-26
-79
-156
-193
-149
-72
25
117
134
88
41
0
-33
-45
-10
56
99
105
91
36
-45
-54
-19
-13
18
82
93
7
-103
-167
-177
-155
-114
-59
-42
-59
-59
-25
50
115
142
139
122
112
80
12
-47
-33
16
53
77
54
24
19
41
112
156
125
64
6
-38
-38
-13
-7
30
131
243
296
292
249
152
63
3
-24
-9
-12
-32
-41
-63
-58
-23
-41
-131
-180
-157
-180
-228
-180
-79
-41
-73
-121
-123
-69
-2
71
139
168
158
126
94
74
95
156
208
289
375
352
220
82
31
58
100
123
115
91
81
80
53
41
77
108
139
171
154
114
104
110
119
140
141
165
230
263
259
242
251
267
226
192
211
218
199
196
188
157
144
104
19
-32
-38
-47
-63
-47
-32
-66
-94
-95
-127
-181
-212
-218
-205
-182
-160
-140
-132
-103
-45
-41
-83
-95
-77
-49
-6
39
73
88
83
82
83
59
23
18
52
72
72
73
82
88
51
27
51
87
139
181
227
283
276
205
124
68
55
84
133
154
145
128
86
12
-84
-179
-215
-184
-118
-39
20
44
8
-100
-187
-179
-88
32
97
111
102
62
-3
-66
-68
4
81
130
171
208
233
222
161
94
46
-21
-114
-165
-127
-47
22
68
82
54
6
-34
-48
-20
29
62
82
112
164
193
168
139
165
263
375
426
431
365
203
94
114
152
143
172
252
264
222
194
155
115
110
126
151
203
245
214
125
12
-59
-64
-73
-87
-46
-5
-41
-95
-91
-78
-91
-96
-104
-120
-97
-66
-51
-48
-99
-142
-106
-47
-17
43
160
253
275
255
199
110
24
-26
-18
3
-22
-79
-117
-99
-65
-84
-122
-121
-110
-97
-92
-135
-178
-183
-180
-181
-174
-169
-115
7
83
107
159
184
162
178
200
166
155
186
204
234
282
311
303
268
240
158
33
-4
-14
-65
-92
-63
-29
-46
-93
-150
-217
-276
-323
-346
-312
-258
-243
-247
-261
-282
-303
-305
-275
-268
-288
-297
-302
-302
-298
-298
-264
-186
-86
22
102
142
122
29
-44
-27
15
37
79
149
174
114
41
2
-26
-41
-10
71
141
126
39
-41
-76
-71
-69
-97
-117
-110
-137
-198
-235
-205
-109
-28
18
40
28
-18
-85
-107
-93
-94
-59
24
94
132
155
151
123
105
102
91
70
56
50
55
68
59
18
-29
-61
-113
-208
-269
-250
-212
-196
-191
-204
-237
-259
-238
-175
-133
-150
-181
-197
-209
-222
-200
-145
-87
-18
46
73
54
4
9
76
122
142
151
113
19
-44
-47
-43
-45
-44
-58
-107
-154
-162
-156
-154
-125
-69
-37
-43
-32
16
33
14
25
58
57
37
33
58
84
77
83
128
170
191
201
163
58
-41
-83
-95
-89
-55
-18
8
6
-30
-81
-137
-156
-132
-96
-73
-58
-17
46
76
71
92
158
211
209
201
217
207
151
75
18
15
41
43
61
77
3
-96
-135
-164
-208
-206
-158
-133
-143
-181
-250
-331
-350
-292
-212
-146
-116
-101
-94
-139
-217
-250
-241
-197
-89
-8
-32
-83
-77
-62
-90
-132
-150
-120
-97
-134
-168
-163
-170
-166
-114
-87
-102
-112
-122
-118
-98
-58
12
69
93
130
163
124
52
13
-18
-45
-25
17
38
39
32
15
-15
-36
-45
-71
-104
-104
-85
-79
-58
-32
-41
-46
-62
-112
-129
-68
24
72
57
-17
-92
-132
-147
-116
-68
-46
-1
73
95
82
71
19
-46
-51
-8
25
28
-16
-105
-192
-222
-195
-168
-155
-140
-131
-145
-166
-174
-167
-120
-56
16
114
155
137
129
104
67
55
57
91
176
249
248
187
104
26
-36
-51
-20
18
32
43
71
42
-47
-97
-90
-87
-98
-79
-16
38
16
-59
-126
-208
-267
-230
-147
-94
-63
-47
-36
-19
-30
-52
-60
-50
-5
68
109
87
65
57
49
54
56
52
66
75
56
47
30
-42
-110
-92
-20
26
38
73
125
120
76
38
-51
-162
-178
-142
-119
-82
-43
-63
-123
-144
-132
-126
-99
-53
-35
-22
19
42
27
42
109
162
184
207
228
213
163
150
184
200
207
217
149
11
-53
-67
-108
-108
-50
-31
-72
-124
-209
-333
-384
-310
-195
-117
-70
-16
0
-54
-102
-100
-45
52
146
201
208
185
133
48
-5
32
134
250
349
407
408
350
234
149
166
232
296
343
359
323
266
208
145
115
110
106
142
223
291
314
285
207
123
67
33
30
52
71
69
51
30
5
-38
-105
-157
-154
-125
-95
-77
-124
-237
-340
-367
-315
-230
-131
-28
20
-39
-133
-163
-141
-102
-40
33
80
96
99
97
108
162
241
307
353
341
261
181
137
140
175
198
184
137
52
-49
-99
-107
-119
-108
-60
-16
-14
-33
-49
-78
-92
-50
13
47
72
92
80
38
0
19
107
197
249
270
289
302
268
196
114
56
60
96
146
183
182
156
131
104
56
24
28
42
66
93
66
-4
-48
-60
-67
-76
-53
0
33
39
21
17
44
55
38
4
-39
-65
-53
-28
-36
-66
-77
-48
0
15
1
7
21
17
2
-12
-7
11
9
1
35
96
150
175
151
103
56
4
-19
24
88
118
161
227
226
142
72
50
31
41
82
111
143
151
92
25
18
29
42
100
187
246
239
192
168
163
146
144
186
213
210
211
197
173
152
116
61
13
3
19
36
37
33
28
6
-5
7
-12
-80
-134
-123
-71
-33
-19
-19
-28
-45
-46
-30
-28
-41
-58
-89
-137
-159
-128
-91
-61
-42
-47
-60
-88
-100
-75
-55
-56
-75
-108
-134
-156
-187
-205
-195
-150
-71
4
39
34
8
-4
14
61
125
174
180
144
119
101
61
47
86
145
203
220
176
147
160
157
138
153
159
122
99
66
16
-21
-56
-97
-147
-174
-169
-160
-151
-132
-119
-142
-152
-123
-116
-123
-89
-28
-1
-23
-40
-50
-55
-29
22
103
188
228
219
148
51
14
26
55
107
144
123
67
10
-38
-60
-35
20
53
49
54
58
31
25
60
76
51
10
-25
-24
-13
-21
0
40
88
141
126
51
-13
-40
-57
-60
-19
-14
-79
-143
-208
-259
-225
-164
-126
-74
-33
-38
-78
-106
-118
-149
-170
-146
-81
-21
-7
-2
9
-12
-42
-58
-93
-144
-168
-131
-71
-43
-41
-38
-36
-58
-79
-79
-93
-115
-97
-69
-93
-127
-129
-136
-150
-147
-150
-145
-107
-67
-53
-67
-91
-105
-109
-102
-83
-57
-47
-42
-22
-24
-45
-46
-33
-17
-8
1
-2
-33
-66
-87
-118
-148
-177
-203
-175
-110
-72
-74
-85
-89
-104
-107
-60
-16
-29
-52
-32
-2
7
35
104
164
172
194
234
222
215
254
277
264
259
267
209
102
26
-35
-83
-80
-61
-63
-79
-89
-123
-217
-291
-293
-283
-279
-258
-241
-262
-285
-260
-188
-111
-75
-51
-14
24
60
89
114
113
100
131
179
199
213
218
159
75
44
54
38
-21
-83
-128
-167
-167
-123
-113
-167
-214
-198
-160
-138
-131
-148
-186
-230
-237
-215
-189
-156
-114
-29
59
94
95
71
39
23
15
6
-7
-21
-27
-37
-66
-85
-65
-20
22
47
64
60
33
2
-36
-61
-50
-7
29
31
26
13
-26
-29
21
61
91
88
47
25
19
26
75
155
216
238
221
162
86
37
20
41
99
128
129
118
77
20
-33
-55
-63
-70
-53
-45
-78
-101
-77
-45
-49
-68
-50
-29
-55
-90
-80
-40
-33
-49
-40
-17
-12
-6
26
56
73
94
90
29
-50
-113
-157
-197
-229
-230
-210
-188
-191
-206
-175
-151
-180
-197
-196
-200
-177
-127
-96
-99
-107
-110
-112
-114
-90
-21
47
75
78
73
60
42
26
12
41
107
145
147
113
71
63
71
95
140
189
197
137
67
22
-19
-38
-16
15
20
-13
-48
-81
-125
-127
-96
-72
-55
-58
-81
-135
-225
-276
-240
-176
-125
-84
-64
-95
-157
-179
-149
-102
-62
-32
10
48
47
6
-44
-75
-94
-100
-73
-16
34
52
64
91
120
119
89
43
4
-19
-15
28
70
80
66
56
69
104
153
197
207
180
155
154
145
106
47
1
-3
11
31
45
34
22
24
29
24
16
-12
-53
-49
-26
-32
-39
-35
-43
-64
-85
-101
-110
-104
-88
-96
-134
-154
-135
-120
-120
-104
-92
-126
-184
-196
-173
-149
-113
-66
-22
-17
-58
-87
-65
-22
-9
-10
-8
1
40
79
108
157
191
168
103
28
-30
-41
-13
14
31
71
101
103
90
38
-29
-70
-88
-92
-71
-16
30
42
24
-12
-50
-85
-88
-60
-24
21
42
36
46
66
70
48
3
-48
-92
-118
-130
-118
-97
-85
-62
-49
-62
-67
-67
-73
-72
-46
-25
-38
-58
-82
-93
-85
-65
-7
59
71
66
107
142
126
115
150
189
209
207
167
120
91
75
89
126
165
205
227
209
174
153
128
89
76
102
155
203
206
174
140
116
99
93
101
91
48
4
-32
-75
-101
-95
-95
-129
-164
-177
-185
-192
-208
-229
-213
-157
-105
-71
-47
-25
-26
-56
-63
-23
49
101
99
74
46
17
-15
-58
-68
-44
-49
-78
-81
-68
-87
-142
-183
-186
-177
-168
-164
-154
-142
-135
-130
-124
-127
-153
-179
-175
-137
-107
-109
-113
-113
-129
-140
-101
-30
-3
-39
-78
-89
-92
-108
-132
-147
-158
-160
-147
-141
-154
-174
-182
-195
-222
-228
-197
-165
-166
-181
-173
-149
-112
-74
-41
19
100
148
146
128
119
98
83
112
158
165
147
157
171
146
124
145
173
188
198
158
65
-3
-14
-5
8
23
31
22
-14
-46
-28
24
58
56
49
54
47
22
-21
-70
-76
-41
-18
14
67
84
45
-1
-30
-42
-57
-60
-20
11
20
30
27
13
-15
-25
-4
28
74
100
85
48
12
14
22
10
2
2
9
24
37
22
3
-1
-28
-68
-70
-38
-27
-32
-13
7
10
9
-18
-54
-72
-76
-59
-35
-14
12
37
36
-4
-30
-20
-19
-22
1
27
23
-1
-4
17
35
44
60
72
65
39
14
6
-14
-57
-74
-46
-21
-14
12
69
109
96
70
38
-4
33
128
168
173
186
181
163
141
97
45
26
49
70
80
85
80
88
85
54
34
26
26
43
63
63
49
48
45
29
17
19
24
45
96
130
111
75
41
-10
-65
-83
-46
34
119
157
140
100
40
-30
-78
-98
-78
-22
26
47
52
34
-18
-68
-95
-109
-94
-49
15
79
96
85
103
142
160
169
197
210
204
200
207
210
192
176
143
86
69
78
52
7
0
37
86
143
195
210
205
192
155
133
162
214
262
296
317
323
326
338
337
309
282
284
309
342
365
352
298
222
157
119
109
109
118
147
172
156
96
36
-7
-25
-1
39
82
127
146
134
123
131
115
83
86
116
153
180
185
162
115
94
124
142
131
119
97
34
-47
-103
-114
-103
-104
-109
-102
-104
-146
-188
-181
-153
-138
-127
-102
-86
-94
-92
-63
-21
11
46
82
76
43
21
-6
-42
-31
37
76
52
14
-20
-61
-88
-81
-57
-42
-56
-88
-105
-109
-116
-117
-105
-96
-90
-70
-36
-8
24
51
53
47
46
53
65
85
126
170
183
173
148
105
84
93
97
92
101
133
162
149
91
30
-1
-42
-105
-132
-132
-135
-124
-113
-118
-113
-93
-98
-112
-91
-62
-62
-81
-99
-112
-108
-96
-92
-72
-42
-38
-65
-78
-47
1
27
14
-10
-20
-40
-73
-70
-26
2
-10
-39
-43
-14
18
20
-5
-38
-81
-107
-79
-35
-3
5
-20
-52
-67
-73
-76
-64
-22
27
37
5
-24
-30
-23
2
31
44
43
37
35
18
2
22
63
108
136
129
76
-2
-37
-22
19
98
184
220
196
135
63
1
-21
-8
26
68
87
82
63
29
-17
-66
-78
-48
-21
-28
-51
-49
-38
-36
-34
-40
-43
-33
-29
-50
-73
-69
-46
-17
19
57
76
62
39
35
41
51
74
90
82
78
85
90
101
117
123
111
88
68
47
7
-25
-29
-48
-78
-74
-64
-94
-138
-169
-178
-166
-153
-135
-104
-87
-81
-56
-40
-41
-38
-49
-53
-26
-4
-8
-16
-29
-57
-63
-53
-73
-122
-148
-138
-118
-91
-67
-78
-117
-151
-158
-139
-115
-102
-91
-72
-67
-86
-113
-141
-148
-131
-103
-70
-24
31
43
13
-8
-6
13
32
39
44
53
43
6
-41
-81
-114
-133
-117
-64
-14
-3
-13
-15
-22
-41
-59
-65
-64
-61
-38
-18
-24
-22
5
16
-9
-19
5
33
63
103
132
120
89
62
26
-9
-19
-12
-7
7
42
80
100
114
118
92
54
5
-42
-63
-72
-76
-48
4
44
71
93
87
68
64
55
27
15
27
41
57
67
69
69
46
-4
-63
-113
-130
-116
-85
-42
5
21
-8
-38
-39
-28
-27
-23
-23
-50
-70
-71
-82
-105
-122
-94
-38
-16
-16
-21
-47
-92
-129
-128
-103
-77
-38
1
23
37
37
17
-15
-35
-38
-33
-16
2
2
-10
-19
-2
32
52
66
67
56
37
3
-39
-71
-85
-100
-101
-65
-23
3
12
-10
-53
-84
-105
-99
-45
30
76
84
65
22
-25
-68
-113
-118
-74
-23
-1
-11
-22
-35
-64
-80
-65
-33
-13
-15
-24
-42
-61
-62
-61
-83
-103
-108
-122
-129
-115
-106
-101
-91
-75
-48
-18
4
9
8
4
-6
-10
4
33
55
57
60
79
115
147
153
143
118
72
24
-7
-23
-26
-12
16
35
21
-7
-29
-51
-69
-70
-57
-35
-13
11
36
28
-27
-87
-104
-82
-54
-29
1
28
35
15
-11
-36
-72
-110
-122
-94
-56
-46
-43
-32
-32
-45
-57
-70
-84
-99
-113
-122
-111
-74
-34
-11
-6
9
29
32
39
53
61
80
99
92
65
40
28
19
15
24
48
72
74
74
82
73
54
50
62
75
84
80
58
24
2
-3
-14
-8
20
41
48
56
77
90
83
75
76
71
47
17
-1
-13
-15
0
-1
-22
-36
-41
-32
-11
-5
-9
-13
-30
-73
-122
-157
-182
-186
-163
-117
-78
-66
-67
-91
-126
-139
-122
-79
-31
-9
-12
-26
-56
-94
-120
-123
-117
-107
-68
-32
-35
-59
-84
-104
-100
-54
4
55
110
139
97
22
-21
-26
-18
-13
8
51
81
67
42
52
78
82
69
74
97
105
96
87
66
28
5
-2
-26
-48
-47
-31
-12
-23
-64
-95
-91
-71
-47
-20
-10
-20
-25
-24
-20
-4
35
74
88
75
60
55
62
86
132
197
260
298
311
305
275
226
186
178
181
175
184
208
211
196
174
133
97
101
125
136
129
114
96
78
47
8
-13
-13
-10
-6
9
25
16
-13
-48
-85
-104
-80
-36
-3
13
19
13
-10
-33
-55
-79
-80
-62
-35
1
26
23
9
7
22
41
54
63
64
48
27
12
-11
-41
-61
-69
-67
-40
1
22
-2
-48
-50
-2
34
54
88
113
96
60
42
38
54
87
99
94
106
124
128
130
147
171
180
175
172
173
169
147
118
104
105
106
94
64
24
-3
-6
-2
7
13
7
-14
-50
-90
-115
-130
-148
-149
-118
-76
-33
1
-3
-39
-72
-88
-80
-33
27
65
73
63
46
19
-13
-44
-54
-40
-28
-18
-6
8
16
-3
-31
-59
-82
-91
-99
-102
-90
-74
-69
-70
-62
-63
-82
-97
-101
-111
-109
-79
-51
-39
-43
-62
-82
-88
-96
-115
-123
-122
-120
-108
-87
-79
-81
-85
-85
-61
-34
-38
-73
-111
-114
-88
-52
-2
36
31
14
14
17
18
32
54
53
27
-3
-19
-15
-3
16
46
72
83
92
90
65
41
47
60
58
55
66
68
39
3
-18
-24
-6
39
79
74
43
-2
-74
-143
-171
-156
-114
-71
-59
-95
-158
-206
-230
-245
-247
-234
-223
-229
-236
-248
-284
-302
-286
-275
-252
-209
-180
-170
-158
-150
-170
-194
-186
-175
-175
-156
-123
-109
-138
-181
-210
-233
-232
-204
-170
-148
-134
-129
-149
-171
-173
-163
-148
-136
-120
-115
-129
-136
-124
-103
-80
-61
-30
18
52
51
29
8
-12
-40
-69
-91
-93
-88
-83
-59
-19
10
8
-15
-50
-93
-117
-112
-94
-67
-20
20
23
-1
-5
28
64
93
118
133
139
131
115
101
90
86
84
68
42
12
-4
-10
-24
-27
-7
17
35
33
17
15
27
30
20
18
17
15
26
39
62
112
167
192
184
161
134
106
94
94
88
69
29
-25
-70
-99
-120
-135
-143
-142
-131
-113
-102
-106
-124
-145
-151
-145
-137
-123
-99
-74
-65
-69
-65
-59
-64
-58
-10
50
73
60
39
14
-13
-36
-62
-78
-74
-54
-28
-16
-8
3
-11
-63
-127
-163
-167
-143
-92
-29
26
61
76
70
51
44
55
69
99
136
157
178
218
253
245
225
217
199
178
166
149
106
64
25
-19
-47
-63
-72
-75
-78
-85
-93
-73
-42
-41
-63
-89
-118
-139
-152
-158
-137
-86
-41
-17
-3
-9
-25
-17
7
31
68
119
164
180
168
156
144
129
134
149
132
93
69
59
56
73
107
134
127
87
42
-3
-52
-85
-84
-59
-25
-7
-43
-106
-137
-142
-154
-157
-128
-86
-54
-44
-64
-94
-124
-152
-150
-107
-51
2
57
97
100
73
49
41
28
26
61
109
150
183
195
170
111
49
17
22
55
96
111
96
64
21
-30
-57
-36
12
51
62
61
56
30
-4
-20
-7
20
45
66
90
108
102
71
33
14
19
42
73
102
121
112
103
117
133
141
141
138
131
119
98
67
41
24
13
18
37
47
25
-14
-35
-39
-46
-44
-20
-8
-17
-22
-19
-15
-4
30
71
104
127
148
171
175
166
161
161
164
163
176
197
193
171
158
156
157
172
199
216
216
210
198
169
119
80
84
117
152
175
180
178
180
180
179
170
154
161
191
216
220
206
181
141
100
82
93
127
161
189
208
209
180
127
78
56
54
76
115
145
160
173
181
185
185
169
134
107
102
113
126
130
130
123
105
87
84
95
106
111
110
101
80
69
84
98
82
60
65
86
110
137
159
159
149
151
149
138
129
125
129
125
117
123
129
119
93
66
44
25
22
27
22
8
-13
-38
-52
-42
-26
-5
32
46
26
7
7
13
22
49
81
97
98
87
74
74
75
65
57
71
101
133
145
121
85
48
-3
-48
-49
-17
10
23
20
11
-2
-13
-5
5
4
3
11
23
31
30
35
67
105
113
112
117
120
129
134
116
89
66
43
21
7
-1
-11
-24
-26
-23
-22
-24
-36
-48
-50
-51
-64
-72
-73
-91
-127
-150
-141
-123
-115
-101
-87
-86
-88
-81
-80
-105
-130
-128
-116
-108
-112
-120
-112
-97
-84
-83
-105
-139
-159
-165
-172
-184
-186
-175
-173
-190
-213
-217
-197
-167
-140
-133
-136
-127
-106
-86
-78
-68
-51
-40
-39
-46
-50
-55
-64
-69
-58
-30
-9
-15
-49
-93
-134
-166
-174
-156
-132
-115
-106
-93
-79
-73
-71
-69
-72
-73
-71
-76
-79
-76
-80
-88
-74
-36
1
13
-8
-27
-24
-21
-30
-37
-39
-51
-68
-73
-60
-44
-34
-26
-19
-28
-51
-73
-91
-102
-106
-98
-83
-79
-94
-115
-132
-151
-165
-150
-101
-57
-40
-42
-68
-107
-127
-121
-113
-103
-93
-83
-62
-49
-46
-41
-51
-72
-79
-73
-51
-15
4
2
-2
-11
-25
-31
-32
-51
-80
-85
-70
-59
-50
-44
-51
-75
-100
-114
-127
-121
-91
-76
-90
-100
-87
-77
-93
-111
-114
-119
-112
-91
-92
-106
-100
-83
-74
-61
-42
-30
-28
-40
-52
-46
-30
-10
4
1
-6
-9
-26
-57
-77
-81
-80
-67
-42
-33
-45
-58
-66
-69
-64
-43
-10
22
43
51
51
43
36
34
45
70
92
103
91
64
42
33
31
28
16
-2
-24
-38
-36
-20
-10
-24
-44
-50
-40
-17
-6
-16
-39
-64
-84
-99
-113
-122
-125
-123
-111
-94
-81
-89
-100
-97
-86
-72
-55
-38
-18
-2
-2
-13
-14
4
7
-28
-79
-117
-133
-137
-130
-102
-64
-35
-17
-25
-58
-77
-72
-65
-57
-45
-29
-10
-5
-36
-66
-66
-55
-54
-54
-45
-45
-54
-65
-76
-84
-86
-76
-59
-37
-18
-5
-2
-12
-34
-54
-68
-75
-71
-60
-49
-34
-17
-12
-27
-65
-110
-127
-119
-104
-84
-66
-44
-26
-25
-31
-30
-31
-42
-42
-25
-15
-12
-11
-2
-6
-29
-36
-31
-29
-18
8
11
-14
-29
-30
-29
-28
-28
-32
-33
-49
-79
-90
-86
-90
-88
-64
-37
-32
-27
-2
14
2
-6
6
5
-7
-3
15
32
45
56
55
46
41
35
26
21
24
37
40
14
-12
-20
-21
-21
-29
-45
-57
-55
-41
-26
-6
9
7
-11
-29
-30
-18
-4
11
39
72
102
129
146
150
147
149
160
181
200
194
171
137
96
58
26
6
-6
4
38
59
56
48
37
17
-9
-19
-6
16
38
63
92
111
104
82
69
66
45
9
-5
16
53
76
74
62
36
5
-14
-32
-56
-68
-68
-72
-90
-93
-76
-69
-74
-69
-44
-18
-5
6
5
-19
-62
-94
-78
-36
1
29
45
45
38
38
49
67
99
135
151
156
174
190
186
179
177
171
171
176
168
155
158
164
157
148
144
139
140
141
126
89
63
77
112
122
119
120
113
100
85
76
85
102
132
156
154
132
94
56
18
-19
-28
-19
-17
-16
-19
-33
-47
-51
-49
-34
-16
-16
-36
-53
-55
-45
-29
-2
30
49
56
69
82
82
73
68
67
69
93
136
174
179
166
159
138
111
97
105
122
121
120
128
128
106
67
33
33
46
49
54
51
26
-4
-15
-6
10
30
40
33
31
27
16
12
17
32
38
32
31
24
9
-11
-29
-42
-62
-73
-67
-66
-57
-40
-32
-29
-40
-69
-102
-119
-117
-107
-91
-68
-44
-30
-27
-37
-63
-93
-101
-82
-55
-35
-23
-34
-63
-93
-123
-151
-164
-146
-116
-103
-97
-93
-97
-111
-126
-125
-107
-73
-40
-29
-32
-32
-29
-42
-56
-38
-7
5
4
8
6
-4
-1
4
-3
-21
-35
-36
-31
-30
-38
-35
-20
-13
-24
-53
-76
-75
-60
-51
-49
-41
-29
-24
-26
-27
-21
-20
-30
-34
-34
-47
-74
-100
-100
-83
-67
-57
-57
-63
-77
-108
-146
-168
-154
-110
-54
-13
-18
-53
-85
-110
-121
-120
-115
-111
-115
-128
-138
-129
-108
-92
-77
-58
-46
-47
-56
-67
-81
-82
-60
-47
-63
-93
-109
-95
-63
-36
-12
20
37
19
-25
-59
-67
-64
-65
-69
-65
-48
-20
7
13
-11
-50
-75
-77
-75
-72
-63
-63
-71
-75
-76
-81
-95
-91
-61
-25
11
42
44
9
-29
-46
-50
-44
-22
3
24
33
31
25
20
24
38
54
62
57
47
27
-17
-67
-83
-60
-21
9
14
-7
-35
-52
-64
-70
-61
-36
-8
4
-1
-13
-29
-50
-62
-50
-31
-11
33
81
76
50
46
51
52
45
32
6
-17
-29
-30
-10
1
2
10
14
11
-2
-19
-29
-39
-56
-52
-22
-9
-17
-14
-4
-7
-9
10
37
54
64
65
49
17
-20
-33
-24
-9
9
16
0
-37
-88
-134
-150
-131
-99
-75
-64
-68
-92
-136
-179
-194
-177
-147
-127
-109
-95
-82
-62
-40
-21
-6
18
49
83
108
118
115
96
71
54
46
50
68
98
117
112
91
68
57
49
34
16
6
13
27
28
23
8
-19
-26
-14
2
31
75
111
118
102
81
64
57
61
75
86
85
88
99
97
81
67
63
85
121
138
123
89
52
23
20
37
67
111
150
165
152
123
83
53
49
57
76
104
129
134
117
94
77
71
77
85
92
108
124
127
114
91
73
60
44
24
5
4
22
51
85
108
113
108
100
83
58
37
31
33
31
27
29
43
59
65
65
58
59
75
88
101
118
118
96
65
37
20
22
44
74
86
75
52
33
29
33
47
71
84
81
81
74
51
23
5
12
35
58
69
73
80
79
71
74
71
56
38
27
28
37
46
44
29
14
18
31
47
56
44
30
30
37
44
53
70
76
78
90
93
75
58
60
77
108
142
157
146
123
97
70
55
56
80
122
155
173
168
144
119
112
121
121
116
116
118
113
94
74
59
51
48
50
63
75
77
64
38
2
-30
-45
-48
-49
-42
-23
3
28
40
52
61
55
51
56
62
69
71
76
87
93
92
95
107
112
109
114
114
101
98
113
132
135
114
78
48
35
28
30
46
63
72
75
75
56
30
18
4
-4
9
24
32
39
48
47
34
29
42
61
66
69
81
90
91
78
46
12
8
29
45
59
78
80
57
40
38
32
19
20
23
18
31
39
11
-40
-76
-82
-76
-61
-29
2
9
6
4
-4
-16
-21
-20
-18
0
24
30
25
23
19
21
24
18
18
25
21
7
-4
-5
14
48
74
86
90
86
73
52
25
18
35
57
69
68
62
55
33
-7
-48
-61
-48
-31
-24
-28
-36
-45
-60
-72
-68
-58
-54
-49
-30
-9
-14
-36
-49
-47
-39
-28
-18
-21
-40
-66
-86
-88
-83
-84
-78
-50
-22
-30
-68
-102
-109
-94
-79
-62
-34
-13
-11
-22
-43
-67
-84
-75
-43
-2
26
20
-9
-46
-73
-71
-50
-18
11
30
26
-8
-50
-87
-111
-105
-85
-62
-35
-23
-35
-62
-83
-85
-78
-69
-60
-50
-40
-34
-37
-46
-50
-48
-41
-33
-22
-16
-16
-17
-22
-21
-1
23
37
56
79
90
84
74
65
38
2
-17
-23
-38
-54
-55
-48
-46
-52
-76
-107
-114
-99
-85
-72
-65
-81
-110
-128
-140
-151
-155
-144
-121
-117
-115
-92
-90
-102
-104
-101
-103
-100
-91
-99
-116
-123
-123
-120
-109
-93
-79
-72
-69
-65
-65
-64
-55
-36
-25
-33
-41
-55
-86
-125
-144
-131
-113
-101
-91
-88
-86
-86
-93
-102
-103
-99
-104
-105
-87
-67
-58
-47
-32
-26
-26
-40
-67
-83
-81
-74
-73
-74
-78
-95
-119
-133
-130
-115
-98
-82
-67
-72
-87
-92
-91
-85
-71
-66
-73
-88
-112
-129
-125
-112
-94
-70
-58
-66
-80
-100
-118
-119
-107
-85
-57
-41
-50
-84
-125
-145
-138
-111
-69
-24
-6
-23
-51
-73
-89
-95
-84
-59
-28
-12
-27
-46
-50
-50
-37
-10
9
6
-8
-12
-16
-20
-7
16
23
10
-3
-11
-18
-39
-63
-71
-62
-51
-42
-31
-31
-49
-72
-91
-102
-105
-101
-92
-76
-55
-40
-26
-5
0
-22
-42
-44
-35
-22
4
32
40
31
19
7
-10
-25
-30
-23
-16
-16
-18
-19
-23
-37
-49
-57
-58
-58
-60
-54
-45
-33
-12
21
46
46
42
51
62
63
58
55
61
72
79
89
101
109
107
103
100
82
52
37
43
56
62
65
68
73
72
59
48
53
65
74
91
109
111
108
115
115
94
74
74
83
78
61
58
67
71
67
64
60
52
42
34
35
41
45
39
32
35
32
19
10
13
25
36
45
49
47
30
1
-18
-10
24
63
85
79
51
32
29
37
51
60
66
72
78
78
68
57
59
79
99
104
97
86
73
57
46
48
70
103
124
126
111
95
84
72
75
103
142
166
164
150
125
81
37
18
29
56
88
106
100
89
87
81
73
63
54
53
59
64
68
74
63
39
30
40
52
68
82
70
41
20
12
8
8
21
45
72
86
77
58
41
28
17
11
16
31
44
48
38
22
10
3
2
8
18
26
35
46
49
48
47
53
72
99
113
109
114
123
130
141
152
156
152
135
95
57
44
47
62
85
102
96
77
64
61
61
45
23
25
35
33
26
18
21
31
46
59
71
81
76
59
45
41
41
42
37
23
11
13
20
17
2
-17
-26
-31
-38
-42
-55
-71
-81
-81
-72
-69
-77
-102
-138
-156
-158
-153
-145
-127
-84
-33
7
23
18
5
-19
-59
-79
-55
-18
5
13
9
1
-1
2
7
18
36
48
54
49
29
6
-13
-28
-32
-30
-35
-37
-26
-14
-8
-2
-2
-7
-7
-8
-11
-1
14
15
2
-12
-26
-35
-31
-15
8
33
55
78
95
106
110
91
47
14
19
42
56
59
51
33
11
1
3
8
12
12
7
3
2
2
-10
-33
-54
-74
-84
-87
-88
-94
-98
-94
-90
-88
-98
-113
-121
-124
-117
-110
-116
-130
-139
-138
-136
-132
-109
-87
-90
-96
-98
-96
-94
-92
-76
-57
-55
-66
-74
-74
-68
-50
-25
-7
2
3
-7
-28
-59
-90
-105
-110
-105
-87
-75
-75
-82
-104
-132
-145
-138
-124
-105
-76
-44
-24
-30
-55
-74
-78
-64
-36
-13
-7
-17
-30
-33
-33
-31
-24
-18
-18
-24
-32
-52
-74
-78
-68
-57
-61
-76
-92
-109
-131
-152
-162
-157
-136
-114
-105
-111
-120
-120
-116
-117
-113
-102
-98
-98
-95
-92
-99
-110
-112
-111
-111
-111
-120
-137
-155
-172
-174
-160
-139
-126
-127
-126
-123
-135
-150
-144
-124
-111
-104
-95
-85
-68
-57
-61
-58
-38
-13
10
31
36
6
-35
-58
-68
-68
-68
-74
-75
-63
-49
-45
-37
-27
-33
-41
-51
-64
-74
-79
-78
-73
-63
-50
-44
-47
-51
-47
-30
-2
22
32
34
34
31
25
15
12
23
34
41
47
49
32
-6
-41
-58
-64
-65
-48
-15
8
20
20
8
-21
-45
-41
-21
-4
2
2
3
-6
-14
-11
6
25
36
41
42
28
3
-18
-14
10
33
49
53
46
29
7
-10
-13
-5
12
23
23
24
27
24
15
12
19
32
48
50
41
38
39
37
33
35
37
38
43
47
37
12
-17
-33
-29
-30
-41
-43
-29
-2
24
34
21
5
-9
-22
-22
-10
0
6
22
46
63
72
79
83
79
68
57
58
67
75
77
66
40
8
-9
-11
-8
-3
2
-3
-4
11
16
10
9
15
29
53
76
78
71
73
82
85
78
81
93
95
92
99
115
129
129
117
100
79
58
45
48
64
87
114
137
142
125
94
64
55
63
71
82
89
75
50
31
21
29
54
72
83
107
128
124
104
82
65
62
69
71
65
51
32
19
2
-18
-36
-42
-29
-12
5
15
15
10
1
-11
-19
-16
-11
-5
7
20
19
0
-21
-37
-42
-31
-2
39
59
51
21
-5
-21
-39
-42
-30
-19
-11
-9
-11
-12
-20
-39
-53
-46
-31
-15
6
14
12
15
17
14
8
6
9
15
15
6
0
0
10
15
7
-1
-2
-5
-17
-12
5
10
-1
-15
-25
-39
-56
-51
-25
-3
-4
-25
-62
-99
-117
-119
-107
-78
-45
-26
-23
-32
-54
-84
-116
-146
-154
-126
-84
-59
-61
-77
-92
-97
-92
-81
-68
-65
-73
-71
-64
-60
-51
-29
-4
10
17
19
18
12
3
8
28
52
64
55
41
35
38
37
26
14
3
-1
2
9
7
-6
-17
-24
-29
-31
-35
-43
-37
-28
-26
-15
-6
1
6
2
2
3
-2
-15
-22
-11
12
33
35
19
4
-12
-22
-15
-7
-5
-4
-7
-9
-13
-27
-36
-37
-29
-12
15
47
66
68
69
65
48
47
76
106
105
96
100
98
83
79
98
115
121
132
133
109
83
81
90
94
89
73
59
54
43
31
28
31
29
22
18
21
26
39
56
63
64
69
76
77
73
73
76
76
68
64
82
107
122
123
115
104
94
85
84
92
94
87
74
59
44
28
16
8
13
34
51
65
74
83
90
80
71
71
73
78
82
87
89
90
99
113
135
155
167
181
183
171
153
134
115
102
99
101
104
109
107
95
83
78
81
91
100
110
128
136
127
111
88
73
82
97
111
124
118
95
68
50
53
66
72
68
68
72
69
57
42
27
10
-8
-21
-29
-28
-26
-33
-36
-28
-20
-25
-38
-47
-60
-73
-76
-69
-64
-63
-63
-69
-76
-69
-60
-55
-43
-31
-32
-52
-81
-109
-128
-127
-110
-85
-53
-30
-23
-33
-57
-82
-96
-96
-92
-84
-76
-76
-81
-85
-87
-97
-107
-100
-78
-59
-58
-72
-94
-118
-136
-139
-132
-130
-128
-115
-102
-100
-103
-107
-114
-122
-118
-108
-104
-97
-91
-96
-103
-108
-107
-105
-100
-86
-71
-55
-38
-30
-37
-54
-69
-85
-104
-116
-115
-102
-93
-86
-86
-105
-129
-149
-153
-142
-116
-90
-78
-68
-64
-66
-72
-81
-80
-79
-81
-76
-63
-54
-57
-69
-82
-87
-83
-82
-80
-76
-75
-79
-82
-82
-81
-79
-77
-72
-70
-71
-67
-61
-64
-76
-81
-65
-41
-30
-21
-11
-17
-36
-50
-54
-49
-41
-36
-38
-39
-36
-39
-49
-57
-62
-65
-67
-57
-33
-15
-13
-26
-44
-59
-68
-73
-72
-59
-33
-5
9
12
7
-10
-28
-33
-27
-8
11
17
20
24
16
1
-4
-3
-1
-6
-16
-20
-19
-21
-24
-19
-15
-17
-15
-11
-12
-18
-21
-18
-18
-21
-21
-27
-28
0
32
42
45
42
37
34
27
21
21
32
43
53
65
62
42
25
24
36
48
57
66
82
90
78
60
49
41
36
42
61
79
86
92
103
105
105
107
105
104
106
105
97
89
89
95
100
102
99
84
68
67
67
63
65
71
64
49
39
42
51
52
46
38
33
24
13
16
31
42
49
53
46
32
16
-3
-16
-16
5
44
80
97
86
45
2
-23
-29
-18
4
25
42
55
55
42
30
28
35
43
52
64
70
63
36
-5
-42
-55
-43
-16
19
56
78
83
75
45
10
-8
-12
-4
13
29
30
17
1
-9
-10
-13
-7
1
4
-2
-16
-28
-40
-55
-61
-59
-54
-50
-46
-38
-32
-21
-9
-10
-16
-22
-27
-31
-37
-41
-40
-29
-6
17
31
34
27
18
25
46
60
63
59
49
37
38
56
73
78
75
65
59
58
59
67
82
98
106
108
94
74
65
67
80
97
109
119
129
129
120
111
107
108
104
88
68
59
67
86
100
101
96
96
100
99
92
82
71
57
47
46
47
52
69
85
86
75
67
62
64
77
90
100
102
91
82
84
86
87
87
86
86
88
85
70
63
57
41
32
35
43
49
55
63
55
40
32
29
27
26
30
40
48
52
54
53
52
54
53
45
35
32
28
15
-1
-15
-19
-16
-16
-16
-9
2
7
3
2
9
17
23
28
30
33
36
44
52
51
49
47
46
47
45
41
25
7
-10
-22
-18
-2
19
41
52
48
32
5
-15
-19
-9
7
12
10
0
-22
-43
-48
-44
-34
-5
23
33
29
7
-24
-47
-48
-34
-12
4
6
-5
-30
-57
-74
-82
-78
-63
-49
-53
-69
-75
-75
-69
-63
-61
-53
-54
-69
-87
-100
-103
-89
-61
-44
-37
-27
-26
-43
-65
-73
-78
-82
-70
-48
-29
-15
-6
-2
-16
-42
-58
-64
-69
-69
-60
-53
-57
-57
-60
-78
-91
-89
-80
-76
-83
-93
-93
-87
-92
-104
-107
-97
-83
-63
-43
-36
-39
-53
-77
-91
-78
-56
-34
-11
4
12
11
-1
-19
-27
-17
-5
4
14
18
16
11
8
6
1
4
13
13
8
3
-7
-20
-28
-25
-21
-19
-15
-14
-17
-16
-5
9
16
8
-6
-14
-22
-35
-46
-46
-39
-29
-25
-22
-19
-22
-30
-37
-38
-30
-27
-36
-46
-58
-66
-59
-46
-27
0
27
45
52
44
23
3
-9
-11
-4
4
3
-8
-20
-31
-39
-47
-53
-53
-55
-68
-83
-83
-78
-75
-74
-78
-86
-88
-89
-93
-91
-82
-70
-64
-65
-71
-74
-69
-67
-65
-55
-43
-33
-31
-44
-65
-86
-104
-104
-93
-82
-66
-52
-49
-59
-66
-73
-85
-89
-90
-89
-83
-85
-97
-106
-108
-105
-90
-65
-50
-48
-52
-61
-68
-71
-74
-70
-64
-67
-68
-58
-43
-33
-33
-42
-51
-52
-51
-57
-54
-38
-21
-12
-15
-21
-31
-40
-40
-31
-18
-12
-9
2
14
19
9
-13
-31
-41
-42
-34
-21
-2
6
5
8
11
-1
-29
-52
-65
-71
-71
-62
-48
-41
-41
-43
-44
-54
-67
-67
-58
-43
-29
-23
-21
-27
-29
-31
-40
-48
-53
-49
-34
-17
-9
-7
-11
-23
-26
-17
-15
-18
-11
-13
-30
-40
-41
-35
-30
-28
-26
-27
-31
-34
-37
-33
-25
-19
-17
-18
-22
-23
-22
-23
-20
-10
-4
-7
-18
-28
-34
-37
-31
-15
-2
2
0
-1
4
10
14
16
17
23
32
39
27
6
-4
-7
-6
-7
-17
-22
-25
-31
-35
-35
-37
-43
-47
-60
-76
-76
-72
-70
-81
-96
-95
-91
-94
-104
-109
-106
-104
-102
-93
-83
-86
-99
-106
-98
-79
-61
-49
-42
-40
-43
-39
-30
-23
-16
-11
-13
-18
-21
-24
-2
22
21
18
31
55
68
73
65
63
75
78
80
86
91
88
77
67
61
56
59
71
85
93
94
99
101
98
87
72
67
68
67
58
53
45
29
11
-4
-4
-7
-18
-15
0
8
10
13
5
-9
-7
8
25
41
45
51
64
68
64
68
86
108
127
127
110
99
91
78
82
98
112
128
137
130
120
112
110
113
116
121
136
155
163
163
165
163
160
158
147
138
139
143
153
167
178
183
178
167
155
145
138
142
151
149
144
143
139
120
98
91
92
99
107
106
100
93
85
72
63
56
48
51
64
84
95
99
98
92
84
82
92
92
83
84
90
88
79
77
87
100
110
116
112
108
96
68
52
55
75
88
85
79
67
62
57
50
51
55
59
58
55
55
53
45
35
27
28
42
69
89
85
72
60
51
51
52
54
60
55
50
49
43
33
14
-6
-17
-22
-20
-12
-2
-2
-5
-1
3
-2
-6
-9
-11
-8
-14
-33
-40
-38
-31
-16
-8
-9
-6
-3
-11
-26
-35
-33
-22
-4
7
11
4
-13
-27
-36
-43
-40
-31
-28
-40
-57
-67
-73
-76
-57
-30
-21
-27
-29
-36
-56
-70
-60
-43
-41
-46
-52
-58
-58
-53
-45
-39
-30
-22
-19
-22
-24
-22
-24
-25
-29
-41
-42
-22
6
15
5
-15
-34
-53
-71
-82
-81
-78
-84
-85
-79
-73
-71
-70
-66
-62
-57
-59
-68
-82
-92
-87
-69
-43
-15
6
15
13
-1
-27
-48
-52
-45
-33
-23
-24
-35
-52
-66
-64
-48
-28
-10
-1
-10
-37
-64
-80
-82
-73
-54
-31
-11
-6
-19
-36
-52
-60
-57
-54
-56
-62
-67
-75
-82
-86
-80
-66
-62
-64
-66
-82
-109
-125
-128
-122
-109
-86
-55
-33
-31
-35
-39
-45
-52
-62
-69
-67
-64
-69
-70
-58
-46
-34
-25
-10
3
1
-19
-51
-56
-42
-29
-17
-15
-19
-24
-29
-30
-22
-20
-21
-14
-11
-19
-31
-27
-16
-11
-7
-3
-7
-11
-10
-7
-6
-4
1
7
7
9
14
15
15
10
4
7
13
10
7
12
15
16
17
16
20
27
20
7
9
14
17
27
32
24
25
18
3
12
32
30
9
-3
-2
-1
8
23
33
37
36
34
36
39
44
43
41
52
60
51
42
37
32
22
9
-3
-10
-14
-21
-25
-14
-1
2
4
7
3
-5
-6
7
30
43
42
44
41
28
25
35
48
55
54
56
48
37
42
55
58
62
75
85
90
85
65
46
36
39
56
82
102
107
103
99
97
94
91
96
102
100
90
84
80
77
79
79
74
69
62
61
58
49
39
30
23
21
29
34
30
24
18
15
20
23
24
33
41
40
32
26
27
20
6
-6
-4
7
20
30
29
20
0
-15
-17
-13
-5
-1
3
5
-10
-29
-36
-33
-23
-6
12
20
24
28
27
24
32
48
60
70
77
83
81
75
73
68
68
66
63
62
56
54
47
34
24
26
34
43
46
37
26
20
26
35
34
36
46
60
75
84
81
76
72
73
75
72
76
82
86
90
89
79
71
71
66
52
37
27
26
30
30
26
31
34
27
22
25
23
10
-1
-11
-20
-26
-34
-40
-37
-23
-11
-2
-9
-30
-43
-49
-50
-57
-74
-90
-98
-93
-83
-74
-66
-61
-61
-69
-78
-85
-90
-91
-87
-78
-64
-50
-45
-48
-53
-69
-77
-68
-51
-30
-14
-10
-14
-19
-25
-29
-26
-22
-16
0
8
-4
-12
-13
-11
-1
6
3
-4
-16
-33
-47
-46
-45
-43
-35
-36
-33
-18
-7
-7
-12
-12
-11
-25
-44
-54
-57
-59
-60
-51
-39
-33
-33
-33
-37
-43
-45
-38
-30
-25
-18
-20
-36
-49
-64
-87
-98
-93
-81
-61
-44
-34
-21
-13
-18
-25
-31
-42
-43
-29
-16
-11
0
16
22
23
26
38
42
34
39
57
66
72
77
74
66
66
74
81
95
115
118
103
80
58
44
42
56
65
58
47
34
16
5
9
20
29
31
19
3
-2
6
7
3
9
21
23
19
19
24
30
32
37
55
72
72
53
32
21
21
27
30
37
46
42
38
40
33
24
21
21
27
33
31
23
13
5
12
21
17
11
7
7
12
17
24
30
27
15
5
8
16
23
33
39
37
29
13
-1
-9
-16
-22
-18
-9
-8
-10
-9
-11
-20
-28
-29
-22
-14
-6
1
0
-8
-18
-22
-18
-10
-11
-16
-11
-11
-14
-11
-10
-12
-16
-20
-25
-29
-33
-45
-54
-55
-64
-77
-79
-73
-65
-58
-50
-44
-39
-34
-36
-44
-59
-75
-80
-74
-66
-52
-38
-33
-29
-16
-8
-9
-12
-18
-24
-31
-35
-31
-21
-1
18
30
36
30
20
16
11
-9
-23
-16
-8
-6
-3
-1
-13
-29
-35
-36
-26
-17
-17
-22
-27
-29
-29
-31
-32
-26
-19
-17
-22
-28
-27
-21
-23
-30
-40
-49
-46
-43
-49
-53
-50
-51
-59
-47
-37
-63
-82
-79
-82
-96
-99
-88
-79
-76
-83
-95
-103
-110
-116
-114
-102
-81
-55
-39
-38
-43
-50
-62
-72
-70
-64
-48
-31
-23
-26
-39
-38
-37
-42
-35
-21
-13
-18
-29
-34
-40
-51
-53
-50
-56
-75
-83
-83
-87
-91
-92
-87
-86
-90
-94
-97
-94
-83
-80
-90
-87
-70
-69
-72
-64
-58
-56
-50
-43
-41
-39
-36
-42
-43
-37
-36
-36
-41
-58
-63
-60
-62
-57
-50
-58
-65
-64
-60
-58
-61
-70
-82
-82
-75
-72
-70
-74
-80
-79
-72
-62
-56
-52
-45
-40
-37
-35
-33
-24
-16
-16
-16
-13
-8
-11
-17
-14
-6
5
7
2
1
-4
-16
-25
-31
-35
-38
-46
-47
-39
-26
-22
-36
-50
-57
-64
-70
-71
-58
-46
-52
-63
-68
-69
-69
-67
-55
-39
-35
-45
-66
-85
-83
-76
-71
-66
-68
-64
-57
-68
-81
-83
-75
-65
-61
-58
-58
-52
-48
-49
-47
-46
-53
-62
-63
-60
-57
-52
-48
-47
-36
-17
-9
-8
-11
-20
-31
-38
-36
-33
-28
-18
-8
-3
-4
-1
6
7
0
-5
-1
5
10
18
24
22
20
18
10
2
7
21
27
28
34
38
33
24
18
16
12
11
16
25
38
42
36
27
27
34
38
49
71
85
88
93
97
97
94
86
84
89
94
99
104
109
105
94
93
99
104
109
108
93
71
56
49
51
58
63
70
84
93
83
71
63
57
60
71
85
91
82
72
64
57
49
44
44
44
45
55
55
42
39
40
46
55
48
43
43
38
37
35
28
22
25
33
37
47
54
47
34
22
11
6
13
22
28
36
53
65
55
43
43
43
38
31
23
17
11
15
20
26
39
48
52
58
51
31
30
36
15
-1
11
22
27
39
49
48
40
36
31
26
27
28
31
31
30
27
12
1
5
16
25
24
21
16
10
9
9
9
11
12
11
10
6
-2
-4
-3
-4
2
4
3
8
10
13
23
29
22
18
19
12
6
1
-5
6
36
43
30
31
33
24
13
10
12
15
19
20
22
22
25
34
34
26
26
30
31
31
31
33
34
39
42
36
28
20
8
4
10
19
26
30
30
28
28
22
12
12
10
-6
-14
-11
-8
-5
-1
-2
-7
-10
-20
-32
-35
-34
-36
-36
-35
-40
-46
-45
-37
-32
-27
-18
-14
-11
-3
7
3
-12
-11
3
9
13
13
11
6
4
5
10
22
35
39
33
25
26
27
18
6
1
0
10
26
36
30
10
-6
-12
-11
-13
-10
2
10
13
13
6
-1
2
3
-3
-6
3
18
30
36
30
23
21
27
40
41
42
52
58
54
48
42
32
20
14
15
17
22
25
11
-9
-24
-36
-23
-6
3
11
5
-4
-10
-11
-10
-12
-3
13
21
17
4
-5
-4
2
18
37
43
45
43
21
-4
-13
-8
7
22
28
21
17
12
-4
-14
-7
11
30
45
56
57
42
21
10
8
5
7
12
23
44
50
36
15
-2
-12
-12
1
15
20
19
10
-2
-14
-17
-17
-21
-25
-28
-26
-24
-33
-44
-40
-28
-15
-6
-10
-25
-45
-63
-65
-50
-38
-38
-38
-29
-32
-46
-50
-47
-37
-35
-42
-47
-53
-49
-57
-80
-77
-57
-46
-36
-25
-21
-18
-14
-15
-21
-20
-16
-17
-20
-23
-20
-12
-9
-16
-24
-29
-36
-45
-55
-50
-31
-29
-49
-66
-74
-79
-79
-75
-68
-62
-60
-64
-68
-69
-70
-66
-57
-48
-46
-40
-31
-32
-31
-28
-30
-32
-31
-26
-25
-24
-24
-30
-25
-25
-28
-15
-6
-16
-24
-24
-35
-52
-57
-60
-69
-70
-71
-75
-77
-78
-78
-79
-76
-76
-79
-80
-72
-70
-79
-76
-71
-79
-81
-82
-81
-63
-47
-49
-48
-32
-29
-41
-48
-45
-36
-27
-25
-31
-42
-52
-55
-52
-53
-52
-43
-27
-11
3
10
4
-3
-6
-14
-25
-30
-27
-20
-10
-4
6
17
17
15
12
2
-2
3
5
1
-7
-17
-27
-29
-29
-33
-22
4
21
19
7
-5
-19
-25
-18
-11
-8
-3
0
-8
-17
-23
-24
-22
-28
-24
-4
-6
-25
-31
-24
-22
-24
-26
-30
-30
-21
-18
-21
-21
-27
-33
-28
-18
-16
-22
-14
-1
-3
-7
-3
-5
-3
8
17
14
11
13
7
2
6
8
4
-6
-16
-18
-19
-18
-9
1
9
18
33
38
31
22
13
1
-12
-8
9
26
35
41
44
40
36
33
39
60
81
92
94
92
84
74
67
69
81
94
95
81
62
44
36
47
56
56
57
59
59
56
54
54
60
67
74
80
79
77
81
75
71
84
98
113
120
118
105
88
80
71
68
80
102
120
129
129
115
98
87
89
103
111
110
108
102
97
98
98
97
104
112
110
110
116
110
99
94
88
83
82
80
74
69
70
73
84
96
97
102
108
97
75
60
50
39
30
26
25
29
29
26
25
22
21
23
17
8
0
-1
-3
-5
-4
-8
-6
2
6
6
-3
-13
-14
-19
-23
-15
-5
4
15
24
24
15
4
-6
-11
-5
10
24
35
42
41
32
17
7
6
13
22
35
44
41
36
27
11
7
13
15
17
21
19
12
5
-5
-10
-4
8
14
14
5
-5
-12
-20
-23
-20
-18
-15
-4
6
4
-4
-8
-11
-12
-10
-13
-15
-15
-18
-21
-21
-18
-14
-14
-11
-7
-5
4
12
16
20
18
7
-7
-13
-19
-29
-26
-19
-18
-14
-13
-19
-21
-22
-27
-26
-19
-13
-9
-7
-7
-11
-15
-23
-32
-25
-12
-8
-1
3
-4
-8
-14
-19
-18
-20
-19
-18
-20
-22
-29
-35
-32
-22
-14
-10
-12
-9
-6
-2
-4
-13
-25
-38
-41
-40
-38
-29
-27
-32
-31
-24
-25
-29
-30
-37
-45
-51
-53
-51
-48
-47
-52
-52
-53
-58
-59
-51
-38
-24
-14
-13
-19
-25
-33
-36
-29
-20
-8
3
9
1
-17
-20
-6
-5
-18
-21
-18
-18
-23
-33
-39
-41
-39
-27
-16
-7
2
10
17
19
17
3
-11
-12
-7
7
15
19
26
24
11
-1
-1
9
21
30
26
18
6
-8
-18
-19
-6
15
33
33
24
20
9
-1
1
1
14
29
22
20
24
15
-1
-13
-8
4
19
27
28
31
24
6
-6
-7
-3
5
9
13
12
4
-10
-24
-27
-19
-8
-2
-10
-14
-7
-1
3
17
38
42
31
23
23
14
6
18
32
36
36
36
30
20
18
19
19
15
15
20
22
23
31
39
35
17
2
3
-5
-10
17
41
41
36
39
25
0
-5
3
7
13
20
10
-6
-15
-22
-24
-29
-28
-17
-3
2
-1
3
-2
-21
-33
-37
-37
-30
-26
-27
-24
-17
-8
-2
8
19
22
24
21
16
14
9
0
-1
5
14
29
40
37
39
48
43
30
21
10
2
0
3
20
37
41
46
53
48
36
35
43
53
60
66
66
53
43
49
65
74
69
65
67
73
71
58
53
57
54
49
45
40
42
42
30
14
1
3
6
5
8
9
6
7
17
18
4
-5
-6
-6
-5
4
9
12
17
17
18
24
28
26
15
7
3
-5
-10
-9
-11
-14
-9
-3
2
7
5
-6
-14
-12
-8
-15
-27
-31
-33
-30
-20
-19
-26
-28
-27
-32
-37
-48
-47
-25
-24
-29
-25
-22
-23
-30
-33
-37
-37
-35
-40
-37
-39
-49
-41
-32
-30
-32
-38
-34
-32
-36
-37
-37
-39
-50
-60
-59
-51
-35
-24
-21
-16
-18
-21
-14
-10
-7
1
4
5
2
-3
-10
-15
-19
-26
-25
-12
2
11
12
5
3
7
3
-6
-8
-13
-23
-16
-1
3
-2
-14
-26
-31
-22
-10
-9
-14
-5
3
-13
-21
-11
-12
-14
-8
0
4
2
-4
-10
-9
-3
2
11
29
33
28
31
21
9
17
23
18
18
18
10
5
14
16
2
8
17
-3
-22
-15
-9
-18
-16
-5
-12
-24
-25
-27
-28
-26
-25
-27
-27
-26
-37
-43
-46
-54
-47
-37
-41
-44
-44
-49
-57
-61
-62
-64
-54
-36
-28
-26
-21
-16
-18
-12
2
4
0
-5
-21
-40
-49
-49
-47
-43
-28
-7
2
-4
-9
-6
-7
-15
-20
-11
5
15
14
10
9
6
9
20
31
38
41
35
21
16
18
21
25
23
19
22
28
28
27
30
27
17
13
16
16
10
6
13
21
31
39
41
43
36
26
25
24
18
20
35
56
74
72
52
41
40
33
26
28
37
45
50
47
37
31
21
6
-4
-2
8
16
21
24
33
39
28
17
5
-1
7
4
-4
-3
-8
-23
-25
-18
-7
13
27
23
10
1
-10
-17
-5
11
21
23
13
-2
-12
-14
-10
-14
-23
-17
-1
6
-2
-6
-2
-4
-3
-2
-8
-9
-16
-23
-16
-7
7
15
19
24
23
11
1
-7
-14
-9
-12
-23
-18
-11
-13
-14
-17
-24
-25
-10
3
5
11
16
10
8
14
14
16
22
26
26
26
33
39
38
41
50
54
52
43
42
43
36
33
33
37
44
50
40
19
11
14
25
42
49
57
72
78
66
54
60
75
83
81
76
71
67
63
60
58
64
81
93
90
84
82
71
60
58
69
89
98
101
104
99
91
84
79
78
78
73
65
64
70
78
88
89
80
63
45
40
45
58
68
65
56
46
33
21
23
33
39
52
62
63
65
58
33
19
23
24
25
24
14
9
6
2
1
6
14
20
21
16
6
-2
-8
-13
-16
-20
-11
2
1
-1
-4
-9
-8
-3
-4
-18
-29
-35
-40
-43
-36
-29
-35
-25
-13
-22
-36
-41
-41
-44
-41
-35
-34
-32
-33
-39
-43
-40
-37
-35
-32
-23
-20
-29
-23
-8
-12
-21
-20
-25
-32
-26
-24
-35
-46
-51
-50
-36
-28
-38
-29
-22
-30
-25
-15
-15
-25
-35
-41
-44
-33
-28
-36
-33
-21
-14
-11
-5
-3
-11
-19
-14
-6
-8
-15
-19
-19
-21
-23
-21
-19
-23
-33
-29
-8
-3
-17
-23
-15
-16
-27
-29
-25
-28
-34
-36
-29
-15
-3
2
2
-5
-14
-25
-31
-29
-34
-38
-27
-24
-32
-31
-32
-42
-30
-2
-1
-13
-17
-21
-23
-22
-28
-30
-17
-7
-14
-18
-16
-11
-8
-14
-13
-1
5
4
0
-4
-7
-11
-9
-4
2
12
21
19
4
6
16
-2
-15
-9
-14
-19
-16
-18
-20
-18
-18
-22
-12
1
1
-8
-20
-24
-20
-23
-32
-35
-25
-17
-29
-48
-57
-57
-52
-47
-40
-30
-25
-30
-38
-36
-37
-38
-44
-53
-42
-46
-62
-54
-46
-52
-55
-51
-49
-49
-49
-53
-52
-46
-43
-39
-41
-53
-58
-55
-46
-42
-49
-47
-38
-33
-32
-24
-14
-17
-21
-14
-16
-21
-17
-19
-24
-23
-23
-26
-23
-17
-20
-22
-14
-15
-29
-32
-24
-19
-20
-28
-35
-42
-51
-55
-58
-64
-64
-62
-58
-53
-49
-46
-39
-29
-19
-18
-22
-24
-28
-35
-39
-34
-29
-29
-30
-26
-16
-18
-30
-36
-37
-38
-37
-36
-40
-46
-52
-59
-63
-63
-59
-56
-57
-55
-58
-64
-68
-74
-76
-74
-74
-71
-58
-49
-55
-63
-66
-63
-57
-52
-48
-44
-42
-45
-46
-42
-44
-45
-40
-43
-45
-36
-33
-47
-62
-63
-62
-69
-69
-65
-68
-70
-66
-61
-57
-60
-65
-78
-94
-98
-98
-99
-98
-97
-92
-90
-94
-98
-99
-94
-96
-98
-99
-103
-104
-105
-112
-114
-111
-108
-111
-116
-112
-103
-101
-107
-108
-98
-93
-89
-85
-88
-94
-93
-88
-85
-83
-73
-73
-84
-86
-90
-93
-86
-76
-70
-61
-53
-58
-63
-64
-69
-69
-65
-67
-62
-48
-39
-36
-30
-26
-28
-25
-17
-6
3
-1
-11
-14
-14
-20
-25
-21
-20
-20
-18
-28
-44
-51
-46
-34
-28
-32
-36
-35
-32
-32
-30
-20
-18
-18
-8
-6
-3
-4
-9
-8
-2
7
10
13
17
14
-1
-20
-22
-21
-26
-16
-7
-9
-4
3
-3
-8
1
8
-2
-13
-14
-13
-18
-20
-17
-22
-31
-33
-34
-35
-33
-32
-36
-36
-27
-20
-30
-41
-33
-20
-21
-24
-23
-13
-10
-21
-6
21
24
14
4
2
2
-4
-2
9
13
7
13
34
34
19
17
18
15
9
11
24
37
43
40
36
44
55
56
51
48
50
45
42
53
62
60
60
78
87
66
63
88
84
70
72
84
96
99
96
97
103
95
86
103
113
98
83
77
75
68
63
67
68
65
64
75
91
101
106
100
91
84
69
63
71
72
70
70
69
68
66
55
49
53
53
47
51
54
54
51
44
46
52
50
45
42
46
51
58
63
65
68
62
60
67
59
51
54
51
46
46
44
45
51
45
31
27
24
18
24
32
33
35
40
36
24
31
45
10
15
60
28
16
46
43
24
31
42
21
29
65
53
30
33
36
28
33
47
45
23
9
19
3
-3
9
-2
3
-8
-23
0
-7
-27
-12
-1
-13
-5
8
-4
-12
-7
-19
-7
16
-1
2
14
6
8
0
-14
-7
8
1
-13
-11
-14
-22
-15
-10
5
24
16
8
1
-11
4
11
-3
12
26
9
7
16
10
6
13
15
13
19
34
42
43
42
36
36
40
43
39
30
36
37
31
29
30
33
37
34
19
10
5
2
6
4
-2
7
14
12
14
16
8
-6
-13
-18
-23
-9
5
6
11
15
6
-8
-21
-27
-18
-7
-9
-11
-13
-19
-21
-18
-18
-22
-17
-7
-6
-9
-19
-30
-28
-26
-34
-38
-26
-12
-7
-6
-12
-23
-28
-29
-27
-15
-1
0
5
18
11
5
8
7
5
6
11
13
13
14
9
4
3
0
-4
-2
11
14
7
4
0
6
21
25
25
35
41
41
41
33
23
27
40
43
43
51
58
53
44
39
40
38
37
47
53
44
43
45
39
49
69
72
70
75
75
70
78
87
81
71
66
66
72
71
69
71
70
73
83
94
101
96
81
70
65
62
56
49
44
41
48
64
77
85
78
60
47
37
33
32
29
29
32
38
41
39
40
37
22
12
14
24
38
41
33
22
13
10
11
4
-6
-9
-9
-10
-10
-3
-3
-3
-3
-15
-31
-42
-41
-34
-26
-17
-15
-17
-25
-34
-40
-47
-50
-52
-53
-50
-41
-43
-62
-54
-34
-47
-60
-61
-66
-62
-47
-35
-32
-35
-47
-65
-73
-62
-50
-56
-61
-49
-42
-46
-50
-57
-66
-65
-57
-55
-53
-44
-45
-49
-44
-45
-47
-40
-34
-33
-23
-13
-16
-20
-21
-20
-19
-33
-43
-40
-32
-19
-12
-6
2
1
1
-1
-4
2
7
20
33
38
38
35
35
34
34
37
45
52
56
53
48
54
59
62
59
46
41
42
48
54
53
51
50
48
49
55
57
55
57
55
57
71
81
76
79
87
81
78
81
73
65
70
64
55
62
64
56
51
50
50
55
61
62
61
65
68
59
45
37
40
44
51
59
63
60
55
46
37
35
35
40
50
48
42
52
63
60
50
41
37
45
52
53
50
45
37
24
22
31
34
31
28
24
15
7
12
21
18
11
5
0
-3
-5
-11
-15
-14
-18
-22
-20
-21
-26
-26
-20
-20
-27
-32
-36
-36
-40
-57
-68
-59
-50
-43
-28
-17
-16
-26
-47
-57
-41
-33
-42
-40
-43
-54
-52
-46
-44
-39
-30
-27
-27
-29
-37
-42
-41
-41
-41
-37
-38
-43
-37
-31
-40
-48
-43
-33
-26
-19
-18
-24
-31
-34
-27
-22
-23
-28
-41
-50
-48
-44
-42
-39
-37
-42
-53
-54
-48
-45
-42
-43
-41
-31
-24
-28
-29
-24
-25
-33
-42
-49
-49
-41
-35
-34
-32
-30
-38
-51
-56
-51
-48
-50
-48
-44
-47
-50
-53
-61
-65
-60
-54
-48
-46
-37
-27
-34
-51
-63
-60
-55
-52
-47
-46
-51
-64
-73
-77
-80
-77
-67
-60
-62
-62
-57
-57
-64
-66
-69
-69
-62
-56
-52
-49
-44
-39
-41
-43
-48
-54
-63
-71
-73
-64
-51
-43
-42
-47
-51
-55
-63
-77
-78
-58
-46
-47
-45
-38
-35
-35
-33
-31
-37
-36
-28
-27
-31
-31
-28
-29
-24
-13
-17
-26
-26
-27
-28
-27
-25
-23
-18
-7
2
2
-2
-9
-8
-2
-3
-6
-12
-10
4
12
15
19
17
14
16
17
15
20
24
21
22
32
38
40
41
40
34
31
35
42
52
60
65
70
69
56
38
22
14
21
34
36
51
76
72
52
51
55
47
41
40
37
44
53
51
44
38
36
44
56
60
62
65
55
46
51
58
62
67
68
63
63
68
70
73
79
88
95
101
112
119
116
105
102
101
92
84
85
94
104
100
92
86
78
71
62
58
65
74
75
71
68
57
41
30
32
45
58
67
66
57
51
42
28
19
18
20
18
13
9
6
2
-6
-12
-13
-15
-16
-10
2
10
7
-4
-15
-19
-20
-16
-11
-12
-15
-14
-9
-6
-3
2
7
8
7
4
1
2
-2
-4
-1
1
6
8
3
-5
-9
-13
-15
-11
-8
-11
-9
-4
-2
-1
-5
-5
-7
-8
-7
-11
-12
-2
9
10
14
19
17
14
12
12
11
11
12
15
9
0
1
10
15
13
8
2
-1
-4
-7
-8
-10
-10
-10
-4
-2
-7
-9
-14
-15
-17
-22
-22
-22
-21
-21
-24
-32
-45
-50
-49
-44
-35
-32
-32
-24
-14
-9
-12
-13
-13
-23
-21
-7
-14
-21
-15
-23
-31
-26
-20
-15
-11
-9
-15
-23
-21
-17
-16
-13
-12
-10
-8
-9
-15
-23
-35
-42
-44
-55
-67
-68
-59
-49
-42
-41
-43
-51
-68
-85
-97
-100
-90
-78
-69
-69
-75
-80
-85
-85
-82
-77
-71
-67
-59
-55
-64
-72
-82
-87
-72
-50
-35
-29
-26
-25
-31
-37
-39
-39
-36
-33
-30
-26
-21
-20
-21
-17
-12
-2
4
2
1
-7
-8
3
8
12
14
23
31
24
22
29
39
46
43
40
35
23
22
24
19
17
21
22
28
38
41
39
33
27
26
27
29
35
43
53
63
66
63
60
54
41
36
36
43
55
68
78
83
84
74
57
51
59
71
85
92
93
93
90
89
84
82
83
84
89
89
88
84
72
66
61
63
73
75
75
76
70
60
56
59
50
38
39
43
44
46
48
56
57
45
29
18
13
6
-3
-2
13
30
32
24
16
4
-2
4
3
-6
-14
-24
-34
-45
-58
-63
-53
-39
-30
-26
-29
-41
-50
-58
-74
-83
-76
-68
-65
-65
-68
-72
-78
-80
-79
-80
-78
-79
-83
-83
-87
-88
-85
-79
-79
-81
-75
-69
-67
-70
-75
-74
-69
-62
-61
-67
-75
-82
-87
-92
-90
-82
-70
-62
-65
-73
-76
-71
-65
-63
-62
-59
-52
-44
-41
-48
-59
-68
-69
-71
-75
-66
-53
-50
-54
-53
-52
-54
-46
-39
-36
-29
-23
-23
-21
-16
-25
-32
-22
-15
-17
-16
-17
-17
-12
-14
-26
-32
-30
-30
-23
-19
-33
-44
-41
-34
-34
-40
-42
-42
-39
-33
-26
-29
-42
-50
-48
-44
-45
-44
-41
-45
-52
-58
-59
-56
-49
-40
-38
-45
-53
-54
-53
-54
-53
-53
-50
-36
-22
-23
-38
-49
-56
-65
-65
-56
-48
-43
-41
-40
-44
-48
-49
-49
-46
-41
-31
-23
-20
-24
-31
-32
-35
-44
-46
-41
-36
-30
-33
-33
-21
-13
-8
1
3
-2
-1
-2
-12
-15
-8
-4
-6
-14
-15
-5
-2
-6
1
3
-12
-16
-12
-12
-5
7
9
0
-2
-2
-3
-1
-1
-4
-11
-20
-21
-11
-7
-6
-3
-5
-8
-10
-11
-6
7
21
28
29
25
19
12
8
7
13
30
36
30
28
30
29
20
11
9
17
30
35
35
34
28
21
19
25
38
52
60
67
72
66
60
59
54
53
57
62
63
63
69
74
76
79
84
78
69
66
68
72
72
72
71
71
70
64
60
63
74
82
81
79
76
71
65
59
62
71
81
78
74
78
84
85
79
73
67
71
77
72
72
76
80
82
81
81
78
72
67
67
69
72
81
85
75
69
65
60
62
66
65
63
63
65
66
69
71
67
63
56
50
49
48
56
70
70
61
59
65
70
62
55
58
61
70
76
79
81
79
78
74
73
79
84
83
82
82
83
76
68
73
85
98
103
96
84
76
76
77
74
71
71
71
68
66
64
59
57
57
56
57
62
61
52
42
43
52
57
60
62
58
57
60
64
67
71
73
76
86
89
83
84
81
70
66
67
72
75
68
60
63
69
71
71
69
62
53
50
52
54
57
64
65
56
50
54
62
60
59
56
55
62
57
50
55
64
66
62
54
47
42
35
35
40
40
41
40
30
19
15
9
2
3
8
5
0
-2
-9
-17
-21
-26
-32
-32
-29
-25
-27
-35
-43
-52
-48
-45
-50
-52
-57
-62
-56
-46
-41
-41
-42
-49
-50
-42
-37
-35
-33
-34
-40
-48
-52
-49
-43
-32
-25
-22
-22
-24
-22
-21
-16
-11
-4
-1
-11
-21
-15
-5
-8
-15
-24
-30
-27
-19
-12
-3
-1
-10
-12
-15
-23
-26
-27
-22
-17
-17
-12
-9
-12
-16
-10
2
2
-1
-5
-10
-13
-19
-25
-22
-11
1
6
3
-1
-3
-5
-10
-11
-1
15
26
20
6
-1
-6
-5
-5
-15
-18
-9
1
7
4
-6
-10
-13
-17
-18
-16
-17
-25
-30
-31
-31
-29
-32
-39
-40
-37
-41
-47
-42
-39
-41
-43
-38
-36
-40
-48
-51
-47
-43
-39
-39
-46
-58
-70
-74
-78
-84
-88
-81
-67
-59
-62
-63
-60
-59
-60
-69
-79
-79
-71
-68
-74
-76
-74
-76
-76
-73
-64
-56
-57
-58
-56
-53
-47
-43
-52
-68
-77
-76
-68
-56
-44
-33
-28
-35
-47
-56
-61
-65
-67
-67
-63
-56
-50
-52
-57
-65
-69
-65
-63
-63
-59
-50
-43
-51
-60
-63
-62
-62
-63
-64
-62
-55
-55
-58
-55
-51
-43
-34
-23
-12
-10
-18
-31
-37
-29
-25
-25
-23
-17
-5
5
11
10
4
1
-6
-7
1
16
30
33
31
30
24
20
20
23
37
54
71
71
52
39
34
31
30
34
46
54
57
60
58
52
44
37
33
31
34
36
38
38
35
32
26
31
38
35
34
41
48
47
40
39
41
41
47
55
52
44
44
46
44
46
54
52
40
33
31
27
24
24
22
21
21
20
23
29
28
25
29
24
13
11
17
26
30
29
23
11
2
-4
-5
-2
4
10
15
16
16
17
14
11
7
5
8
14
16
15
7
-2
-6
-3
-1
3
7
2
-7
-10
-13
-12
-2
2
1
10
22
28
27
27
30
31
35
38
40
38
35
32
25
16
16
27
33
35
40
38
30
23
15
10
14
19
16
14
25
36
29
19
15
10
9
6
2
5
12
11
1
-10
-16
-20
-20
-15
-11
-10
-19
-29
-29
-30
-35
-31
-22
-19
-22
-28
-33
-39
-44
-53
-57
-45
-36
-37
-45
-55
-60
-64
-65
-69
-74
-75
-77
-81
-82
-85
-88
-87
-86
-85
-83
-77
-75
-84
-93
-101
-104
-101
-103
-100
-93
-91
-91
-89
-86
-86
-82
-85
-97
-98
-90
-83
-71
-63
-71
-78
-81
-94
-103
-98
-96
-97
-90
-83
-83
-83
-77
-74
-80
-85
-84
-79
-77
-69
-60
-65
-74
-74
-69
-68
-71
-71
-67
-59
-48
-39
-36
-41
-50
-53
-47
-40
-33
-32
-40
-50
-57
-64
-63
-56
-54
-53
-53
-55
-52
-49
-54
-57
-52
-49
-44
-33
-29
-33
-34
-33
-33
-32
-32
-31
-35
-34
-28
-25
-19
-14
-11
-8
-8
-9
-9
-8
-11
-20
-22
-18
-18
-21
-22
-16
-7
-5
-2
0
-5
-16
-27
-31
-26
-16
-8
-10
-13
-14
-18
-21
-23
-28
-39
-48
-50
-53
-54
-53
-59
-61
-49
-46
-54
-56
-56
-55
-46
-36
-30
-24
-18
-26
-43
-53
-50
-45
-43
-43
-42
-41
-44
-47
-43
-30
-19
-15
-15
-19
-20
-12
-7
-10
-14
-12
-3
-4
-15
-23
-27
-26
-21
-17
-11
-5
-1
3
4
6
10
7
5
3
0
5
12
12
9
14
18
14
15
21
23
26
36
45
46
45
51
56
55
61
67
70
72
70
67
62
61
66
67
70
73
70
72
69
59
57
65
74
76
79
81
71
62
64
68
69
71
75
79
75
71
77
80
77
73
72
76
87
97
91
88
88
83
74
67
75
86
90
90
85
79
80
86
82
72
73
75
70
68
71
75
76
74
76
82
83
81
79
73
67
64
67
74
74
71
67
67
68
66
69
74
75
69
62
55
46
39
34
29
22
22
33
40
44
47
43
36
22
11
15
19
14
10
12
10
2
3
9
13
13
14
11
2
-2
-4
-6
-6
-11
-17
-10
1
5
1
-7
0
10
-4
-16
-4
1
-9
-12
-10
-13
-13
-12
-10
-3
0
-7
-14
-15
-16
-22
-23
-23
-26
-27
-24
-19
-25
-32
-33
-32
-34
-34
-29
-29
-28
-22
-16
-14
-13
-10
-5
1
-1
-6
-9
-13
-11
-9
-12
-10
-1
9
15
14
12
16
16
10
6
6
13
28
36
33
32
29
21
17
21
27
29
26
23
24
22
21
26
20
16
21
21
19
19
25
32
36
30
27
31
29
26
30
32
31
32
31
27
21
9
3
14
26
27
34
45
36
23
18
12
-1
-9
-9
-6
3
19
23
19
13
1
-6
-9
-11
-7
3
2
-14
-26
-31
-36
-32
-21
-15
-14
-13
-14
-19
-25
-30
-31
-30
-23
-10
0
2
3
0
-9
-9
-7
-8
-8
-10
-7
2
-5
-20
-22
-15
-16
-14
-3
1
0
-6
-14
-12
-8
-8
-11
-10
-11
-14
-13
-16
-14
-8
-4
-3
-6
-7
-2
3
3
3
5
5
1
-7
-15
-17
-10
-2
4
11
16
17
16
15
11
14
17
13
7
8
14
14
16
21
24
26
28
24
19
19
18
20
24
22
18
15
12
8
7
10
14
15
15
20
22
23
29
32
29
24
25
25
28
33
25
16
21
26
28
33
41
45
42
45
49
49
48
43
43
36
24
26
33
32
29
26
23
23
20
14
10
5
-2
-7
-8
-3
3
6
13
19
21
16
12
8
1
-3
1
10
11
6
-4
-10
-11
-15
-23
-24
-19
-17
-16
-15
-11
-10
-12
-15
-25
-31
-21
-9
-9
-15
-25
-38
-42
-38
-37
-33
-27
-29
-30
-38
-47
-50
-51
-48
-45
-48
-54
-51
-47
-44
-36
-30
-34
-42
-44
-38
-26
-21
-22
-25
-34
-39
-39
-35
-24
-11
-5
-15
-24
-26
-23
-18
-16
-18
-19
-13
-4
-5
-7
-7
-11
-11
-6
-7
-10
-9
-1
0
-7
-10
-6
-1
-6
-14
-20
-32
-36
-32
-27
-22
-22
-22
-24
-22
-21
-29
-31
-23
-21
-20
-16
-20
-32
-42
-38
-32
-34
-33
-35
-42
-46
-44
-42
-39
-32
-28
-35
-46
-49
-43
-38
-40
-46
-50
-55
-63
-60
-48
-43
-43
-42
-36
-30
-29
-27
-22
-18
-14
-12
-15
-23
-25
-20
-23
-35
-44
-43
-33
-28
-30
-30
-26
-28
-33
-35
-33
-32
-34
-35
-36
-39
-42
-43
-43
-44
-42
-39
-36
-30
-26
-25
-26
-29
-37
-48
-50
-44
-43
-50
-52
-49
-48
-55
-64
-64
-62
-68
-69
-62
-57
-61
-63
-68
-83
-89
-90
-91
-80
-71
-67
-64
-67
-72
-73
-73
-75
-75
-74
-72
-65
-59
-57
-55
-57
-63
-65
-66
-66
-57
-53
-60
-60
-54
-57
-60
-60
-61
-64
-62
-61
-61
-59
-54
-45
-41
-49
-59
-60
-58
-55
-51
-48
-48
-50
-52
-56
-57
-59
-60
-61
-60
-55
-59
-66
-65
-61
-55
-52
-53
-51
-53
-55
-50
-46
-46
-45
-37
-32
-37
-45
-49
-48
-44
-42
-41
-36
-28
-19
-14
-11
-11
-14
-17
-22
-23
-21
-21
-19
-12
-6
-8
-8
-3
-7
-14
-12
-3
8
17
17
11
6
2
5
8
12
20
25
20
15
20
28
31
28
25
23
25
26
18
9
2
6
18
28
32
32
30
27
28
28
30
31
32
34
35
35
31
32
32
29
26
26
25
19
19
32
45
48
45
39
33
27
23
28
35
34
35
42
46
48
53
53
46
42
48
56
62
60
48
36
32
36
38
37
37
36
37
43
41
38
42
52
58
58
62
69
74
75
72
66
59
56
57
60
66
75
84
83
71
61
61
65
64
64
64
60
58
59
59
59
58
57
60
62
62
63
59
56
56
57
52
39
39
47
46
38
32
32
33
34
39
40
39
36
27
25
28
27
26
26
27
25
20
17
10
5
4
-2
-7
-9
-11
-12
-15
-20
-23
-20
-23
-30
-33
-27
-23
-30
-40
-47
-47
-49
-51
-44
-36
-39
-46
-56
-64
-55
-42
-35
-36
-38
-37
-42
-50
-54
-53
-51
-56
-55
-45
-33
-26
-29
-28
-21
-25
-29
-25
-21
-19
-18
-20
-20
-20
-25
-23
-16
-3
12
19
23
24
16
6
1
5
2
-5
-4
2
8
7
4
7
9
-3
-14
-12
-7
-2
5
9
8
7
10
10
8
9
7
7
18
24
22
18
15
12
11
14
20
23
23
21
18
15
4
-6
-5
2
4
3
4
-1
-9
-13
-15
-16
-24
-34
-34
-26
-16
-9
-10
-8
-6
-4
-5
-14
-19
-17
-11
-14
-24
-30
-30
-25
-21
-19
-19
-17
-10
-1
-1
-9
-10
-5
-3
-7
-13
-10
-8
-7
0
6
11
14
16
19
24
32
