93
66
64
71
67
59
60
62
49
46
55
58
65
65
54
56
54
46
51
57
46
30
30
37
41
44
45
44
41
38
34
25
21
25
31
31
24
22
25
20
9
6
5
5
5
7
15
20
26
19
6
8
4
4
13
9
-2
-2
7
12
7
17
35
32
26
24
18
14
12
10
8
3
6
16
13
13
18
15
16
13
11
11
15
17
9
12
21
14
-2
1
14
19
8
-5
1
8
11
19
20
17
25
34
34
35
29
17
15
20
26
30
28
31
36
28
26
40
42
35
34
30
21
17
25
26
21
25
26
17
10
11
14
18
21
23
28
30
29
28
24
20
13
7
12
18
15
8
11
17
22
17
11
19
23
24
33
43
37
24
25
28
24
27
35
34
28
23
20
16
15
24
26
25
33
25
13
15
11
8
19
20
14
20
29
36
25
7
6
9
12
15
14
9
4
9
20
25
27
32
32
21
12
3
4
15
16
10
12
19
19
12
16
24
22
13
12
19
16
8
5
4
5
13
20
23
29
27
14
12
20
22
26
32
19
10
24
35
31
39
46
28
22
29
28
31
32
30
29
23
22
28
30
26
22
27
37
36
27
28
24
12
17
30
39
43
36
28
25
22
17
16
23
23
17
17
8
9
34
45
36
45
49
33
24
28
39
41
39
44
51
46
38
35
36
36
31
30
26
19
19
19
20
20
20
24
20
20
19
8
6
14
13
11
14
15
12
8
5
3
1
4
3
-3
-4
11
28
27
13
2
5
10
3
4
6
3
10
20
16
7
7
8
6
4
4
0
2
7
6
17
24
13
1
3
9
9
2
-2
0
-4
1
13
7
-5
-9
-12
-19
-19
-15
-16
-20
-22
-21
-29
-41
-41
-44
-48
-48
-51
-48
-43
-49
-62
-59
-47
-49
-56
-61
-56
-48
-52
-51
-47
-53
-54
-52
-55
-58
-54
-59
-73
-77
-71
-67
-74
-89
-97
-92
-99
-110
-93
-84
-99
-99
-84
-80
-85
-84
-82
-83
-88
-84
-84
-91
-82
-82
-92
-86
-78
-86
-90
-78
-70
-75
-78
-71
-66
-69
-66
-61
-62
-67
-69
-61
-51
-45
-48
-54
-54
-57
-60
-56
-54
-49
-41
-33
-29
-36
-43
-45
-47
-42
-37
-38
-40
-38
-37
-43
-38
-36
-37
-29
-27
-31
-31
-30
-32
-29
-23
-28
-38
-42
-37
-38
-43
-34
-29
-40
-43
-30
-33
-42
-35
-35
-35
-31
-32
-35
-29
-20
-23
-29
-34
-38
-31
-27
-35
-39
-29
-27
-32
-28
-24
-29
-29
-22
-25
-28
-21
-17
-17
-17
-21
-26
-28
-31
-29
-20
-22
-28
-20
-15
-23
-25
-26
-31
-27
-26
-23
-29
-39
-27
-26
-38
-28
-14
-14
-11
-12
-15
-8
-9
-16
-9
4
1
-5
-3
-11
-5
18
15
-1
1
4
-4
-8
3
7
-3
-2
1
-5
-7
-5
4
11
7
4
4
-6
-5
8
8
2
7
16
17
14
17
22
24
16
8
6
4
1
0
0
7
9
1
-3
2
14
19
18
20
27
30
24
20
17
13
7
8
14
11
19
26
24
32
31
18
28
48
41
31
31
27
26
22
26
42
42
33
32
30
18
14
14
9
11
16
13
14
21
23
22
16
11
6
-4
-10
-6
-12
-13
-2
-8
-18
-18
-22
-30
-39
-41
-42
-47
-38
-28
-35
-35
-26
-31
-36
-29
-25
-30
-38
-35
-29
-37
-46
-42
-34
-35
-48
-60
-58
-50
-53
-64
-66
-69
-78
-73
-58
-58
-66
-65
-68
-76
-70
-62
-60
-61
-67
-64
-49
-55
-90
-91
-57
-64
-89
-75
-53
-64
-77
-57
-35
-53
-83
-70
-49
-50
-48
-47
-48
-39
-34
-42
-46
-48
-57
-56
-53
-53
-44
-40
-47
-53
-44
-35
-48
-45
-24
-28
-41
-39
-40
-42
-37
-29
-23
-32
-29
-16
-18
-18
-13
-7
2
1
-4
2
0
-3
3
14
24
24
19
23
40
45
37
37
42
39
35
38
27
18
35
43
30
29
46
57
59
66
70
63
58
63
63
52
50
56
56
55
61
65
66
65
58
53
53
56
56
41
30
32
40
50
52
47
48
58
64
58
46
40
45
50
47
41
43
50
41
31
41
50
50
46
35
31
34
27
27
35
33
37
47
43
34
24
12
13
19
25
34
37
37
43
41
31
31
30
22
21
18
9
11
17
4
-9
0
9
7
7
9
-1
-5
-3
-9
-8
-3
-4
5
12
2
3
25
27
12
21
33
21
19
18
3
-4
6
9
-2
-7
-3
-1
-8
-19
-13
-4
-6
-11
-4
9
2
-4
-2
-6
-13
-5
5
-3
-9
-4
-1
-2
2
-3
-12
-2
16
23
7
-4
8
17
21
25
14
0
12
31
16
2
26
22
-19
-26
-3
8
-1
-7
-8
-18
-19
-9
-18
-37
-27
-24
-42
-43
-43
-46
-39
-31
-34
-32
-25
-21
-26
-32
-27
-34
-46
-39
-33
-42
-40
-39
-49
-45
-37
-33
-34
-39
-45
-58
-64
-52
-32
-40
-64
-58
-38
-35
-51
-52
-40
-48
-58
-55
-55
-56
-45
-42
-54
-74
-76
-57
-63
-72
-63
-60
-69
-75
-67
-70
-76
-63
-50
-55
-65
-58
-48
-58
-62
-46
-54
-75
-71
-66
-65
-59
-63
-65
-74
-82
-67
-61
-75
-84
-75
-70
-80
-72
-52
-47
-59
-59
-46
-52
-58
-38
-26
-38
-37
-30
-31
-39
-56
-59
-56
-53
-55
-50
-35
-64
-85
-57
-57
-73
-64
-55
-54
-40
-30
-38
-41
-36
-35
-50
-56
-47
-48
-37
-48
-76
-65
-55
-53
-48
-42
-29
-29
-41
-46
-47
-63
-68
-56
-57
-72
-82
-71
-70
-73
-53
-44
-47
-37
-29
-30
-27
-33
-33
-19
-14
-15
-17
-26
-35
-27
-14
-2
7
-4
-17
-15
-17
-14
-5
-6
-8
-14
-20
-18
-15
-7
3
-1
-14
-17
-4
-2
-6
0
-8
-12
-2
-4
-12
-13
-15
-17
-2
17
4
-13
1
2
-8
0
-3
-10
-7
-1
1
-7
-9
-1
10
15
-2
-11
8
7
-2
15
20
5
4
17
9
-3
22
41
24
12
21
27
27
30
29
26
33
46
51
42
39
52
52
45
46
36
23
29
38
30
25
40
54
45
38
53
68
77
83
91
93
94
99
91
80
90
106
107
99
94
101
98
83
82
92
93
89
92
98
111
111
95
100
110
99
90
105
107
94
96
110
104
87
105
117
98
93
100
93
91
105
110
102
89
79
81
75
56
54
68
63
61
76
71
50
49
52
56
63
58
49
46
50
39
24
41
43
13
21
41
32
23
10
8
37
40
9
12
21
8
2
-13
-16
0
7
9
2
-1
5
12
20
17
15
18
28
44
49
40
36
31
9
1
15
18
11
-3
-13
-5
2
4
13
23
23
28
27
15
17
31
27
20
46
49
15
9
26
19
3
12
25
19
13
34
42
20
18
25
24
33
49
43
26
34
31
12
13
19
14
14
31
47
42
25
22
22
23
23
14
11
14
20
32
27
18
31
42
24
13
29
43
59
59
32
32
54
56
51
48
34
29
33
25
21
16
4
2
9
22
28
18
10
11
24
35
23
33
46
35
47
64
53
41
38
24
27
44
48
46
47
48
39
36
47
52
49
54
58
49
48
58
54
32
24
43
58
59
63
62
48
45
44
37
47
54
50
58
48
32
46
46
29
39
51
44
38
37
48
47
20
21
37
27
13
-1
11
37
34
21
37
61
51
54
84
77
38
48
77
61
47
48
53
43
29
33
37
39
31
28
32
23
26
38
36
50
82
74
52
53
46
35
36
45
53
50
45
37
35
52
67
59
39
37
45
55
62
51
37
20
21
58
60
28
50
87
73
59
78
84
72
74
75
75
73
73
80
89
92
92
83
56
57
74
76
81
75
79
92
99
110
110
92
101
121
94
82
99
83
61
72
85
85
84
75
73
90
90
86
90
86
87
81
70
74
73
64
71
68
52
64
76
52
28
33
36
34
41
20
2
22
32
37
51
49
32
26
42
49
26
27
49
31
7
13
16
-7
-14
11
15
-14
-35
-18
-4
-25
-30
-20
-32
-33
-13
-13
-12
-15
-25
-18
-18
-25
-29
-23
-21
-40
-46
-19
-12
-32
-37
-38
-54
-69
-65
-60
-72
-78
-74
-66
-62
-64
-53
-34
-48
-69
-56
-34
-37
-42
-21
-12
-16
-6
-22
-45
-35
-28
-10
3
-26
-19
4
-24
-11
17
-20
-40
-20
-7
-20
-45
-46
-38
-30
-11
4
8
16
18
23
21
-18
-30
-2
6
-9
-22
-13
-2
-6
-20
-19
-10
-24
-25
9
14
-11
3
15
5
6
-5
-13
-18
-24
-2
13
-11
-18
-4
-6
-4
-14
-22
-8
-12
-26
-15
-14
-34
-40
-54
-66
-45
-53
-84
-73
-69
-87
-85
-78
-79
-88
-104
-98
-95
-104
-80
-69
-85
-79
-66
-71
-94
-94
-83
-111
-122
-98
-90
-102
-92
-75
-93
-103
-96
-115
-130
-132
-140
-117
-84
-100
-123
-115
-112
-123
-126
-136
-141
-136
-133
-122
-116
-110
-96
-102
-120
-114
-96
-103
-124
-139
-129
-119
-113
-96
-129
-148
-100
-89
-128
-136
-106
-105
-134
-146
-133
-136
-152
-130
-116
-136
-135
-122
-116
-108
-106
-116
-121
-93
-71
-87
-110
-121
-121
-110
-113
-140
-152
-140
-134
-144
-149
-135
-130
-130
-117
-117
-133
-132
-115
-109
-116
-102
-87
-97
-116
-120
-100
-97
-102
-97
-108
-114
-105
-110
-109
-102
-109
-97
-79
-93
-120
-121
-94
-92
-108
-92
-76
-79
-74
-63
-50
-42
-59
-54
-17
-18
-45
-50
-40
-47
-81
-83
-56
-61
-54
-39
-41
-45
-59
-53
-28
-20
-30
-38
-61
-44
0
-58
-119
-64
52
168
215
107
-111
-230
-230
-253
-221
-138
-176
-254
-257
-242
-83
153
229
205
184
214
236
266
223
137
133
60
-37
-169
-250
-181
-95
-66
-69
-56
-123
-156
-92
-12
32
55
123
108
65
-5
-95
-104
-95
-102
-127
-114
-86
-30
28
3
36
126
123
63
100
166
168
191
179
63
-14
14
27
-3
-30
-22
7
2
-5
66
139
111
55
-131
-239
8
56
-100
133
375
116
137
759
726
122
-44
-25
282
982
1334
1256
1113
563
-473
-973
-786
-731
-849
-1103
-1403
-1366
-1039
-681
-529
-414
-109
133
308
436
402
402
582
904
1066
977
896
679
394
501
816
701
295
109
89
381
749
601
161
-506
-1064
-1064
-961
-618
122
739
1094
1079
1037
1160
964
782
1116
1762
2054
1542
329
-1085
-1751
-1670
-1808
-2063
-1591
-503
-300
-2200
-3364
-1270
228
-413
-1396
-3216
-4047
-2366
23
1468
1964
1283
-1474
-3132
-1776
-741
346
3350
5389
3963
276
-2589
-2789
-1715
-595
1432
3249
4063
6198
8775
8816
7511
7341
7135
5504
3831
3038
3036
2803
1028
-2440
-6984
-10768
-12258
-12010
-10890
-8531
-5638
-4451
-5070
-6073
-6832
-7099
-6624
-5384
-4308
-3687
-2091
475
2286
3220
3917
4494
5621
7178
8090
9012
10756
11107
9210
7418
6961
7310
7013
5623
4766
5664
5927
3101
182
-642
-1517
-3000
-3419
-2579
-2004
-2456
-3677
-4945
-5750
-6622
-7065
-6317
-5782
-6256
-6380
-5765
-5228
-4703
-4253
-4235
-3989
-2967
-1759
-950
-230
881
2035
2478
2384
2696
3416
3420
2619
1976
1710
1624
1562
1427
1674
2535
3258
3149
2638
2371
2080
1410
707
375
106
-361
-820
-1068
-1003
-913
-930
-730
-439
-407
-389
-328
-462
-576
-604
-729
-803
-730
-731
-895
-1108
-1178
-1013
-744
-512
-423
-363
-192
23
303
628
758
553
287
198
217
268
290
339
446
427
184
-41
-119
-119
-17
109
275
423
401
287
115
-136
-421
-649
-598
-413
-492
-683
-674
-660
-922
-930
-577
-574
-748
-654
-550
-557
-453
-458
-752
-951
-761
-519
-459
-316
-150
-41
172
441
524
390
257
173
187
208
220
252
138
72
284
453
398
495
699
748
661
687
809
566
128
-151
-167
132
401
319
134
200
289
73
-450
-659
-125
267
-1
-231
147
423
-85
-382
45
-55
-669
-244
772
-31
-2337
-2944
-1512
-35
1516
3119
3236
2515
1722
440
-679
-1113
-1315
-1416
-1055
-910
-976
-793
-627
-796
-1084
-908
-726
-919
-951
-1032
-1503
-1505
-684
167
689
1095
1491
1595
1175
750
450
367
1258
2470
2929
3241
3523
2897
1945
1275
452
16
302
460
356
457
621
386
-93
-318
-504
-1049
-1724
-1874
-1771
-2214
-2227
-1519
-1464
-1540
-774
-187
-712
-1216
-1020
-954
-940
-760
-465
277
1024
1138
1049
926
913
1128
600
-197
-90
137
-126
-188
-46
-58
105
165
5
59
-32
-219
6
323
591
912
931
866
1096
1203
1075
1131
1273
1202
1081
1050
998
826
676
810
846
584
611
834
807
658
708
920
1065
1097
867
487
209
-132
-563
-711
-498
-307
-313
-362
-387
-467
-492
-358
-203
-158
-342
-608
-677
-593
-593
-680
-676
-728
-1005
-1257
-1232
-1072
-971
-938
-1046
-1142
-1117
-1271
-1518
-1571
-1583
-1584
-1472
-1550
-1887
-2060
-2061
-2072
-1921
-1749
-1844
-1962
-1890
-1840
-1923
-1855
-1414
-928
-633
-320
-63
22
229
613
770
751
903
1112
1335
1554
1658
1894
2061
1861
1777
1922
1928
1748
1603
1504
1404
1318
1137
1023
1022
1067
1173
1096
988
1051
1092
1049
1013
1081
1141
1003
694
459
366
268
312
568
710
703
774
803
627
334
122
191
403
426
379
468
496
437
442
408
322
196
-98
-345
-405
-485
-393
-360
-530
-457
-702
-1090
-1040
-936
-715
-554
-795
-961
-918
-1177
-1333
-1129
-1346
-1503
-1014
-602
-473
-312
-60
107
146
349
671
536
54
-91
-17
-138
-233
50
314
429
724
620
70
-162
-234
-323
-223
-252
-436
-433
-475
-689
-848
-862
-785
-747
-633
-492
-482
-431
-617
-881
-457
-116
-522
-586
53
222
-354
-494
-175
-86
-61
68
61
12
338
513
420
384
57
8
318
-69
-655
-353
63
-138
-408
-462
-432
-452
-382
-128
96
114
-20
-140
-237
-251
-268
-335
-148
-90
-307
53
531
307
-2
247
879
1220
1297
1402
1217
596
-30
-124
-40
-267
-277
201
420
241
325
522
418
154
65
180
81
8
233
248
11
-81
-28
36
94
175
288
139
-132
-212
-275
-328
-324
-368
-476
-512
-529
-660
-919
-1149
-1170
-977
-840
-1098
-1196
-754
-843
-1189
-678
-650
-1072
-881
-970
-740
60
199
-56
-178
-400
-475
-41
144
62
361
635
748
718
516
341
131
-1
-12
32
188
364
398
186
33
279
653
944
1207
1296
1166
998
842
744
748
707
579
522
519
524
608
755
902
955
862
754
650
437
339
478
630
771
822
733
599
403
255
224
147
-22
21
199
156
-20
-224
-346
-248
-136
-212
-281
-168
-78
-151
-349
-377
-52
119
-24
-10
163
146
-34
-142
-139
-203
-311
-339
-299
-177
-154
-219
-55
198
223
280
453
337
40
-142
-246
-332
-356
-285
-209
-177
-57
157
265
275
393
629
800
823
739
619
434
145
-57
-111
-162
-145
85
252
75
-150
-193
-187
-133
28
188
364
570
547
219
-115
-230
-221
-149
55
264
467
698
762
631
461
292
149
156
250
264
288
372
386
220
-58
-162
-79
-36
93
249
172
63
89
-21
-231
-253
-294
-402
-439
-522
-539
-321
-57
104
307
397
328
338
264
86
56
110
64
91
322
470
300
128
176
176
147
170
121
90
140
89
-137
-274
-110
47
158
376
413
391
492
495
376
301
253
201
301
356
233
112
-123
-480
-728
-784
-807
-833
-715
-525
-371
-277
-322
-540
-714
-742
-782
-787
-618
-454
-401
-312
-236
-239
-342
-487
-476
-306
-46
146
88
-60
-50
43
100
114
124
333
445
193
33
100
169
198
161
43
166
573
734
654
707
807
793
868
1051
1003
782
714
773
698
556
514
501
520
582
589
532
611
695
539
312
49
-235
-394
-552
-708
-697
-654
-506
-286
-255
-338
-460
-543
-514
-347
-208
-328
-464
-333
-129
-72
-138
-307
-340
-138
-71
-95
-14
-112
-479
-697
-577
-599
-814
-675
-344
-306
-531
-800
-1037
-1151
-1137
-1096
-984
-797
-607
-416
-195
-117
-200
-221
-128
57
192
267
330
277
139
90
217
205
140
336
467
430
454
636
733
544
504
701
568
184
98
-3
-252
-216
-81
5
209
480
435
230
434
526
198
157
260
9
-73
407
852
841
678
406
78
228
536
421
426
635
453
134
19
-38
25
155
96
98
278
88
-344
-437
-447
-436
-155
-36
-399
-767
-691
-663
-1011
-1231
-902
-569
-725
-643
-485
-547
-359
-117
-6
-47
-252
-509
-553
-460
-460
-354
-318
-548
-708
-746
-632
-442
-378
-209
-105
-24
117
-72
-395
-488
-638
-837
-816
-601
-162
-185
-490
-357
-439
-851
-729
-98
128
-6
-114
-181
-141
-156
-234
-178
127
373
316
287
295
256
344
452
505
400
160
270
527
388
370
808
833
252
132
483
524
486
505
532
540
365
268
116
-68
15
-17
-84
149
115
-211
-168
2
78
329
741
923
556
35
-231
-313
-459
-582
-480
-496
-581
-485
-497
-382
75
302
287
302
106
-185
-268
-226
-158
60
328
302
241
199
-8
-80
-131
-145
15
87
126
207
376
506
286
57
-250
-926
-1403
-1474
-1483
-1514
-1340
-966
-534
-438
-525
-244
-281
-634
-637
-546
-718
-721
-396
-462
-748
-874
-745
-191
498
908
779
399
457
610
231
-127
-148
-90
-198
-366
-92
365
453
414
435
159
-239
-201
84
204
198
504
1078
1027
469
432
501
-82
-388
-77
-64
-99
92
-36
-198
-46
95
36
-51
50
149
209
225
118
49
-224
-501
-233
162
253
395
617
618
655
718
425
155
317
599
707
558
343
114
-391
-843
-919
-813
-609
-412
-529
-803
-879
-842
-780
-683
-684
-821
-954
-1099
-1092
-1020
-1109
-985
-642
-310
-188
-292
-237
-6
136
150
297
496
410
254
382
546
356
187
388
603
532
307
338
498
326
142
385
788
864
541
225
115
6
-115
-185
-204
-178
-123
-35
-8
56
259
305
110
-147
-421
-486
-260
-33
147
386
432
40
-353
-148
304
480
694
1051
1123
917
813
814
533
185
163
312
424
432
533
485
24
-356
-373
-260
-17
356
490
454
412
263
73
-59
-175
-212
104
440
339
412
806
732
348
229
389
506
416
406
425
307
243
279
332
220
-13
18
207
80
-164
-118
-83
-362
-777
-1135
-1328
-1349
-1366
-1354
-1191
-1109
-1033
-678
-616
-962
-977
-804
-897
-1069
-989
-793
-745
-691
-654
-535
-220
-69
-46
-2
-31
-2
96
96
66
194
458
412
91
153
480
588
536
578
694
545
175
269
623
407
141
298
225
-112
-132
-48
-109
2
254
507
597
475
427
390
228
130
177
196
220
370
427
346
305
312
227
26
-28
62
188
421
680
962
1025
661
345
300
243
227
433
459
271
408
569
379
143
148
173
60
84
61
-82
-132
-178
-243
-95
347
449
94
40
281
287
163
137
-5
-153
-38
210
311
293
328
199
-115
-410
-504
-380
-385
-567
-616
-541
-624
-591
-312
-330
-572
-698
-829
-924
-710
-350
-232
-191
-39
81
38
-64
-98
-181
-184
-68
-60
-64
65
110
-55
-73
230
590
793
847
746
495
360
385
352
364
462
415
356
458
335
122
229
323
315
301
201
179
282
219
-115
-310
-247
-165
-68
-5
-36
-56
61
135
-99
-396
-506
-478
-346
-53
308
416
246
45
8
141
250
273
362
551
683
606
416
350
310
181
100
69
115
338
523
486
364
294
332
301
185
196
281
276
173
246
306
37
-36
83
-16
25
48
-199
-170
-50
-283
-492
-491
-669
-952
-1022
-1093
-1189
-1250
-1248
-1123
-1047
-1034
-1069
-1101
-1043
-908
-808
-687
-392
-98
-63
-135
19
68
-82
130
532
615
653
762
498
136
182
423
527
530
542
516
439
386
316
121
-73
-91
11
164
247
155
-14
-147
-204
-200
-151
-205
-260
-113
-2
23
152
268
188
50
29
82
174
236
298
367
330
286
318
447
591
544
402
335
359
440
404
278
255
264
173
73
83
90
121
254
452
651
734
833
946
888
745
394
-178
-438
-472
-536
-366
-234
-266
4
237
28
-218
-434
-782
-999
-848
-486
-125
-7
-214
-385
-471
-524
-490
-617
-966
-1007
-389
623
1423
1247
343
-401
-555
-327
-218
56
612
766
302
-82
57
332
405
190
-244
-419
-317
-565
-801
-702
-758
-948
-1131
-1180
-972
-722
-690
-758
-741
-712
-727
-781
-666
-415
-239
-245
-334
-208
-80
-120
-192
-277
-211
80
366
773
1193
1059
686
550
589
610
587
661
720
781
687
344
233
260
-12
-368
-578
-700
-520
-125
-83
-313
-363
-352
-447
-441
-363
-365
-282
-151
-181
-165
-34
-6
37
169
48
-217
-128
56
99
233
494
707
609
525
610
348
-134
-346
-379
-403
-354
-336
-365
-343
-311
-289
-395
-593
-585
-442
-394
-263
-78
-101
-135
-26
-109
-351
-267
55
152
-57
-120
238
468
286
149
159
95
71
199
314
306
251
197
104
-12
54
226
163
90
164
59
-36
47
-57
-278
-511
-813
-867
-823
-707
-389
-446
-650
-234
366
63
-646
-565
-241
-420
-619
-310
4
10
119
279
178
-82
-125
-78
-44
263
702
854
701
619
515
180
-64
81
356
518
801
1027
941
620
183
-100
-239
-241
-66
232
400
217
90
-47
-424
-633
-517
-356
-215
79
314
308
418
657
562
193
-16
-50
-31
125
213
47
-33
287
529
163
-170
-48
-40
-349
-558
-478
-397
-488
-621
-614
-464
-399
-534
-670
-575
-481
-534
-428
-335
-443
-462
-417
-370
-209
8
147
88
-6
37
73
41
2
125
387
568
758
949
996
1006
880
515
171
77
298
566
696
839
971
988
791
480
372
380
328
304
164
-41
50
143
-134
-396
-360
-214
-185
-308
-402
-491
-609
-620
-562
-437
-178
91
173
-76
-492
-644
-526
-420
-247
145
436
333
151
153
128
-3
-32
-75
-134
84
256
39
-293
-359
-179
-82
-112
-223
-372
-419
-438
-419
-365
-364
-285
-169
-93
-43
-62
40
209
150
136
249
210
222
399
529
562
575
532
565
577
320
210
362
540
658
597
479
388
316
210
47
-7
113
275
315
247
267
283
161
237
452
459
336
225
107
-59
-179
-307
-535
-570
-285
-38
-25
-149
-253
-323
-492
-632
-587
-404
-268
-285
-299
-362
-450
-266
31
15
-160
-111
-52
-74
15
71
77
156
177
171
275
260
132
126
134
121
194
193
26
-164
-307
-130
215
340
193
-180
-276
-261
-667
-977
-541
129
218
-12
-158
-232
-268
-386
-365
179
860
1026
684
311
107
58
219
359
457
664
811
828
719
414
-13
-250
-218
-114
19
38
-43
87
236
92
-154
-390
-622
-741
-681
-463
-315
-307
-334
-539
-910
-1122
-1063
-808
-440
-196
-149
-73
75
90
-60
-233
-368
-378
-148
190
394
447
392
157
87
310
325
371
721
786
594
559
417
91
-66
95
344
399
392
360
150
-59
-174
-339
-426
-241
38
236
260
-18
-278
-286
-344
-393
-258
-107
-5
2
-52
34
166
183
259
443
547
551
677
926
900
603
424
425
483
529
636
705
526
449
437
161
-46
-91
-143
-272
-525
-643
-474
-437
-614
-674
-811
-953
-782
-654
-757
-714
-519
-457
-447
-278
-64
-167
-438
-448
-317
-151
143
367
334
185
104
61
-68
-154
-20
108
111
150
197
262
309
171
-15
-72
-97
-100
-3
82
93
62
30
162
349
379
383
344
277
245
37
-102
16
-143
-371
-86
226
252
349
410
188
24
116
52
-185
-172
44
190
370
573
562
508
509
253
-75
1
251
201
-39
-92
-99
-193
-142
-18
140
199
66
92
153
-134
-399
-255
-322
-588
-418
-195
-73
83
-25
-312
-484
-732
-937
-806
-596
-330
12
173
82
44
86
29
-14
-45
23
110
64
7
-63
-215
-275
-110
30
135
209
190
209
136
34
152
346
280
128
173
144
-91
-119
193
281
177
466
731
374
-65
-182
-279
-388
-469
-440
-206
-275
-669
-697
-584
-691
-607
-306
-200
-203
57
338
249
75
122
190
117
-44
-124
27
188
311
553
639
561
599
556
313
161
135
51
47
268
428
359
307
403
432
294
330
519
427
195
209
310
264
244
314
371
446
454
445
480
247
7
167
169
-82
17
269
227
8
-90
-136
-291
-316
-234
-279
-316
-187
-100
-272
-364
-123
15
-209
-378
-340
-452
-631
-559
-324
-87
108
226
378
419
151
-52
-240
-486
-418
-253
-235
-165
-110
-376
-587
-503
-511
-421
-178
-195
-405
-459
-330
-136
12
28
83
154
202
308
378
325
190
188
217
139
209
432
524
441
286
234
385
401
269
333
519
597
647
715
656
555
406
216
165
205
196
120
55
-69
-283
-320
-187
-281
-481
-432
-328
-292
-185
-47
-72
-171
-147
-224
-455
-591
-603
-549
-411
-186
-48
-104
-148
-2
143
46
-157
-251
-158
3
128
251
347
280
34
-22
176
338
424
504
668
696
410
246
390
467
395
350
292
253
105
-199
-209
5
90
192
407
509
437
326
127
-178
-428
-448
-319
-307
-385
-339
-209
-191
-300
-399
-454
-445
-410
-446
-472
-550
-630
-535
-574
-774
-732
-571
-568
-503
-279
-137
-80
26
70
-117
-270
-230
-204
-226
-347
-479
-321
-167
-356
-455
-483
-680
-638
-469
-496
-401
-296
-502
-599
-415
-273
-284
-296
-221
-84
119
191
155
103
-12
14
96
144
358
618
819
951
832
617
519
465
486
519
526
710
923
836
669
589
446
321
273
188
73
77
166
184
-5
-250
-137
94
-60
-328
-359
-399
-514
-453
-224
-49
-43
-157
-367
-553
-566
-434
-271
-302
-306
12
144
-32
-23
-80
-506
-763
-664
-649
-727
-578
-412
-640
-919
-817
-568
-580
-804
-821
-669
-684
-821
-864
-835
-819
-770
-677
-588
-504
-334
-122
2
120
276
428
527
523
528
478
357
435
698
924
1010
951
837
692
512
418
400
412
530
680
694
613
500
280
107
75
11
6
131
265
376
363
253
167
-36
-210
-35
132
148
294
327
260
288
153
-73
-139
-134
-48
115
203
299
300
22
-227
-209
-173
-265
-208
42
152
46
-77
-172
-300
-413
-450
-342
-174
-120
-73
-3
-68
-181
-120
14
48
109
184
205
263
227
77
7
-82
-220
-215
-99
12
77
-11
-147
-85
41
52
83
152
159
307
592
565
317
176
8
7
397
595
484
527
486
288
229
200
215
323
307
237
157
-136
-320
-192
-114
-74
86
193
150
4
-235
-488
-580
-469
-306
-164
-50
-113
-349
-525
-592
-686
-763
-655
-400
-170
-39
45
38
-104
-193
-90
161
381
362
292
425
519
413
402
582
626
431
285
347
390
218
-17
-186
-384
-566
-596
-609
-618
-400
-99
11
-31
-37
51
85
77
179
253
241
288
352
393
385
256
167
208
162
57
59
145
344
583
653
482
218
15
-157
-306
-413
-465
-341
-45
150
125
59
-28
-144
-132
-38
12
100
270
372
353
277
221
246
223
91
-73
-224
-263
-199
-176
-152
-9
59
-45
-115
-139
-273
-482
-561
-483
-413
-431
-485
-483
-405
-333
-236
-155
-212
-220
-168
-333
-573
-576
-414
-296
-246
-168
-77
-73
-73
3
21
-40
-50
49
237
383
416
436
418
386
470
501
348
148
-8
-146
-187
12
300
466
537
651
762
628
325
151
131
152
220
289
234
122
15
-122
-234
-268
-342
-461
-396
-243
-212
-227
-256
-388
-485
-372
-195
-147
-264
-332
-184
-73
-138
-132
-17
-49
-90
26
-2
-81
55
131
86
199
307
212
175
228
237
282
215
41
58
9
-221
-140
139
234
276
370
356
203
97
-6
-186
-227
-138
-96
-66
34
153
185
147
82
62
59
-34
-92
-119
-178
-118
37
175
164
36
103
235
150
93
190
188
71
32
-8
-38
62
123
140
175
172
146
27
-64
44
197
274
349
422
412
304
141
72
24
-110
-79
63
131
202
205
18
-207
-274
-241
-244
-243
-77
46
-176
-443
-507
-546
-561
-385
-148
-4
28
-35
-69
-107
-179
-140
36
155
209
332
360
192
1
-147
-317
-319
3
330
436
443
420
306
119
14
-5
-33
-1
52
-20
-98
-121
-261
-340
-103
165
215
137
-6
-116
-145
-259
-372
-210
104
322
457
448
207
-97
-232
-127
5
38
226
588
704
510
340
187
-6
-104
-111
-45
59
164
224
143
17
0
133
240
154
85
149
124
-93
-252
-210
-178
-194
-99
70
220
259
91
-68
-56
-124
-303
-252
9
179
264
300
261
293
359
342
373
404
332
301
355
381
326
233
218
243
149
63
94
104
53
-17
-109
-203
-289
-364
-337
-266
-282
-218
-32
-16
-178
-288
-289
-175
-73
-101
-83
-25
-77
-132
-108
-68
-43
9
126
247
294
188
-13
-183
-213
-58
84
101
110
101
-43
-201
-278
-359
-391
-289
-184
-212
-287
-306
-253
-208
-247
-220
-71
-7
-24
-39
-200
-433
-523
-485
-320
-86
25
17
-32
-182
-279
-168
-104
-154
-92
31
62
68
55
-73
-258
-319
-217
-150
-116
-37
-28
9
146
181
144
152
68
-80
-182
-251
-238
-213
-230
-281
-342
-369
-412
-454
-415
-253
-84
-91
-171
-195
-218
-187
-133
-88
60
152
152
220
197
102
145
163
157
368
589
547
419
379
272
26
-102
17
80
-75
-208
-189
-168
-245
-340
-351
-286
-246
-262
-290
-385
-575
-657
-548
-451
-349
-155
-9
58
138
209
169
59
55
201
326
294
261
292
167
-92
-181
-77
7
-1
-35
-41
-66
-131
-163
-180
-188
-164
-222
-318
-336
-342
-422
-486
-428
-341
-284
-256
-231
-193
-175
-108
-16
4
-1
67
118
94
90
43
-57
-62
31
101
91
98
199
218
95
114
189
28
-180
-255
-327
-360
-197
56
204
221
221
305
363
271
271
458
498
399
414
448
330
155
84
50
-20
-1
85
100
105
72
-11
-3
-15
-148
-274
-260
-118
-64
-140
-89
40
35
108
333
383
282
294
332
240
137
143
124
-30
-133
-62
1
-59
-11
99
-25
-104
-25
-108
-206
-147
-137
-191
-183
-208
-304
-404
-446
-421
-344
-199
-38
30
-64
-230
-354
-388
-233
78
321
385
370
338
217
-93
-384
-347
-163
-70
4
109
141
21
-219
-437
-482
-415
-407
-425
-330
-248
-313
-348
-304
-288
-215
-70
83
264
326
239
225
292
326
322
388
591
756
746
628
543
459
287
159
126
107
85
64
46
33
-60
-267
-389
-374
-411
-523
-563
-524
-499
-420
-293
-240
-166
10
157
218
218
141
47
62
151
227
323
421
496
486
426
476
569
572
578
614
567
563
589
470
435
526
454
317
292
264
125
-74
-265
-395
-360
-282
-301
-267
-196
-236
-319
-380
-489
-528
-397
-305
-273
-171
-76
4
54
-24
-117
-170
-239
-272
-270
-262
-205
-80
-39
-81
-62
-97
-184
-217
-229
-163
-36
-38
-160
-198
-159
-127
-20
100
87
-21
-68
-86
-180
-180
-63
-29
-8
131
249
195
57
-53
-91
-155
-248
-125
112
185
122
88
24
-122
-111
59
211
331
356
239
118
106
153
194
220
226
169
48
-1
60
62
21
56
69
36
-1
-82
-158
-208
-250
-188
-88
-172
-319
-354
-388
-429
-406
-357
-334
-281
-186
-218
-326
-305
-244
-271
-273
-231
-232
-200
-154
-120
-25
13
6
18
-51
-68
42
72
30
60
147
178
100
65
215
354
360
397
450
477
535
505
416
421
500
573
605
590
531
474
433
376
326
333
381
401
395
422
441
361
226
118
54
-41
-180
-285
-395
-468
-382
-236
-238
-336
-419
-470
-386
-247
-196
-227
-250
-204
-137
-80
-96
-102
4
131
206
258
294
261
196
64
-81
-39
70
69
59
158
253
186
32
-86
-225
-384
-376
-225
-164
-203
-209
-155
-86
-62
-48
-3
-22
-120
-128
-41
-59
-130
-31
180
258
245
339
414
333
268
314
358
313
258
291
317
305
294
263
183
67
23
32
23
68
95
24
47
260
461
475
340
240
259
227
87
41
121
167
166
151
52
-78
-89
-40
-140
-262
-126
39
-16
-110
-85
-16
-6
24
152
284
284
197
204
324
368
289
251
251
236
282
328
280
272
296
215
149
103
-29
-77
-14
-57
-130
-95
-133
-275
-363
-421
-486
-507
-514
-571
-633
-628
-555
-499
-427
-196
-30
-105
-143
-124
-232
-275
-149
-67
-21
49
125
263
296
119
-70
-180
-201
-114
-11
36
27
-16
-64
-89
-130
-188
-202
-253
-292
-200
-114
-73
-50
-18
123
185
39
-40
89
206
230
320
393
366
353
357
381
446
459
400
373
372
285
124
-40
-156
-173
-92
-4
-70
-228
-254
-212
-258
-314
-351
-433
-446
-402
-419
-413
-380
-391
-365
-253
-139
-78
-71
-70
6
52
12
88
205
174
60
-86
-198
-293
-390
-325
-162
-95
-3
76
-98
-382
-538
-600
-694
-700
-443
-124
-29
-99
-128
-158
-176
-92
6
93
208
245
135
151
347
353
255
394
573
547
484
414
251
99
52
68
114
210
293
300
228
126
48
-17
-96
-129
-27
72
41
-13
-33
-108
-271
-399
-480
-576
-625
-512
-303
-208
-157
-45
-50
-164
-176
-137
-149
-129
-27
47
30
71
171
151
72
118
258
294
258
352
417
281
200
256
225
104
87
161
143
36
-20
-35
-60
-57
2
69
89
129
163
95
36
36
35
67
152
239
293
282
184
123
149
145
131
64
-138
-221
-38
91
52
60
66
-31
-111
-120
-107
-126
-204
-226
-191
-278
-373
-359
-349
-328
-287
-327
-379
-294
-192
-208
-234
-140
37
181
303
424
412
232
52
-74
-208
-258
-146
6
60
76
107
60
-88
-221
-246
-227
-227
-156
3
81
81
75
45
29
35
57
115
221
324
359
365
361
307
220
204
259
330
472
632
644
554
500
458
378
284
247
261
259
309
364
284
203
198
115
19
37
60
62
15
-135
-211
-201
-303
-386
-349
-321
-224
-85
-25
15
30
-32
-119
-216
-315
-289
-170
-44
72
83
64
107
61
-75
-67
65
126
182
280
289
252
278
345
365
293
246
258
171
72
80
4
-197
-228
-77
-78
-229
-244
-121
-114
-243
-256
-145
-115
-178
-227
-220
-132
-21
32
-12
-118
-177
-188
-220
-173
0
63
10
24
121
225
196
73
-4
-47
-135
-235
-226
-138
-41
17
-34
-100
-46
8
-85
-235
-315
-261
-131
-83
-34
124
182
121
129
154
135
120
100
84
109
218
385
488
466
380
361
469
603
654
602
524
469
350
182
130
178
140
44
39
85
143
195
191
150
125
128
103
44
-4
1
65
38
-128
-187
-68
22
19
-12
-34
-60
-53
8
5
-20
22
35
2
-27
-104
-179
-156
-127
-145
-101
-9
-38
-139
-193
-293
-423
-494
-450
-290
-199
-167
-99
-148
-286
-303
-221
-171
-183
-192
-158
-144
-180
-203
-196
-198
-207
-188
-162
-109
61
200
128
-10
-53
-41
-56
-46
-1
-39
-97
-50
20
40
74
135
197
247
283
319
269
78
-116
-204
-250
-231
-68
113
204
251
317
357
260
95
43
60
74
220
377
339
274
321
354
299
271
304
325
297
267
302
323
229
42
-121
-198
-218
-180
-106
-53
-57
-83
-145
-253
-290
-217
-162
-194
-271
-383
-462
-435
-392
-387
-344
-205
-82
-101
-120
-32
54
13
-71
-10
90
102
126
127
49
11
61
115
127
93
41
35
57
50
16
0
-18
-122
-270
-277
-126
7
54
55
31
-4
-43
-92
-171
-266
-310
-279
-251
-257
-256
-218
-156
-132
-104
-19
72
139
200
226
145
32
-23
-54
-84
-47
55
120
146
186
234
250
280
401
508
462
334
227
96
-6
11
32
-9
-80
-107
-63
-53
-92
-77
-71
-146
-164
-152
-233
-288
-249
-155
-46
4
-35
-104
-147
-225
-335
-334
-145
113
254
325
393
338
180
39
-41
-43
-23
5
100
142
34
-39
-16
-22
-38
-27
0
52
82
57
24
28
41
28
-12
-47
-36
22
71
100
145
181
199
214
224
192
69
13
72
88
114
138
39
-72
-87
-108
-148
-88
27
50
11
4
11
6
8
50
80
17
-56
-31
50
51
10
69
163
193
146
100
165
247
231
178
176
216
238
198
92
40
45
-9
-52
-23
12
-14
-71
-139
-278
-435
-527
-551
-529
-522
-494
-379
-310
-335
-383
-465
-506
-480
-480
-484
-479
-493
-470
-397
-338
-268
-135
-37
-37
-56
-100
-183
-239
-170
-28
41
75
93
79
62
-6
-108
-92
29
98
141
161
103
36
-61
-108
17
71
-65
-188
-261
-288
-191
-81
-44
52
160
158
166
212
132
27
48
101
157
208
186
122
137
227
278
239
150
94
17
-78
-83
-31
36
96
86
67
97
65
-11
-91
-172
-185
-215
-210
-103
-34
-34
-88
-196
-316
-413
-413
-272
-134
-133
-124
-25
-11
-94
-117
-134
-196
-226
-209
-187
-224
-261
-191
-136
-199
-213
-65
35
-12
-36
-35
-103
-220
-349
-453
-493
-445
-326
-209
-139
-109
-113
-97
-50
-43
-57
-11
77
66
-20
7
112
158
203
313
367
320
223
91
39
71
101
181
223
127
42
4
-37
-21
35
60
23
-85
-211
-245
-168
-123
-172
-169
-81
-67
-100
-55
-28
-75
-79
-15
36
30
10
21
57
102
153
250
400
445
249
-20
-158
-192
-207
-205
-147
-65
-84
-224
-307
-276
-294
-360
-298
-201
-188
-178
-189
-221
-187
-133
-106
3
176
289
379
424
352
256
227
255
330
389
369
355
412
445
402
359
323
232
139
98
75
63
34
-25
-40
2
48
103
136
76
-19
-68
-123
-204
-232
-175
-136
-140
-109
-93
-90
-55
-38
-86
-119
-64
-7
25
95
201
297
330
271
198
179
135
44
35
112
141
170
264
298
229
161
91
-40
-88
11
86
56
-48
-164
-235
-262
-209
-83
-21
-11
11
-35
-115
-144
-123
-52
35
123
236
291
230
198
195
86
-35
-17
91
205
296
303
269
273
240
189
192
140
78
144
182
77
-30
-79
-126
-212
-291
-225
-72
15
57
58
-52
-192
-227
-185
-169
-207
-187
-84
-18
-7
-14
-27
-5
70
160
226
272
289
265
251
229
114
-59
-158
-162
-149
-140
-96
-17
42
87
120
40
-155
-305
-319
-318
-378
-344
-179
-93
-135
-192
-225
-224
-234
-272
-247
-123
10
67
59
22
-2
-16
-38
-31
0
49
107
178
244
235
184
169
171
183
227
219
174
195
239
278
329
350
353
381
351
236
130
41
-42
-70
22
153
153
86
90
84
-15
-144
-242
-257
-200
-186
-222
-210
-131
-57
-64
-109
-106
-86
-72
-6
69
39
7
56
20
-130
-177
-70
-41
-97
-63
-42
-116
-142
-161
-298
-382
-290
-227
-270
-276
-275
-347
-403
-325
-170
-80
-56
6
51
0
-34
6
1
-41
47
174
183
151
117
69
50
94
197
305
378
401
348
224
118
100
104
46
-21
-33
-36
-92
-165
-193
-205
-190
-111
-88
-168
-214
-224
-262
-243
-160
-124
-131
-90
-2
55
51
40
62
62
37
20
60
168
200
146
132
145
192
267
226
128
149
164
58
-27
-55
-131
-213
-188
-121
-150
-205
-160
-129
-195
-217
-163
-111
-69
-45
1
71
74
14
-59
-130
-166
-155
-84
32
142
189
147
75
-11
-110
-163
-162
-139
-129
-147
-171
-199
-237
-273
-309
-288
-184
-130
-155
-202
-280
-344
-377
-393
-329
-208
-123
-86
-39
45
93
70
35
29
41
106
227
303
312
304
277
214
142
115
114
141
188
190
170
161
116
29
-52
-96
-87
12
134
155
135
159
115
-13
-56
-4
31
80
171
225
254
287
279
252
233
199
161
109
46
66
176
234
191
88
-30
-94
-131
-134
-53
7
32
90
119
134
173
179
183
186
101
17
62
143
152
143
183
213
170
95
4
-91
-76
32
137
252
311
237
46
-134
-184
-176
-171
-104
-5
28
-1
-53
-106
-178
-236
-214
-140
-44
55
122
131
83
8
-53
-66
-14
96
167
120
68
119
175
161
140
96
-14
-126
-129
-77
-81
-65
10
31
-46
-116
-92
-61
-96
-118
-87
-53
-16
-9
-102
-218
-231
-197
-190
-122
-16
8
7
58
86
66
88
156
201
188
187
258
246
131
97
115
73
24
35
79
131
180
228
254
201
111
59
33
30
88
205
309
309
233
168
136
132
115
85
102
126
100
55
-6
-60
-68
-36
34
81
69
79
73
-10
-54
-28
-35
-47
9
89
134
101
38
29
-6
-60
-12
59
100
151
163
118
45
-18
-2
55
82
121
168
155
104
38
-24
-71
-94
-42
19
-1
-24
48
120
99
61
42
-28
-137
-155
-110
-129
-141
-79
-45
-74
-82
-62
-79
-109
-139
-218
-295
-310
-266
-200
-188
-208
-169
-85
-46
-119
-238
-235
-129
-72
-26
60
88
46
38
75
79
104
209
271
259
259
212
73
-4
56
135
142
135
181
216
203
193
174
142
147
146
68
-21
-40
-15
-6
23
97
96
14
-22
-21
-17
49
151
190
185
181
155
92
15
-17
7
43
128
264
316
272
231
193
135
108
114
92
25
-75
-141
-132
-113
-106
-133
-169
-129
-78
-76
-107
-195
-271
-240
-173
-156
-156
-112
-68
-95
-157
-178
-150
-119
-103
-63
7
57
75
101
126
109
71
70
73
61
84
113
154
248
307
229
93
32
18
-12
-5
61
106
94
56
-3
-44
10
89
67
0
-5
53
88
68
82
142
168
167
177
161
121
107
101
63
11
-11
62
175
178
85
9
-4
24
65
100
94
52
11
-47
-123
-149
-136
-126
-131
-153
-129
-88
-106
-97
-59
-106
-181
-184
-177
-229
-248
-130
46
157
200
249
261
182
106
82
101
167
204
180
194
235
210
128
40
1
23
53
50
10
-74
-163
-202
-191
-165
-131
-60
19
25
-20
-18
-9
-80
-152
-149
-105
-26
79
131
120
80
29
-35
-147
-241
-270
-298
-318
-261
-176
-167
-174
-166
-242
-345
-356
-309
-276
-263
-273
-289
-283
-253
-207
-143
-80
-56
-63
-94
-166
-214
-172
-85
-7
87
197
210
88
-21
-54
-90
-128
-112
-74
-56
-28
9
-3
-27
-37
-88
-163
-196
-180
-139
-48
72
123
120
128
106
43
16
46
108
169
170
153
172
154
90
43
18
20
69
131
109
-44
-210
-284
-342
-406
-369
-231
-145
-162
-178
-176
-219
-328
-448
-477
-442
-408
-345
-280
-240
-206
-192
-220
-283
-328
-302
-206
-89
4
58
73
56
15
-34
-85
-87
-45
-46
-85
-129
-184
-219
-207
-209
-196
-96
-36
-70
-83
-74
-100
-98
-24
27
6
-60
-146
-163
-121
-110
-78
-5
27
-8
-88
-140
-130
-116
-119
-97
-55
-45
-61
-58
-35
-17
-1
24
66
114
88
-9
-74
-110
-143
-127
-58
-7
18
48
52
24
10
-2
-30
-23
19
13
-46
-78
-39
62
154
152
92
36
-49
-86
-10
52
56
70
77
47
17
42
111
146
157
217
307
349
346
327
243
127
96
153
229
279
267
214
171
132
87
70
101
135
129
82
52
78
66
-22
-116
-188
-212
-134
-23
28
49
23
-68
-126
-118
-109
-100
-50
8
38
63
98
90
58
53
12
-39
-32
-7
-28
-100
-149
-142
-112
-54
24
51
18
-20
-44
-53
-70
-110
-137
-127
-87
-37
-26
-94
-161
-135
-103
-110
-59
25
48
43
38
37
44
16
-5
39
102
147
181
203
209
218
203
160
167
199
159
95
100
153
186
156
97
84
129
175
177
177
221
284
347
354
258
132
63
42
34
72
143
202
256
248
161
58
6
-1
-13
34
122
141
155
245
321
348
393
453
495
471
360
256
221
226
233
196
111
67
96
129
145
148
104
10
-83
-139
-162
-181
-174
-91
-19
-41
-71
-81
-103
-93
-16
105
249
353
368
306
199
132
121
118
145
198
208
175
143
143
156
132
93
77
79
69
23
-45
-101
-123
-124
-150
-180
-155
-127
-165
-242
-296
-277
-211
-149
-140
-183
-158
-58
-31
-70
-56
-21
-47
-85
-95
-115
-137
-120
-91
-79
-91
-170
-273
-319
-344
-367
-320
-204
-104
-48
-30
-54
-75
-52
-54
-120
-122
-36
28
38
30
13
1
46
118
186
230
216
157
68
-26
-77
-69
-48
-74
-111
-100
-105
-162
-207
-219
-188
-142
-155
-171
-131
-94
-100
-111
-103
-84
-49
-38
-69
-78
-41
-30
-74
-97
-96
-95
-61
-22
-35
-75
-63
18
101
114
51
-41
-120
-154
-170
-204
-240
-256
-236
-191
-129
-47
19
37
45
46
14
-39
-82
-107
-105
-48
51
125
154
158
99
-6
-72
-80
-52
-26
-30
-26
-21
-40
-42
-33
-68
-138
-203
-243
-233
-178
-128
-124
-205
-284
-276
-266
-249
-157
-55
27
72
43
13
17
6
9
45
86
151
244
274
210
155
107
39
29
80
113
125
145
135
94
71
50
-37
-175
-246
-199
-137
-181
-250
-231
-194
-201
-183
-98
-52
-107
-174
-187
-161
-120
-83
-50
-27
-17
53
165
195
194
261
309
258
185
174
186
173
190
221
181
102
35
-33
-75
-60
-47
-69
-110
-171
-206
-211
-230
-228
-193
-170
-173
-203
-242
-251
-223
-183
-151
-131
-89
-34
-3
32
68
67
54
65
68
41
29
23
10
10
-9
-20
21
31
-27
-45
37
102
85
59
35
2
-8
-15
-23
35
133
146
56
-45
-108
-138
-145
-139
-128
-120
-97
-84
-102
-128
-162
-198
-198
-148
-99
-104
-134
-120
-81
-65
-47
-6
23
6
-24
-13
10
7
27
90
136
151
165
167
117
30
-25
-2
70
134
139
76
-4
-79
-117
-77
-29
-21
-25
-51
-75
-63
-34
-21
-49
-66
-37
-1
48
105
108
54
15
13
45
114
158
183
218
196
131
90
16
-68
-47
15
36
62
116
167
165
123
113
150
179
169
128
91
86
76
38
-8
-21
12
20
-17
-39
-25
-26
-67
-110
-129
-134
-166
-238
-257
-170
-67
-28
-43
-57
-23
2
-31
-50
4
93
145
156
154
118
58
29
45
83
121
143
126
70
16
3
20
73
136
174
200
185
123
53
-15
-69
-59
-2
52
118
173
167
119
77
74
85
92
148
260
340
371
358
266
163
84
24
54
138
197
241
227
122
8
-77
-118
-105
-65
-22
-19
-47
-91
-187
-291
-313
-266
-194
-136
-116
-85
-62
-119
-173
-151
-117
-110
-86
-39
-30
-53
-48
-3
36
29
23
30
12
7
31
29
34
87
119
79
30
53
111
131
150
197
212
192
181
177
180
185
181
153
119
93
40
-20
-26
27
67
32
-25
-68
-123
-158
-148
-132
-108
-69
-54
-59
-41
-18
-28
-22
24
64
75
82
121
162
136
97
145
199
166
100
37
-27
-32
6
24
37
41
26
15
-18
-86
-144
-146
-143
-148
-101
-41
-3
44
77
90
130
198
234
215
216
259
283
295
299
282
251
196
146
114
88
137
224
226
212
276
328
290
208
149
110
42
-25
-14
25
26
37
55
35
-6
-39
-45
-29
-37
-61
-63
-72
-99
-110
-94
-74
-60
-36
13
63
74
71
85
95
68
48
100
161
160
131
88
21
-49
-84
-90
-91
-66
-17
0
-22
-46
-84
-150
-195
-187
-165
-158
-159
-167
-180
-164
-106
-34
37
94
136
158
158
146
159
204
222
222
243
258
248
206
180
182
149
127
157
175
160
146
97
2
-69
-111
-158
-198
-223
-238
-231
-222
-233
-226
-206
-209
-206
-186
-179
-166
-146
-170
-249
-322
-337
-294
-199
-101
-69
-70
-67
-89
-117
-117
-87
-24
56
99
93
87
57
-40
-110
-71
14
92
162
187
156
93
4
-67
-66
-11
65
112
106
74
35
-26
-102
-139
-145
-146
-138
-129
-101
-58
-40
-40
-33
-31
-32
11
80
114
90
33
6
13
25
53
102
141
175
213
205
183
174
95
-35
-84
-49
-44
-83
-120
-154
-156
-124
-129
-173
-185
-169
-177
-211
-244
-257
-240
-204
-164
-134
-112
-84
-64
-76
-111
-133
-121
-66
-2
32
51
86
129
152
154
124
42
-62
-107
-87
-93
-112
-69
-24
-33
-46
-54
-72
-102
-127
-96
-35
7
37
48
28
3
-7
-4
24
100
184
202
147
90
60
23
-6
7
31
51
84
96
99
96
35
-47
-82
-88
-112
-126
-78
-10
1
-14
17
71
101
98
79
72
79
115
163
147
110
117
119
86
58
65
55
5
-43
-75
-108
-151
-170
-151
-143
-151
-140
-107
-76
-84
-123
-154
-180
-194
-211
-260
-302
-294
-224
-133
-101
-112
-63
31
44
-39
-112
-119
-102
-92
-97
-121
-163
-205
-219
-211
-202
-168
-94
-32
-23
-43
-59
-63
-65
-66
-54
-22
43
119
169
179
169
135
80
46
52
99
126
76
6
-32
-34
-23
-43
-89
-121
-113
-83
-62
-50
-77
-144
-172
-137
-81
-34
-7
10
29
3
-37
-12
29
24
-15
-30
-3
24
-3
-41
-44
-57
-74
-57
-19
24
38
-10
-57
-38
-14
-54
-124
-177
-229
-269
-286
-267
-195
-128
-87
-56
-49
-24
8
-26
-62
-13
56
116
175
188
154
93
72
114
126
118
164
208
197
185
148
58
-29
-95
-116
-61
23
53
0
-73
-95
-95
-126
-136
-84
-23
7
4
-46
-125
-170
-192
-217
-190
-86
51
137
107
30
-2
-6
-31
-72
-77
-15
55
69
69
94
98
62
18
-1
23
59
61
37
12
-21
-37
-12
24
48
54
36
6
-11
-3
3
-26
-57
-56
-41
-32
-48
-67
-49
-35
-81
-140
-122
-50
-3
12
16
24
45
60
48
18
4
32
83
118
133
141
132
113
99
111
126
121
97
19
-113
-212
-201
-134
-81
-47
-38
-50
-83
-141
-217
-273
-258
-206
-160
-98
-17
40
51
21
-1
24
82
152
187
147
95
64
40
68
136
193
248
316
368
362
299
205
127
102
94
76
105
180
210
188
175
156
127
137
160
159
152
140
127
108
74
57
64
63
67
102
105
43
-33
-105
-175
-216
-214
-195
-145
-37
54
44
-75
-219
-288
-276
-220
-127
-23
20
-5
-37
-69
-65
14
104
161
232
302
303
233
135
85
100
144
225
312
333
274
178
82
-6
-60
-49
-5
13
2
-26
-64
-88
-103
-124
-119
-90
-66
-23
16
-6
-39
-9
42
65
94
146
167
129
97
111
131
147
150
125
114
130
134
141
151
144
150
168
167
147
110
67
50
44
9
-12
8
28
33
42
24
-27
-41
-20
-7
4
52
131
156
101
35
-13
-44
-53
-49
-41
-29
-4
9
-16
-38
-22
-5
15
34
11
-12
-11
-34
-60
-57
-41
1
67
88
64
64
79
79
75
64
59
67
76
73
74
89
102
97
77
88
123
122
109
127
163
183
172
140
106
71
48
91
177
229
239
206
134
99
114
106
83
80
68
50
66
100
91
59
54
51
42
54
86
83
19
-40
-27
42
92
104
107
110
81
40
35
38
32
33
34
31
27
7
-32
-63
-83
-88
-90
-117
-136
-116
-77
-61
-86
-122
-125
-118
-128
-133
-136
-130
-111
-103
-127
-146
-122
-82
-58
-43
-26
0
40
68
72
73
59
35
30
49
94
137
142
129
124
100
68
76
81
66
54
52
68
79
91
109
95
40
-10
-23
-17
-9
-14
-31
-35
-37
-77
-120
-121
-122
-139
-132
-101
-63
-2
33
11
4
4
-26
-48
-47
-32
-4
3
14
51
80
90
85
70
31
-37
-95
-109
-74
4
74
90
91
101
84
38
5
-2
18
46
49
58
64
44
41
65
63
38
43
61
54
24
3
5
-24
-92
-153
-169
-151
-139
-116
-88
-90
-112
-142
-156
-131
-101
-111
-132
-112
-84
-90
-94
-68
-38
-17
-21
-48
-76
-106
-124
-134
-130
-83
-29
-17
-14
-2
-41
-126
-188
-205
-217
-212
-151
-71
-36
-60
-111
-138
-118
-99
-98
-70
-21
3
-3
-14
-31
-66
-99
-102
-65
-26
-25
-48
-60
-35
9
9
-21
-29
-47
-107
-165
-177
-137
-98
-92
-73
-48
-67
-107
-132
-156
-158
-116
-65
-22
6
9
-9
-43
-71
-55
-15
13
43
77
109
135
150
153
151
160
168
140
104
90
74
64
64
53
41
29
-1
-44
-99
-154
-177
-172
-148
-107
-91
-125
-180
-220
-221
-186
-134
-88
-66
-66
-65
-71
-66
-25
1
1
6
-8
-15
14
41
56
67
74
92
87
46
16
-15
-87
-142
-139
-139
-157
-147
-114
-100
-92
-58
-36
-50
-62
-93
-162
-207
-212
-198
-154
-79
18
93
81
22
-1
5
0
-3
7
31
37
-11
-61
-63
-40
-42
-61
-54
-41
-62
-101
-104
-60
-17
3
33
73
61
-2
-37
-27
-16
5
28
28
28
43
60
76
82
77
91
106
106
107
84
53
35
26
32
68
130
155
122
66
23
-10
-40
-30
16
42
31
20
6
-43
-109
-144
-127
-86
-48
-38
-51
-43
-24
-18
-17
-27
-57
-85
-85
-74
-71
-41
15
64
89
90
70
21
-57
-148
-200
-196
-160
-102
-44
-28
-62
-120
-209
-280
-277
-224
-153
-75
-20
-40
-120
-191
-214
-191
-147
-106
-57
-5
-5
-58
-105
-109
-73
-21
7
-10
-25
5
47
75
97
123
155
170
158
117
82
78
98
126
162
198
161
67
-1
-25
-3
30
47
72
79
24
-64
-132
-162
-167
-151
-92
-23
2
-13
-56
-116
-170
-189
-155
-100
-60
-33
-15
-30
-68
-87
-98
-106
-77
-14
45
65
40
8
-30
-87
-117
-90
-44
-3
44
97
137
136
104
57
2
-30
-1
68
120
149
173
171
124
74
59
69
99
146
187
208
198
157
110
59
21
26
54
84
93
64
25
-13
-43
-62
-83
-108
-108
-85
-53
-22
-11
-23
-53
-96
-134
-137
-113
-109
-133
-161
-165
-140
-118
-111
-88
-55
-40
-38
-28
-9
-16
-40
-54
-66
-59
-37
-47
-64
-30
18
41
51
48
58
80
74
51
48
65
70
62
58
28
-24
-60
-53
-25
-12
-3
21
42
38
21
9
2
-1
-15
-36
-22
8
0
-24
-28
-32
-41
-30
-14
-18
-16
-6
-16
-32
-34
-41
-78
-126
-134
-98
-50
1
65
104
82
27
-25
-68
-96
-88
-31
38
61
47
26
8
1
-2
5
34
84
99
76
92
116
99
71
67
100
140
148
138
137
128
120
138
163
159
135
143
169
178
198
226
210
154
116
115
119
100
98
113
87
21
-52
-103
-131
-156
-156
-142
-163
-170
-115
-72
-84
-113
-140
-163
-168
-144
-90
-26
-4
-22
-33
-40
-33
14
68
79
68
71
60
22
-10
-37
-71
-91
-102
-115
-119
-126
-155
-187
-211
-216
-177
-110
-74
-76
-90
-100
-92
-91
-128
-175
-188
-169
-132
-83
-43
-15
-1
-23
-69
-101
-121
-132
-126
-108
-84
-59
-48
-53
-62
-89
-146
-191
-182
-142
-96
-64
-67
-69
-53
-58
-81
-84
-62
-22
22
43
35
26
27
11
-5
22
67
110
143
137
103
76
57
41
25
17
21
17
14
25
49
92
122
115
96
59
-2
-33
-5
42
61
55
45
46
64
76
50
11
14
46
59
23
-23
-8
34
43
39
26
7
-12
-38
-55
-63
-79
-84
-62
-34
-16
5
48
84
94
99
85
42
10
-6
-28
-49
-28
36
67
62
84
85
25
-45
-50
-2
29
35
39
52
53
15
-43
-75
-86
-96
-102
-97
-62
-20
-18
-22
2
18
-3
-11
-3
-27
-53
-31
6
21
7
-12
-20
-45
-58
-15
21
34
52
39
-1
-16
-17
-33
-55
-55
-23
-7
-30
-41
-45
-37
6
44
67
113
157
169
181
203
200
168
147
142
121
97
102
127
135
124
112
93
66
41
-1
-28
-8
30
57
69
46
3
-29
-51
-71
-74
-63
-51
-21
15
36
38
23
10
6
4
9
22
29
32
42
36
18
26
50
55
52
56
54
62
73
57
23
-2
-13
-26
-37
-36
-18
15
45
70
115
150
138
121
136
166
196
227
236
205
171
138
88
48
34
48
81
86
58
34
9
-13
-14
-1
37
111
175
204
225
245
244
221
206
214
225
225
237
261
279
304
329
344
356
338
275
194
133
111
104
100
107
117
121
129
124
89
61
58
64
61
48
55
81
88
82
98
124
129
131
138
136
129
119
104
93
93
94
99
111
114
108
104
96
74
28
-24
-54
-78
-105
-111
-90
-74
-82
-91
-102
-119
-143
-160
-146
-107
-86
-80
-55
-20
-6
-12
-16
-29
-67
-97
-87
-43
2
21
26
28
22
12
-3
-37
-78
-81
-39
3
22
20
1
-19
-25
-2
37
60
71
72
56
41
41
26
-2
6
44
75
78
69
69
72
77
89
110
131
127
97
60
42
47
43
23
9
16
35
30
-7
-49
-79
-101
-121
-131
-112
-76
-75
-90
-89
-81
-69
-69
-71
-60
-57
-76
-117
-158
-161
-130
-110
-118
-133
-115
-72
-46
-26
1
-6
-37
-54
-58
-55
-36
-7
24
59
77
61
17
-31
-56
-81
-101
-87
-70
-59
-37
-38
-49
-41
-35
-35
-24
-29
-56
-85
-111
-129
-117
-83
-38
30
91
108
93
78
66
48
36
31
39
46
43
48
71
98
111
123
158
184
170
141
116
91
88
113
135
122
74
24
-11
-31
-42
-56
-49
-12
33
58
52
15
-27
-49
-67
-84
-86
-70
-45
-31
-12
26
39
6
-43
-74
-88
-73
-26
18
34
28
14
-2
-3
6
15
48
92
109
90
54
26
2
-23
-10
57
116
113
66
16
-37
-94
-99
-45
5
21
1
-47
-101
-133
-136
-119
-85
-34
14
34
21
-15
-68
-121
-155
-154
-119
-82
-75
-102
-126
-119
-96
-85
-85
-91
-114
-127
-103
-55
-23
-25
-44
-68
-96
-123
-116
-99
-106
-87
-57
-68
-82
-83
-85
-69
-41
-23
-12
-25
-60
-80
-74
-56
-42
-54
-79
-84
-83
-94
-82
-53
-42
-46
-50
-43
-36
-27
-6
3
-3
17
59
64
21
-11
-14
-10
1
32
53
30
-25
-81
-112
-102
-64
-23
23
66
82
73
46
22
11
15
30
60
101
101
54
3
-19
-7
20
50
62
68
74
59
24
-15
-39
-28
5
42
96
140
126
73
23
-15
-49
-69
-55
-21
-1
-5
-19
-19
-18
-45
-68
-49
-10
13
20
21
6
-15
-33
-49
-26
10
10
2
-6
-44
-81
-87
-60
-3
29
22
16
12
-6
-42
-79
-95
-65
-14
31
65
62
24
-19
-45
-43
-21
6
13
5
-5
-10
-17
-35
-48
-48
-36
-31
-52
-77
-85
-95
-116
-121
-94
-60
-46
-28
2
12
-14
-56
-80
-77
-63
-46
-9
45
46
-9
-46
-49
-52
-51
-36
-13
6
27
51
46
9
-35
-63
-57
-23
2
1
4
13
-2
-29
-49
-78
-110
-124
-118
-90
-42
6
23
2
-38
-63
-52
-13
20
17
-1
-7
-16
-20
-1
45
87
92
75
68
83
80
44
2
-18
-1
19
12
-10
-36
-58
-61
-39
-14
0
6
-7
-38
-63
-55
-18
15
30
20
-13
-58
-86
-86
-77
-66
-46
-7
36
49
25
-12
-40
-57
-64
-44
-12
4
7
-17
-66
-91
-92
-91
-73
-22
25
34
10
-28
-43
-22
11
34
49
48
26
8
11
22
23
26
41
68
112
149
139
95
62
45
29
26
41
58
69
65
54
59
57
37
18
-3
-18
-12
3
25
44
57
68
63
34
7
-9
-21
-13
14
47
49
9
-30
-34
-11
18
42
65
60
8
-38
-54
-69
-87
-90
-71
-52
-45
-42
-43
-42
-52
-65
-60
-43
-55
-99
-119
-110
-99
-83
-49
-10
-4
-40
-90
-138
-172
-163
-127
-99
-67
-15
12
-28
-83
-92
-64
-21
17
45
64
71
75
55
13
4
19
35
74
111
134
143
114
73
67
71
70
87
102
121
145
126
57
-20
-64
-65
-47
-43
-40
-25
-35
-71
-95
-84
-45
-15
1
15
18
-6
-35
-55
-70
-49
13
93
169
213
217
201
174
156
178
209
228
254
252
216
194
191
176
161
164
163
158
164
152
118
90
81
97
117
115
94
53
6
-8
17
56
65
32
-2
-16
-35
-59
-62
-45
-41
-41
-26
-27
-51
-68
-68
-54
-37
-15
16
29
8
-5
5
12
17
24
21
12
11
35
68
79
71
54
29
-6
-41
-61
-67
-72
-64
-18
41
74
78
51
-1
-39
-28
5
32
50
56
64
76
82
82
83
96
111
114
115
136
167
165
135
125
129
114
105
116
104
82
75
63
31
9
22
45
37
3
-11
-23
-59
-64
-31
-7
1
-4
-29
-64
-91
-114
-118
-90
-53
-15
22
47
51
22
-27
-60
-62
-51
-31
-6
6
5
7
-4
-45
-78
-80
-75
-76
-62
-41
-53
-81
-86
-78
-90
-116
-117
-99
-87
-77
-54
-26
-28
-53
-58
-54
-66
-83
-89
-85
-77
-73
-80
-98
-121
-145
-147
-122
-94
-77
-62
-65
-88
-111
-133
-133
-96
-58
-44
-47
-49
-42
-21
0
-6
-12
1
19
40
58
73
82
71
51
38
25
27
35
22
16
37
54
71
94
81
45
32
24
11
18
15
-6
-1
12
-11
-38
-41
-40
-38
-23
-8
-24
-73
-101
-86
-92
-140
-173
-162
-146
-170
-192
-183
-194
-220
-239
-266
-281
-263
-233
-213
-206
-200
-204
-229
-262
-284
-281
-251
-217
-185
-152
-139
-144
-165
-201
-229
-242
-227
-195
-181
-186
-191
-192
-199
-201
-187
-158
-124
-117
-133
-131
-111
-110
-130
-136
-117
-101
-88
-53
-13
3
6
-2
-32
-65
-71
-65
-62
-42
-15
-10
-28
-55
-74
-65
-38
-23
-20
-3
21
25
3
-37
-68
-66
-47
-20
1
5
4
-7
-17
-6
17
45
77
82
67
62
36
-6
-16
4
17
32
48
45
40
45
45
40
41
53
74
87
73
51
40
46
64
76
78
80
86
99
105
104
109
102
86
74
56
16
-27
-61
-92
-103
-90
-80
-84
-89
-91
-101
-119
-124
-104
-74
-56
-65
-81
-78
-77
-94
-97
-81
-77
-74
-44
-6
12
16
4
-21
-20
8
21
12
-1
-10
-20
-38
-51
-49
-51
-65
-79
-83
-76
-63
-55
-58
-63
-73
-70
-47
-20
-6
-6
16
60
92
103
121
166
197
197
196
204
204
186
147
97
68
67
68
55
28
0
-24
-41
-35
-25
-45
-67
-58
-37
-34
-63
-105
-135
-160
-170
-147
-112
-92
-86
-78
-73
-65
-33
7
43
62
69
74
87
114
148
170
166
162
170
169
138
80
51
67
83
85
84
70
42
26
19
10
6
3
-12
-38
-64
-90
-119
-131
-115
-85
-45
0
22
-7
-60
-107
-138
-141
-114
-56
10
50
74
88
69
23
-16
-31
-13
35
88
136
169
169
152
132
109
86
77
60
31
18
24
29
35
50
58
47
19
-15
-44
-56
-51
-41
-17
31
74
68
30
3
8
35
56
70
87
102
108
97
74
58
59
66
64
69
81
81
76
82
94
89
75
79
99
107
91
76
69
55
48
60
77
82
74
65
65
66
56
38
15
-2
7
32
43
51
72
93
107
118
127
136
140
139
145
152
158
163
166
165
159
164
181
195
208
210
183
153
139
128
132
149
150
138
140
144
130
107
99
114
139
167
196
211
220
226
214
182
140
112
110
123
131
134
137
144
150
156
162
152
133
121
119
126
123
101
90
105
125
134
133
124
104
79
72
87
105
114
113
100
92
106
130
138
132
123
110
101
100
85
64
57
59
69
94
131
158
159
144
126
114
119
135
137
115
94
113
163
186
183
178
159
130
104
74
54
50
37
19
17
26
20
-3
-18
-9
1
8
27
36
18
-2
7
33
52
65
83
100
98
76
44
7
-11
14
65
101
102
74
50
39
19
3
23
59
75
64
31
-7
-24
-25
-20
0
24
44
73
83
51
18
14
15
27
62
80
71
65
65
61
61
69
75
78
94
107
99
89
93
88
54
17
8
21
29
20
1
-16
-31
-37
-34
-35
-32
-30
-34
-42
-68
-92
-98
-103
-103
-93
-92
-100
-108
-127
-146
-137
-110
-93
-81
-73
-85
-96
-92
-94
-98
-94
-98
-117
-137
-155
-169
-176
-171
-152
-144
-145
-137
-135
-154
-176
-175
-145
-112
-103
-101
-96
-92
-83
-70
-63
-64
-57
-40
-37
-42
-30
-8
2
-11
-33
-38
-23
-25
-63
-92
-82
-65
-57
-48
-28
-21
-45
-70
-75
-64
-45
-15
18
30
15
-5
-17
-24
-29
-36
-38
-36
-39
-41
-41
-43
-50
-53
-45
-30
-13
-12
-25
-46
-57
-51
-42
-30
-25
-37
-62
-91
-122
-142
-135
-125
-121
-114
-96
-63
-39
-42
-74
-101
-92
-77
-74
-79
-80
-74
-83
-110
-121
-113
-111
-114
-115
-101
-81
-79
-76
-63
-62
-62
-53
-63
-88
-95
-83
-63
-30
1
12
4
-16
-37
-41
-36
-45
-56
-55
-67
-84
-73
-57
-62
-69
-61
-56
-69
-71
-39
-20
-29
-39
-56
-81
-102
-111
-100
-75
-49
-35
-26
-18
-7
4
2
-18
-43
-59
-66
-75
-85
-87
-79
-64
-61
-64
-61
-61
-60
-60
-68
-68
-44
-18
1
29
46
34
10
-6
1
21
39
62
82
73
43
4
-34
-48
-42
-37
-34
-36
-43
-51
-49
-34
-9
22
53
51
13
-28
-63
-90
-94
-70
-46
-35
-25
-34
-68
-108
-127
-121
-112
-88
-44
-11
-11
-34
-52
-51
-25
9
38
55
53
41
15
-24
-63
-90
-92
-77
-65
-53
-42
-33
-29
-28
-31
-42
-46
-44
-39
-44
-46
-38
-34
-25
-14
-30
-77
-112
-106
-84
-68
-44
-21
-10
-4
-10
-20
-31
-41
-36
-23
-9
-2
-14
-37
-62
-78
-74
-62
-65
-79
-86
-83
-80
-75
-69
-69
-70
-72
-75
-71
-55
-42
-50
-73
-88
-78
-40
-1
28
47
42
10
-8
-11
-28
-46
-55
-51
-44
-50
-56
-55
-54
-78
-107
-102
-89
-81
-64
-36
-7
1
-19
-49
-76
-98
-88
-55
-38
-33
-22
-21
-21
4
31
38
36
34
31
31
27
22
40
58
54
43
24
-18
-68
-98
-97
-75
-48
-24
5
23
13
-11
-34
-50
-51
-36
-14
3
17
29
42
60
82
97
110
132
145
139
120
120
150
173
166
149
127
87
62
49
22
2
3
19
32
27
13
13
11
-5
-2
24
40
34
34
47
53
50
41
37
32
22
22
27
33
45
56
51
36
17
4
5
13
17
12
4
-12
-41
-63
-74
-93
-101
-70
-22
-3
-10
-16
-24
-31
-30
-8
21
27
18
6
-4
-5
5
28
54
82
114
140
153
158
162
163
166
155
128
117
121
125
124
129
138
133
114
98
87
77
67
73
102
133
145
149
144
116
75
48
39
41
56
86
116
128
134
144
138
116
93
71
49
34
35
34
23
5
-30
-64
-83
-81
-64
-53
-48
-37
-31
-37
-47
-58
-72
-64
-40
-23
-4
14
24
23
19
19
28
49
78
117
143
138
125
122
129
127
121
119
112
102
98
95
97
105
113
119
119
110
93
62
33
29
34
36
37
33
26
12
-14
-25
-18
-18
-28
-31
-11
15
26
23
23
26
21
18
26
24
15
2
-20
-45
-68
-83
-95
-99
-85
-73
-66
-48
-39
-50
-53
-48
-50
-50
-42
-29
-20
-20
-28
-45
-68
-80
-85
-96
-96
-67
-31
-29
-48
-63
-74
-98
-140
-171
-177
-167
-155
-133
-84
-42
-34
-43
-50
-58
-55
-36
-9
17
38
50
41
13
-19
-34
-26
-12
2
13
19
19
6
-19
-47
-59
-46
-22
-22
-40
-40
-48
-71
-82
-80
-75
-62
-31
-4
-1
-13
-29
-43
-58
-73
-79
-82
-79
-66
-60
-78
-102
-119
-123
-102
-77
-75
-79
-71
-65
-78
-89
-81
-85
-118
-138
-129
-118
-118
-115
-96
-73
-59
-46
-46
-57
-76
-96
-110
-114
-102
-89
-86
-91
-98
-106
-114
-108
-85
-61
-49
-48
-56
-70
-77
-64
-46
-41
-46
-51
-67
-98
-110
-98
-90
-75
-53
-51
-76
-104
-118
-122
-116
-104
-100
-106
-113
-112
-117
-136
-153
-143
-112
-102
-107
-90
-69
-73
-90
-85
-64
-53
-53
-54
-51
-45
-35
-26
-15
1
14
19
23
23
10
-5
-7
-2
-7
-29
-54
-62
-57
-60
-58
-51
-45
-29
-22
-41
-65
-72
-60
-50
-42
-23
-7
3
12
14
-3
-24
-20
5
35
61
76
60
12
-18
-11
-3
-15
-35
-42
-45
-46
-46
-53
-57
-63
-57
-34
-31
-49
-51
-40
-44
-54
-45
-14
17
28
27
32
40
40
35
20
5
4
7
9
12
11
5
4
6
-4
-19
-28
-37
-55
-75
-89
-98
-109
-111
-95
-79
-65
-51
-45
-57
-84
-100
-90
-63
-21
30
62
53
27
23
32
36
38
52
79
103
112
107
87
64
53
43
28
27
42
54
46
30
31
35
20
1
-4
1
7
2
-8
-1
20
49
66
65
74
96
99
76
50
42
48
54
57
72
91
89
85
86
79
78
72
65
81
100
107
117
122
126
135
132
122
120
117
99
82
75
85
105
121
128
111
92
84
73
65
65
70
81
97
112
117
117
111
94
80
78
87
108
128
129
106
84
77
78
77
74
78
92
108
102
85
69
57
59
68
78
94
117
138
139
112
89
87
90
86
82
86
94
95
88
81
88
100
93
79
82
83
73
70
69
67
66
62
70
92
101
85
64
47
28
11
6
18
33
34
40
56
53
41
32
24
25
34
37
34
38
49
62
65
53
52
67
81
84
83
85
76
72
89
100
100
106
105
101
109
118
111
105
109
103
85
70
77
98
119
130
133
143
151
138
106
77
61
62
86
117
133
127
108
86
69
57
50
47
41
35
35
34
31
28
22
17
27
43
43
26
15
19
33
58
82
93
83
59
55
73
96
113
121
118
118
125
116
84
58
50
48
50
63
78
80
63
33
6
-8
-8
13
45
52
32
19
21
13
4
20
46
65
66
42
13
-8
-21
-26
-11
33
86
114
108
80
45
17
-9
-22
2
44
72
85
82
66
56
52
47
42
42
40
27
8
-9
-18
-25
-25
-10
6
3
-11
-20
-16
-3
1
4
5
7
7
-5
-29
-40
-26
-13
1
26
43
42
33
28
20
9
9
27
47
48
51
63
58
39
29
27
33
46
55
60
73
77
48
17
3
2
12
30
47
43
21
-5
-31
-55
-63
-46
-30
-19
-4
0
-18
-41
-47
-49
-58
-54
-39
-27
-19
-10
-14
-27
-29
-19
-3
8
9
14
3
-40
-75
-79
-76
-71
-45
-14
0
-1
-10
-21
-42
-67
-73
-66
-52
-34
-25
-19
-11
-3
-2
-11
-8
11
26
21
1
-4
-3
-9
-9
-1
1
-8
-16
-24
-30
-31
-36
-54
-64
-63
-59
-48
-42
-40
-33
-34
-50
-59
-51
-35
-21
-18
-24
-15
-5
-18
-29
-24
-16
-3
17
44
68
73
70
70
63
53
54
58
55
42
20
-3
-18
-28
-43
-64
-68
-56
-52
-53
-51
-49
-48
-37
-29
-54
-98
-109
-96
-97
-98
-86
-74
-57
-42
-43
-47
-34
-16
-17
-35
-57
-77
-98
-123
-129
-115
-96
-75
-68
-74
-80
-78
-68
-61
-69
-74
-70
-82
-96
-94
-101
-107
-105
-118
-136
-135
-129
-122
-115
-109
-91
-67
-58
-65
-71
-71
-81
-94
-84
-63
-53
-46
-47
-57
-72
-98
-112
-115
-119
-116
-101
-78
-71
-85
-104
-119
-127
-121
-107
-108
-116
-119
-121
-119
-116
-115
-116
-116
-124
-134
-129
-125
-130
-131
-127
-120
-108
-102
-101
-94
-96
-100
-104
-119
-122
-110
-96
-83
-87
-105
-111
-102
-91
-82
-75
-76
-90
-105
-109
-103
-83
-66
-51
-28
-3
16
22
16
5
-14
-35
-41
-35
-35
-37
-40
-49
-54
-47
-49
-64
-71
-72
-78
-82
-84
-90
-99
-104
-106
-111
-108
-93
-79
-79
-82
-71
-57
-51
-40
-8
26
41
28
5
-15
-32
-39
-29
-11
12
28
16
-4
-8
-13
-34
-57
-63
-61
-64
-69
-75
-85
-95
-91
-65
-43
-39
-28
-12
-14
-25
-27
-20
-9
4
9
20
45
70
79
74
69
71
80
88
87
73
55
42
33
33
34
29
31
48
66
68
68
70
71
67
58
46
40
39
33
35
53
65
68
75
81
85
86
80
78
74
55
38
41
56
70
75
72
65
64
73
85
101
102
87
72
54
27
3
-12
-14
2
28
54
74
76
65
47
22
16
34
62
82
88
85
67
42
30
33
46
64
74
87
114
125
113
97
79
63
54
53
65
98
123
121
112
111
113
116
114
103
102
105
102
106
112
115
112
99
80
72
68
51
45
57
61
61
70
78
88
98
96
91
99
108
90
58
37
21
11
16
35
63
95
116
113
101
76
36
8
-2
-9
-10
10
33
38
32
19
12
21
29
31
40
50
47
32
18
6
-13
-29
-30
-19
3
41
83
101
103
105
102
91
74
64
77
94
94
84
75
70
64
59
63
59
45
40
48
60
63
65
78
86
83
63
35
13
-1
1
12
27
52
77
79
69
71
76
78
69
46
35
33
28
30
40
46
54
46
14
-14
-34
-61
-81
-75
-61
-47
-28
-10
-4
-18
-42
-70
-97
-108
-105
-100
-88
-66
-45
-35
-35
-36
-29
-14
2
6
0
-9
-22
-34
-38
-38
-39
-25
5
32
42
35
14
-14
-33
-41
-44
-42
-41
-32
-12
-1
5
14
6
-23
-46
-51
-28
7
26
31
33
31
21
4
-7
-9
-2
16
37
51
50
41
36
36
33
35
45
47
44
46
43
26
11
14
25
31
25
10
-8
-19
-27
-29
-23
-16
-10
-13
-28
-47
-64
-76
-80
-77
-73
-68
-66
-78
-88
-84
-80
-71
-58
-46
-43
-57
-77
-84
-85
-94
-97
-88
-70
-51
-50
-62
-65
-69
-86
-93
-82
-66
-52
-40
-45
-63
-66
-61
-68
-73
-68
-57
-44
-38
-40
-51
-59
-54
-52
-59
-61
-73
-93
-97
-98
-113
-120
-103
-74
-57
-52
-48
-42
-44
-60
-76
-87
-88
-74
-55
-45
-38
-29
-24
-20
-24
-28
-24
-23
-34
-49
-65
-88
-103
-104
-102
-101
-104
-108
-111
-115
-121
-119
-97
-77
-79
-93
-105
-116
-118
-107
-95
-88
-82
-72
-65
-69
-84
-95
-96
-98
-102
-110
-126
-144
-161
-173
-172
-161
-150
-138
-130
-132
-134
-134
-137
-135
-124
-108
-96
-83
-67
-52
-41
-23
-2
2
-6
-17
-21
-26
-35
-28
-14
-17
-40
-61
-69
-76
-83
-85
-86
-88
-91
-91
-93
-98
-94
-86
-93
-111
-118
-106
-89
-76
-55
-34
-28
-33
-32
-29
-42
-55
-42
-26
-18
-11
-2
3
4
-1
-15
-25
-26
-24
-35
-47
-46
-48
-56
-60
-55
-45
-34
-25
-21
-22
-29
-36
-37
-33
-20
0
20
31
26
9
-10
-22
-20
9
55
89
96
80
56
27
0
-11
-1
18
34
45
52
50
33
7
-13
-21
-12
15
42
62
75
73
55
49
50
42
31
26
30
32
30
27
12
2
0
-1
3
4
-6
-6
1
-5
-15
-19
-18
-21
-33
-41
-39
-24
-8
0
19
45
58
60
61
58
50
46
48
55
62
65
63
50
32
30
45
52
51
47
36
22
13
10
3
-9
-13
-8
2
15
35
49
53
60
70
67
55
56
54
41
41
49
56
59
55
50
57
66
69
80
86
79
80
85
77
66
66
74
83
89
90
87
70
48
33
28
35
51
66
72
74
75
75
70
69
78
84
85
86
73
59
66
82
79
58
48
42
18
-3
-6
-6
-2
12
28
33
17
1
-6
-17
-24
-17
-5
10
18
8
-6
-14
-15
-8
2
11
13
4
-10
-20
-15
-5
3
16
23
15
-6
-26
-42
-48
-40
-26
-11
7
18
14
-3
-25
-47
-65
-67
-53
-25
5
20
17
6
-9
-28
-42
-40
-35
-32
-21
-6
-1
-16
-37
-47
-43
-31
-11
8
17
19
7
-20
-47
-64
-76
-79
-67
-48
-25
-16
-30
-55
-79
-91
-91
-79
-55
-31
-18
-17
-20
-29
-46
-57
-53
-46
-44
-44
-41
-38
-32
-25
-24
-19
-3
9
27
44
46
38
24
16
19
27
41
56
60
59
57
53
49
52
55
51
48
47
46
42
30
13
1
-7
-6
10
27
31
33
43
47
31
9
-9
-25
-34
-29
-18
-8
-3
3
23
36
33
32
28
17
13
27
41
40
30
24
32
36
26
17
14
12
17
21
25
35
42
47
43
38
41
48
61
71
76
83
99
124
143
154
149
138
132
123
120
131
147
154
152
146
134
123
117
107
98
97
86
67
57
56
64
67
64
67
74
74
68
67
59
50
51
55
59
69
93
116
127
133
129
119
113
106
101
105
111
116
119
115
104
88
75
71
73
75
68
62
64
62
48
38
44
49
63
80
86
99
114
106
92
98
110
118
136
160
171
176
178
177
169
144
118
111
114
126
135
127
111
105
100
91
83
82
91
91
77
62
53
56
76
106
130
138
127
106
86
71
78
91
92
90
86
76
61
43
28
23
16
13
13
10
10
11
2
-15
-30
-42
-50
-57
-68
-78
-80
-77
-66
-54
-58
-71
-80
-84
-80
-72
-52
-31
-36
-55
-68
-84
-99
-96
-78
-58
-42
-36
-51
-78
-104
-115
-111
-103
-90
-69
-55
-64
-91
-108
-110
-114
-115
-112
-113
-107
-92
-87
-101
-123
-132
-127
-115
-101
-90
-82
-91
-120
-145
-159
-166
-163
-150
-128
-96
-72
-76
-94
-110
-125
-143
-153
-145
-124
-98
-75
-66
-76
-92
-98
-100
-111
-124
-128
-119
-109
-102
-90
-91
-112
-127
-130
-127
-131
-144
-152
-150
-140
-126
-112
-107
-118
-119
-104
-88
-71
-72
-81
-78
-78
-84
-91
-98
-100
-87
-74
-77
-79
-73
-79
-99
-114
-118
-109
-87
-70
-69
-73
-77
-88
-100
-105
-105
-100
-86
-69
-56
-41
-22
-11
-13
-22
-29
-31
-29
-28
-33
-26
-10
-2
-10
-30
-42
-35
-21
-14
-15
-28
-48
-56
-56
-61
-59
-40
-25
-22
-23
-27
-37
-55
-72
-74
-59
-38
-18
-1
6
3
1
7
12
9
0
-7
-9
-6
5
10
7
9
8
0
-8
-19
-27
-25
-19
-21
-23
-20
-20
-24
-21
-2
19
23
5
-19
-36
-48
-46
-29
-6
21
47
60
53
39
33
27
22
22
31
44
58
70
69
61
59
63
70
73
71
72
82
89
84
76
77
80
81
89
106
118
115
107
102
107
117
122
117
111
103
95
91
80
69
69
74
72
60
55
59
56
50
52
52
40
30
30
35
35
37
53
76
88
85
73
54
40
33
28
29
40
43
40
47
52
50
50
54
56
50
40
21
-6
-21
-17
-4
1
10
31
44
50
57
60
54
35
8
-9
0
23
48
59
49
26
1
-13
-8
2
11
23
31
27
12
-16
-44
-53
-38
-11
15
24
13
-5
-27
-49
-59
-59
-48
-32
-20
-15
-17
-23
-32
-46
-59
-56
-46
-35
-27
-32
-35
-28
-20
-12
-7
-16
-30
-31
-25
-17
-5
9
14
10
12
22
26
27
31
40
49
53
50
46
51
59
62
71
83
81
75
74
69
62
61
65
68
73
85
97
99
98
105
108
100
93
86
79
78
78
72
74
84
92
97
100
101
101
95
76
58
56
67
86
106
114
98
70
48
35
29
38
51
53
62
78
85
89
85
65
48
42
54
72
78
67
62
63
44
26
24
22
18
20
31
38
33
23
17
13
8
16
31
43
50
51
45
38
34
33
34
38
48
58
53
46
48
38
18
4
2
3
10
18
17
13
16
27
32
35
37
32
30
30
32
36
36
29
17
15
22
27
31
31
28
19
9
2
0
-2
-10
-17
-20
-20
-16
-11
-4
1
-4
-2
9
6
-7
-8
-3
-2
6
20
34
28
14
14
19
19
16
19
23
23
23
19
6
-7
-10
-13
-10
5
4
-22
-40
-48
-63
-80
-83
-71
-61
-61
-61
-55
-59
-72
-82
-77
-63
-54
-53
-55
-57
-52
-47
-39
-29
-28
-29
-31
-40
-35
-14
-9
-15
-21
-28
-31
-31
-30
-19
-15
-28
-39
-38
-28
-17
-16
-29
-43
-60
-71
-74
-83
-88
-80
-66
-52
-43
-40
-42
-54
-72
-77
-61
-35
-12
-8
-26
-45
-50
-46
-45
-38
-27
-22
-20
-13
-6
-1
7
12
12
5
-13
-33
-36
-26
-16
-4
-1
-2
7
9
-1
-9
-6
0
3
7
-1
-21
-32
-36
-33
-22
-11
-11
-23
-38
-39
-33
-30
-29
-26
-21
-25
-35
-37
-30
-28
-44
-64
-69
-60
-45
-26
-7
4
4
-6
-16
-20
-14
0
7
7
9
12
8
-9
-33
-45
-43
-36
-29
-27
-32
-47
-68
-85
-92
-95
-93
-82
-68
-62
-62
-64
-71
-82
-91
-90
-89
-93
-87
-67
-45
-34
-32
-40
-51
-58
-64
-63
-42
-19
-16
-27
-47
-73
-86
-86
-75
-56
-39
-39
-47
-58
-74
-87
-96
-93
-74
-60
-54
-51
-56
-59
-60
-60
-51
-40
-40
-42
-46
-50
-52
-52
-55
-52
-38
-31
-35
-48
-59
-49
-29
-18
-18
-29
-48
-57
-46
-22
1
15
25
22
12
2
-9
-6
6
13
9
7
9
11
13
7
-1
3
9
11
10
2
-11
-27
-37
-36
-29
-31
-47
-60
-67
-73
-73
-66
-59
-63
-62
-52
-53
-67
-80
-87
-87
-77
-59
-34
-12
-6
-9
-20
-39
-46
-37
-23
-12
-6
-2
8
12
0
-17
-29
-45
-59
-53
-35
-24
-23
-31
-43
-50
-54
-57
-49
-38
-34
-31
-25
-23
-24
-27
-41
-54
-48
-40
-37
-31
-31
-37
-39
-27
-11
-8
-7
-2
1
5
11
14
7
-6
-19
-22
-17
-12
-12
-13
-12
-17
-24
-24
-21
-21
-29
-42
-47
-47
-46
-41
-42
-48
-56
-70
-84
-86
-83
-93
-101
-100
-100
-100
-99
-97
-91
-84
-81
-86
-90
-78
-68
-72
-73
-64
-53
-45
-43
-39
-37
-40
-48
-49
-30
-18
-18
-11
5
13
14
18
21
25
22
26
36
44
49
48
39
32
39
47
54
64
76
86
87
83
80
76
73
76
86
89
77
64
56
56
57
54
41
23
10
6
10
14
13
10
2
-11
-25
-33
-28
-14
-9
-11
-4
2
5
16
25
29
41
53
51
45
46
48
45
45
55
67
82
89
81
71
66
71
89
103
97
81
73
75
85
96
113
127
129
120
110
110
116
118
117
127
145
158
168
175
171
157
150
151
150
149
160
170
165
154
138
120
113
120
131
132
133
144
148
135
112
91
75
68
79
92
93
99
117
121
122
131
135
132
126
121
113
102
93
83
72
71
81
90
93
90
88
89
91
96
103
104
95
84
73
63
58
54
55
65
77
88
86
77
78
82
70
64
71
70
57
54
61
60
59
61
62
63
72
80
76
62
54
58
67
65
52
43
37
25
11
7
4
-19
-42
-40
-38
-45
-33
-6
13
25
31
20
4
-1
-7
-16
-16
-15
-25
-30
-26
-20
-11
-2
-3
-13
-15
-11
-22
-39
-46
-53
-59
-53
-42
-37
-43
-59
-74
-81
-76
-65
-63
-60
-50
-45
-49
-50
-50
-53
-51
-57
-70
-73
-72
-74
-67
-52
-53
-62
-63
-62
-56
-41
-32
-38
-52
-63
-73
-78
-69
-51
-33
-26
-29
-32
-39
-52
-65
-70
-72
-74
-72
-73
-70
-69
-79
-86
-81
-66
-53
-54
-60
-61
-65
-67
-54
-31
-13
-11
-13
-13
-12
-6
-8
-14
-6
8
7
-2
-8
-14
-19
-27
-32
-21
-14
-17
-20
-25
-32
-37
-45
-54
-60
-54
-40
-41
-53
-55
-57
-67
-67
-61
-64
-73
-83
-88
-87
-83
-77
-77
-96
-119
-123
-119
-116
-114
-105
-90
-76
-65
-60
-66
-73
-75
-77
-79
-68
-48
-43
-51
-58
-61
-65
-65
-55
-45
-39
-30
-29
-33
-43
-61
-66
-51
-48
-43
-27
-22
-31
-54
-70
-63
-52
-47
-41
-30
-18
-11
-13
-16
-16
-13
-1
8
4
1
-3
-14
-13
1
17
36
46
32
11
0
-6
-6
-1
7
19
30
28
15
16
29
34
27
20
20
22
22
19
10
-5
-21
-33
-27
-11
0
5
16
23
24
26
24
13
8
17
31
45
61
71
68
61
55
47
48
53
60
73
77
71
58
38
27
30
31
22
15
11
12
15
14
5
4
11
4
-5
-4
-3
4
18
21
26
41
46
50
59
62
59
62
72
80
93
100
96
95
100
103
99
97
92
91
95
85
80
88
91
86
86
86
86
88
96
103
96
90
98
112
114
95
76
72
67
50
32
27
33
46
52
51
48
47
42
29
20
27
39
40
35
38
38
36
41
37
33
32
26
25
22
16
15
10
-7
-20
-30
-41
-38
-25
-13
-5
3
-1
-16
-27
-34
-31
-18
-13
-15
-6
-2
-14
-19
-14
-8
0
11
31
52
57
53
45
37
40
52
60
72
84
84
74
65
56
53
54
49
44
40
36
32
31
31
27
27
28
28
36
50
51
51
61
66
66
59
48
47
53
67
79
81
83
79
60
49
51
43
29
26
26
14
5
8
8
5
19
36
35
31
30
18
-1
-13
-19
-19
-6
2
0
1
0
-10
-29
-46
-42
-26
-19
-16
-11
-19
-33
-42
-55
-64
-63
-57
-51
-46
-43
-45
-45
-38
-36
-44
-60
-70
-77
-76
-64
-57
-51
-46
-47
-46
-45
-48
-50
-50
-49
-35
-14
-1
1
-8
-18
-25
-26
-28
-32
-29
-22
-18
-18
-18
-16
-18
-26
-23
-11
-4
-2
-7
-14
-15
-9
-1
5
0
-8
-5
1
-4
-14
-17
-21
-31
-38
-34
-28
-20
-6
5
3
-7
-11
-13
-18
-19
-23
-34
-40
-37
-30
-19
-6
0
1
-1
-13
-27
-25
-11
-7
-6
5
22
29
27
21
13
5
6
12
16
28
39
39
40
40
34
24
21
30
44
59
71
69
51
38
41
56
70
70
66
64
52
41
41
41
42
49
53
59
63
58
50
39
22
13
16
19
20
18
14
9
-5
-19
-14
-1
0
5
20
33
38
37
37
36
27
33
44
34
21
13
9
11
20
33
40
37
31
29
22
15
11
9
17
23
30
35
29
18
8
-2
-11
-8
-5
-10
-5
-5
-2
12
23
26
23
13
3
-5
-22
-28
-13
3
12
11
-3
-20
-29
-31
-24
-15
-8
-9
-19
-19
-11
-13
-22
-29
-33
-36
-36
-33
-34
-41
-45
-36
-33
-41
-33
-14
-5
-13
-27
-31
-31
-42
-67
-80
-74
-64
-59
-51
-34
-25
-32
-46
-57
-65
-62
-51
-44
-38
-29
-25
-29
-43
-62
-69
-62
-55
-41
-13
7
9
2
-13
-25
-25
-21
-22
-18
-4
7
14
24
24
16
15
6
-15
-27
-26
-19
-4
11
12
6
-3
-7
-3
3
2
-11
-24
-24
-21
-16
-5
-2
-7
-6
-7
-16
-14
-8
-12
-34
-57
-56
-49
-51
-52
-48
-50
-64
-70
-64
-64
-67
-60
-58
-61
-58
-53
-53
-52
-46
-54
-68
-71
-72
-76
-83
-80
-71
-71
-69
-62
-58
-58
-52
-43
-52
-63
-54
-44
-43
-41
-44
-50
-59
-61
-47
-32
-29
-30
-33
-42
-55
-64
-74
-77
-66
-53
-48
-47
-50
-53
-60
-75
-80
-79
-81
-76
-65
-64
-74
-77
-62
-45
-46
-55
-47
-36
-35
-36
-39
-50
-62
-59
-52
-44
-18
2
-1
-13
-23
-36
-52
-66
-76
-79
-73
-61
-48
-49
-59
-67
-71
-74
-76
-68
-57
-46
-44
-50
-61
-71
-67
-55
-45
-25
-8
-8
-18
-28
-36
-32
-27
-26
-21
-20
-27
-22
-13
-13
-10
-6
-12
-21
-25
-25
-24
-26
-34
-41
-46
-53
-59
-61
-59
-55
-50
-43
-33
-25
-26
-39
-48
-45
-47
-59
-64
-62
-60
-50
-42
-51
-50
-48
-68
-86
-88
-79
-72
-77
-83
-81
-80
-77
-71
-68
-64
-64
-66
-67
-67
-63
-49
-46
-59
-66
-72
-69
-55
-48
-44
-34
-27
-30
-38
-43
-43
-42
-32
-18
-11
-3
0
-8
-14
-17
-19
-11
-3
-6
-5
1
6
15
15
1
-16
-30
-35
-24
-15
-11
5
20
20
16
17
23
24
25
32
36
39
36
28
21
19
25
32
39
49
58
56
55
61
69
71
71
79
92
100
96
87
82
81
78
72
70
67
62
60
59
56
53
46
48
58
62
55
45
44
48
44
40
47
52
55
59
54
51
56
56
49
44
44
45
33
21
15
6
15
33
30
28
35
38
42
41
29
19
12
3
1
2
1
3
5
7
6
5
14
27
29
28
36
43
41
31
22
22
27
34
43
55
51
38
27
17
11
2
5
20
20
22
28
15
-6
-11
-3
8
20
30
36
37
37
34
26
14
12
23
29
30
39
44
43
34
25
25
22
22
23
16
15
20
12
4
7
9
9
9
10
12
5
4
8
5
9
20
20
12
9
16
19
9
6
19
30
30
21
16
19
19
20
29
35
36
34
28
21
17
20
20
25
34
37
37
36
38
41
39
33
31
42
50
42
33
37
45
38
24
20
23
21
17
21
27
21
10
-3
-15
-16
-6
-5
-14
-19
-23
-20
-13
-9
-4
2
4
1
-7
-17
-28
-38
-46
-45
-28
-11
-13
-14
-13
-13
-9
-10
-16
-23
-29
-41
-49
-43
-27
-7
2
1
-1
-2
-4
-6
-8
-11
-10
3
14
10
4
-5
-14
-5
6
12
19
26
29
26
19
12
2
-11
-19
-11
5
16
18
11
9
-2
-15
-7
10
20
22
21
15
14
19
20
12
5
9
15
22
44
68
71
57
45
32
21
21
28
32
23
24
34
35
28
16
8
3
-2
-1
-6
-23
-35
-34
-40
-43
-35
-22
-5
7
6
0
-3
-2
8
23
26
18
16
5
-6
4
19
30
38
42
46
50
48
41
28
15
19
30
40
46
49
45
41
39
36
31
29
31
36
44
49
48
43
32
13
7
18
23
23
32
34
30
27
17
13
15
11
6
8
5
7
12
7
-5
-8
-5
-11
-5
11
7
-8
-17
-21
-19
-11
0
4
-6
-21
-24
-11
7
13
7
-2
-7
-8
-16
-18
-11
-14
-19
-11
-5
-4
-8
-18
-24
-20
-9
11
28
34
35
25
3
-8
-2
8
7
4
2
-9
-13
-11
-19
-31
-38
-36
-30
-30
-37
-49
-61
-62
-57
-58
-61
-56
-52
-54
-54
-60
-66
-65
-63
-59
-46
-37
-34
-35
-43
-45
-41
-42
-39
-33
-38
-44
-39
-35
-35
-30
-26
-25
-29
-38
-49
-57
-60
-52
-40
-32
-28
-29
-41
-51
-50
-55
-66
-65
-59
-49
-42
-45
-45
-44
-51
-41
-28
-31
-38
-39
-39
-47
-60
-67
-66
-60
-50
-37
-31
-33
-34
-29
-31
-36
-36
-39
-40
-37
-29
-19
-13
-13
-14
-14
-15
-17
-9
3
3
-2
-6
-11
-13
-7
-9
-16
-11
-5
-1
7
3
-13
-19
-20
-26
-36
-36
-26
-24
-29
-23
-16
-23
-25
-17
-7
-2
-2
3
6
3
-3
-1
-4
-19
-15
2
-7
-18
-14
-18
-24
-20
-13
-11
-18
-25
-27
-33
-30
-16
-7
-5
-6
-12
-19
-20
-21
-19
-18
-21
-12
9
23
29
28
25
13
1
3
8
6
5
9
14
7
-1
8
16
15
21
21
12
10
13
17
25
27
22
30
40
36
31
39
43
44
47
36
32
38
38
39
46
51
59
71
83
90
84
78
70
54
43
43
50
52
55
62
70
77
70
58
53
54
52
54
65
73
69
64
61
60
55
56
64
73
86
100
107
102
90
75
63
68
81
93
107
111
107
100
94
101
107
105
111
117
107
98
99
98
95
88
83
87
98
96
83
86
95
93
86
82
82
83
83
82
77
72
76
76
72
69
63
59
66
69
62
59
55
41
29
21
10
2
4
10
14
11
6
10
15
7
-5
-9
-9
-10
-7
0
1
-10
-23
-28
-24
-26
-26
-12
2
-1
-12
-19
-20
-18
-21
-20
-11
3
14
22
26
20
10
5
-1
-6
6
23
34
33
22
9
1
-1
6
23
34
30
22
20
14
-7
-23
-18
-9
4
22
28
26
25
19
7
-4
-13
-23
-21
-14
-10
-6
0
4
-5
-9
-7
-6
-2
8
15
13
12
9
5
-5
-26
-38
-31
-14
3
10
7
-5
-19
-31
-30
-17
-13
-15
-16
-16
-21
-33
-36
-29
-32
-40
-36
-34
-36
-30
-31
-37
-32
-27
-23
-16
-17
-24
-21
-14
-4
6
-2
-12
-8
0
-2
-11
-20
-29
-30
-28
-32
-32
-26
-23
-22
-19
-14
-14
-17
-15
-12
-12
-8
-12
-28
-38
-33
-18
4
16
14
9
7
-7
-29
-44
-47
-30
-12
-6
-5
-7
-16
-26
-29
-35
-34
-27
-23
-22
-27
-30
-37
-47
-46
-37
-28
-17
0
14
15
3
-6
-6
-2
4
8
-3
-18
-25
-29
-31
-25
-12
-6
-13
-23
-30
-35
-28
-9
-1
-4
-4
-3
-2
1
1
-1
-5
-8
-3
0
-1
12
35
43
33
20
13
9
10
15
24
32
31
29
30
20
4
-3
-8
-8
6
15
17
18
16
16
11
4
4
13
17
21
21
8
-2
-12
-17
-12
3
15
24
28
24
20
13
2
-8
-10
-5
-10
-18
-20
-25
-29
-18
-3
2
6
10
14
11
9
21
26
17
9
10
10
5
12
20
16
8
6
13
14
3
-13
-23
-24
-19
-19
-13
0
-7
-10
6
9
2
-1
-8
-23
-27
-21
-17
-15
-8
0
-6
-18
-26
-27
-19
-17
-24
-24
-14
-9
-9
-10
-6
-1
-3
-8
-9
-15
-28
-30
-22
-21
-17
-10
-13
-12
-4
7
16
20
18
13
12
13
15
20
23
21
19
18
27
40
44
42
42
50
49
39
32
22
7
6
21
28
27
33
35
28
25
25
23
25
34
48
56
58
63
64
49
34
31
33
43
54
54
50
47
44
42
42
40
38
36
39
45
39
38
41
33
30
25
12
8
12
14
15
18
24
28
26
30
33
28
29
29
29
37
33
11
-3
-3
-10
-21
-19
-12
-22
-31
-23
-18
-18
-12
-5
-9
-23
-28
-21
-16
-17
-17
-25
-30
-29
-29
-19
-11
-17
-18
-20
-33
-39
-39
-32
-26
-35
-41
-40
-44
-48
-44
-40
-46
-49
-43
-37
-35
-36
-39
-43
-43
-42
-44
-42
-42
-49
-60
-64
-55
-45
-49
-52
-49
-51
-48
-40
-32
-25
-24
-27
-20
-15
-20
-17
-16
-17
-13
-15
-15
-2
4
-5
-10
-7
4
20
28
24
17
5
3
9
4
10
26
32
25
21
18
5
-2
10
12
-2
-2
0
-15
-26
-23
-16
-10
3
11
3
-4
-2
-9
-12
6
14
17
27
14
-2
3
1
-7
-3
2
10
20
18
4
-1
11
13
-3
-1
17
12
-13
-23
-24
-28
-24
-8
-4
-17
-28
-36
-43
-47
-48
-44
-39
-42
-37
-23
-17
-20
-37
-60
-72
-79
-80
-68
-53
-44
-34
-36
-55
-61
-61
-65
-57
-40
-30
-28
-31
-42
-45
-40
-39
-37
-40
-48
-47
-42
-43
-44
-40
-38
-36
-36
-38
-37
-35
-35
-37
-40
-37
-19
-7
-5
1
4
7
12
14
10
-2
-6
6
17
21
22
22
13
6
6
1
1
13
22
27
26
16
8
2
-2
4
14
16
13
20
20
10
15
30
37
34
26
17
15
14
9
9
14
25
29
23
20
20
19
19
9
-1
2
13
20
20
18
15
15
19
17
13
20
23
16
12
6
-4
-3
-3
-2
11
16
17
24
10
-13
-8
-2
-12
-8
3
11
12
4
5
11
10
8
1
-13
-18
-17
-20
-20
-21
-30
-28
-12
-1
0
-1
-5
-9
-5
9
21
25
25
18
5
0
5
17
32
27
23
28
23
16
11
6
3
0
-6
0
8
11
18
13
14
23
23
28
41
45
40
40
39
34
33
36
39
41
46
53
61
57
53
61
61
60
64
60
55
53
48
51
62
60
57
64
70
66
65
67
72
84
81
75
77
65
49
44
44
40
45
69
84
83
79
70
63
63
70
80
88
86
79
76
74
70
63
60
66
74
80
88
89
71
53
57
68
71
70
73
71
61
61
66
67
67
64
64
67
62
55
55
53
48
49
58
63
57
55
58
59
52
38
34
33
25
22
23
22
16
15
23
38
43
35
33
26
17
10
4
6
9
10
11
10
9
13
19
18
10
13
18
11
5
-5
-13
-6
-5
-14
-14
-17
-22
-21
-18
-10
-6
-10
-8
-5
-12
-17
-6
5
3
5
-1
-18
-11
-1
-9
-4
5
0
-3
2
-6
-18
-23
-32
-33
-25
-20
-16
-13
-11
-13
-19
-22
-23
-21
-17
-17
-23
-26
-30
-33
-33
-35
-31
-16
-5
-7
-17
-25
-25
-23
-24
-21
-22
-26
-29
-32
-30
-24
-24
-37
-47
-45
-42
-42
-43
-46
-48
-40
-28
-32
-47
-52
-51
-51
-42
-33
-24
-9
-5
-2
-3
-5
-2
-4
-8
-5
-3
-6
-11
-14
-16
-7
2
-2
-14
-10
1
-7
-19
-22
-23
-22
-18
-13
-9
-6
-6
-11
-19
-20
-18
-19
-17
-18
-17
-5
1
2
10
7
-2
-7
-16
-16
2
11
0
-6
-7
-9
-6
-11
-14
-2
8
12
9
9
12
3
-11
-16
-14
-5
4
4
0
8
16
11
3
1
2
-2
-5
-9
-11
-19
-26
-16
-17
-22
-19
-34
-41
-24
-24
-34
-28
-27
-35
-31
-35
-42
-47
-57
-60
-57
-57
-56
-59
-70
-77
-78
-76
-68
-65
-62
-63
-70
-63
-54
-52
-47
-43
-51
-56
-55
-58
-59
-57
-49
-45
-49
-51
-56
-64
-64
-63
-65
-60
-57
-52
-42
-34
-24
-21
-37
-59
-74
-83
-85
-76
-73
-72
-64
-58
-54
-51
-50
-54
-59
-58
-55
-53
-52
-53
-54
-51
-49
-48
-44
-37
-37
-39
-43
-54
-61
-58
-50
-40
-34
-37
-45
-56
-61
-58
-64
-74
-66
-55
-59
-60
-51
-53
-68
-71
-67
-72
-75
-76
-78
-72
-68
-64
-56
-50
-49
-54
-63
-70
-69
-59
-51
-50
-48
-48
-52
-57
-59
-58
-54
-52
-52
-58
-64
-63
-61
-56
-44
-42
-53
-65
-76
-84
-80
-76
-87
-90
-80
-76
-80
-85
-87
-88
-97
-101
-92
-85
-88
-92
-91
-92
-93
-93
-90
-88
-92
-93
-80
-66
-65
-74
-81
-80
-75
-76
-75
-73
-83
-93
-92
-87
-77
-70
-67
-61
-61
-72
-77
-72
-72
-69
-64
-68
-70
-67
-71
-71
-59
-52
-48
-44
-38
-32
-34
-33
-32
-34
-33
-26
-25
-27
-22
-22
-19
-11
-13
-8
4
1
-6
-10
-16
-22
-30
-34
-32
-26
-21
-23
-26
-22
-18
-23
-28
-25
-24
-27
-29
-32
-34
-36
-40
-38
-24
-18
-20
-16
-21
-39
-43
-29
-24
-32
-25
-17
-22
-22
-24
-31
-32
-30
-22
-13
-24
-40
-42
-46
-54
-47
-36
-37
-30
-21
-26
-34
-39
-48
-57
-56
-46
-40
-42
-41
-43
-40
-38
-46
-48
-50
-52
-29
-17
-29
-29
-21
-22
-22
-17
-15
-8
-2
0
4
2
0
-4
-12
-14
-15
-16
-8
8
16
14
17
15
15
26
27
21
27
35
31
34
50
55
50
55
64
55
38
48
68
62
45
45
59
70
81
91
98
95
85
78
74
74
79
80
84
94
95
97
109
104
89
86
87
92
97
89
82
86
87
83
86
102
112
108
103
102
101
93
80
78
77
65
57
62
81
92
85
78
70
62
62
63
64
69
74
74
77
78
69
59
54
56
58
61
67
68
61
56
46
38
43
53
66
69
54
44
49
55
54
59
62
59
53
60
73
47
35
65
66
56
61
54
31
24
29
18
16
47
52
15
14
25
12
19
35
28
22
26
29
22
8
-2
-5
2
-2
-8
5
4
-4
11
27
14
-5
-1
8
-3
-7
1
8
19
19
9
3
10
11
10
17
14
15
26
20
6
28
39
20
23
38
34
25
25
20
10
15
24
26
30
33
27
21
29
43
47
48
49
33
26
43
44
36
43
35
28
37
40
40
42
40
36
34
32
29
27
29
33
35
40
37
24
17
10
0
6
21
27
32
26
9
9
19
16
1
1
9
4
1
3
-1
-9
-17
-13
-2
7
11
16
26
18
1
7
13
7
3
-1
-5
-11
-15
-13
-16
-17
-13
-13
-12
-9
-6
-8
-4
1
-4
-15
-21
-20
-20
-20
-6
2
-3
-2
2
-1
1
8
9
2
-6
-8
-3
1
8
16
16
19
23
25
30
27
17
17
24
19
10
8
3
4
14
19
22
31
35
32
33
47
59
65
60
48
43
40
46
59
56
43
39
46
53
63
75
75
73
67
58
52
54
61
66
67
70
77
75
69
76
80
79
82
74
65
71
69
60
64
71
71
73
74
69
65
68
69
67
71
77
74
71
69
56
43
40
35
28
33
48
44
34
31
20
7
2
0
2
15
25
22
25
34
34
24
9
-3
-4
2
1
0
4
0
-16
-26
-31
-35
-32
-29
-35
-39
-38
-44
-50
-45
-46
-52
-46
-42
-50
-50
-38
-44
-60
-48
-39
-55
-54
-42
-44
-46
-41
-39
-39
-42
-47
-53
-60
-62
-63
-61
-44
-33
-41
-56
-64
-63
-65
-66
-57
-53
-59
-62
-58
-56
-60
-62
-65
-67
-64
-64
-59
-50
-55
-64
-61
-51
-42
-38
-31
-24
-31
-36
-34
-32
-30
-30
-35
-32
-21
-14
-13
-13
-15
-19
-22
-21
-14
-4
0
2
13
19
15
14
25
31
32
35
32
26
22
26
35
45
47
42
37
36
38
37
37
40
46
50
58
69
62
50
51
49
48
54
56
53
55
61
64
59
55
53
49
45
38
27
17
18
32
42
44
46
51
48
38
35
38
38
35
30
23
18
18
23
32
38
48
63
64
51
48
45
36
30
34
48
48
42
45
49
47
45
47
47
43
39
33
24
19
17
10
9
15
15
12
10
-1
-16
-21
-25
-27
-25
-23
-27
-35
-37
-34
-29
-22
-12
-7
-14
-26
-27
-18
-18
-26
-29
-33
-39
-40
-41
-41
-43
-52
-54
-44
-40
-35
-28
-36
-50
-55
-46
-37
-36
-36
-41
-50
-54
-52
-50
-42
-34
-33
-29
-28
-30
-25
-26
-40
-50
-45
-39
-38
-31
-19
-12
-6
-10
-20
-21
-29
-36
-30
-29
-32
-32
-33
-37
-35
-33
-43
-53
-51
-41
-37
-38
-40
-39
-41
-43
-35
-29
-25
-22
-34
-38
-28
-28
-26
-18
-17
-19
-19
-25
-29
-27
-32
-32
-26
-27
-30
-32
-36
-37
-42
-42
-38
-42
-47
-45
-40
-38
-44
-48
-46
-42
-43
-47
-48
-51
-52
-49
-49
-51
-51
-54
-57
-53
-51
-48
-41
-44
-51
-48
-44
-42
-33
-20
-21
-32
-38
-41
-41
-41
-39
-32
-34
-36
-27
-25
-31
-31
-31
-36
-39
-36
-38
-44
-44
-47
-50
-36
-22
-23
-29
-30
-35
-45
-44
-37
-38
-42
-38
-36
-43
-45
-41
-44
-50
-47
-44
-45
-41
-31
-29
-30
-30
-28
-27
-30
-35
-29
-12
-1
-3
-5
-5
-3
-4
-12
-7
5
11
21
40
50
50
45
35
33
42
45
45
50
45
33
34
42
44
41
49
67
74
71
65
63
61
55
50
43
43
55
62
64
67
69
72
71
70
64
52
54
66
69
67
64
59
54
52
46
42
51
67
73
70
67
68
71
67
66
70
71
71
80
84
73
67
69
77
86
89
93
95
99
105
105
99
90
82
77
82
87
85
88
92
84
69
65
73
76
75
76
72
68
69
69
64
67
72
71
68
58
45
43
44
42
44
43
39
39
36
33
28
14
4
5
9
12
11
6
7
5
-1
0
-2
-10
-11
2
10
11
9
5
-3
-10
-9
-4
8
19
17
12
5
-1
-2
6
16
21
16
13
17
12
5
-1
-1
11
21
18
9
10
15
15
15
10
6
5
1
4
14
24
26
12
-4
-8
-4
-1
-4
4
13
-1
-10
-9
-7
2
6
4
5
-1
-12
-22
-19
-8
-6
-14
-21
-21
-18
-19
-21
-19
-20
-18
-15
-16
-13
-7
-3
-6
-17
-24
-18
-10
-8
-14
-17
-16
-10
-6
-5
1
-7
-28
-24
-12
-13
-3
10
7
9
15
10
0
-9
-13
-5
-1
-1
-7
-11
3
9
0
-3
1
3
-1
-5
-2
-4
-18
-32
-40
-43
-36
-28
-31
-37
-37
-36
-40
-50
-58
-54
-54
-59
-56
-51
-54
-59
-59
-58
-50
-44
-47
-45
-45
-54
-63
-69
-73
-70
-61
-50
-39
-36
-41
-47
-51
-50
-53
-55
-49
-41
-41
-45
-39
-36
-37
-32
-34
-41
-35
-21
-13
-19
-27
-23
-11
-11
-11
-5
-3
-1
8
11
1
-9
-3
6
7
4
0
-7
-10
-5
0
-2
-9
-12
-5
-1
-7
-13
-16
-10
7
23
26
19
15
13
12
18
22
22
22
27
33
35
40
32
21
21
22
32
46
52
56
63
62
50
41
38
37
40
46
52
62
80
86
79
69
55
43
45
47
45
57
66
61
59
63
61
53
56
62
57
50
45
42
40
38
36
33
33
33
33
34
31
25
21
16
12
8
1
0
10
16
12
-1
-6
-8
-24
-36
-31
-22
-20
-28
-32
-34
-38
-43
-48
-51
-50
-42
-42
-48
-51
-60
-73
-84
-86
-80
-72
-71
-78
-83
-85
-88
-87
-85
-82
-82
-89
-91
-83
-79
-82
-83
-85
-90
-91
-94
-96
-92
-87
-80
-75
-75
-69
-55
-46
-53
-59
-58
-59
-60
-64
-54
-41
-46
-51
-48
-43
-41
-41
-44
-48
-49
-46
-39
-36
-39
-41
-41
-36
-30
-19
-11
-9
-14
-22
-20
-22
-27
-20
-8
-6
-8
-8
-16
-22
-23
-24
-28
-32
-36
-31
-23
-24
-28
-33
-39
-46
-52
-51
-43
-36
-29
-23
-26
-35
-35
-37
-49
-56
-55
-50
-42
-37
-46
-61
-66
-68
-63
-53
-56
-63
-64
-68
-73
-78
-80
-79
-77
-65
-52
-50
-58
-74
-83
-80
-78
-75
-66
-58
-58
-65
-70
-66
-64
-64
-60
-50
-44
-44
-46
-49
-52
-53
-44
-37
-47
-53
-48
-44
-43
-37
-29
-26
-23
-23
-27
-23
-12
-9
-17
-21
-24
-27
-23
-15
-12
-14
-10
0
1
-2
-6
-13
-18
-21
-20
-12
-8
-4
3
9
9
4
0
-10
-14
-9
-2
2
3
7
5
2
5
7
7
14
24
23
19
24
24
17
12
18
23
24
27
32
38
38
36
24
12
9
9
11
11
16
22
19
12
10
15
24
32
35
35
31
27
32
37
40
41
41
39
40
38
34
31
36
44
49
50
52
56
57
50
45
51
54
49
45
38
28
25
34
42
42
42
45
42
39
40
42
44
46
46
50
56
53
48
46
49
50
46
48
62
74
74
69
69
69
68
70
75
79
80
78
74
68
60
50
48
54
59
54
53
67
66
55
52
41
30
31
30
25
28
37
39
36
36
37
35
39
43
43
44
44
49
51
43
41
46
48
50
54
58
60
54
48
48
46
45
56
67
68
64
59
55
59
62
65
65
60
61
64
61
53
47
50
60
68
73
75
67
58
52
50
59
69
63
54
55
61
63
62
65
70
72
77
82
86
88
86
78
70
76
89
89
82
83
85
79
77
78
77
74
68
60
60
63
58
55
55
41
37
50
57
58
64
67
63
59
58
60
64
65
70
69
62
59
56
50
50
59
59
54
58
60
55
52
51
52
54
52
49
49
47
44
37
30
23
12
5
8
15
19
15
6
6
9
-1
-6
-2
-7
-20
-26
-33
-38
-28
-18
-13
-8
-15
-22
-19
-20
-27
-37
-43
-41
-35
-31
-35
-43
-43
-38
-36
-44
-52
-46
-32
-34
-34
-25
-28
-34
-37
-42
-36
-20
-9
-9
-13
-13
-9
-10
-13
-15
-19
-19
-15
-15
-18
-21
-22
-26
-21
-7
3
7
4
-6
-13
-11
-11
-11
-4
5
9
2
-4
-4
-5
-2
7
16
16
13
16
13
4
2
6
2
0
9
16
18
9
-5
-5
11
28
31
27
21
19
22
22
17
6
-1
1
4
3
3
12
20
9
2
8
15
16
13
7
-3
-10
-13
-6
10
16
13
13
13
8
0
2
9
12
9
4
-2
-5
-11
-21
-25
-27
-31
-29
-26
-32
-37
-35
-38
-43
-39
-36
-38
-32
-31
-37
-38
-41
-42
-39
-40
-42
-43
-47
-51
-51
-51
-52
-54
-55
-47
-46
-55
-49
-35
-28
-24
-25
-29
-29
-27
-31
-33
-24
-19
-16
-15
-21
-26
-31
-44
-55
-50
-36
-31
-33
-31
-25
-20
-20
-27
-35
-38
-35
-35
-37
-37
-36
-38
-43
-46
-45
-47
-46
-42
-43
-39
-32
-36
-42
-42
-41
-44
-47
-43
-35
-25
-18
-19
-15
-14
-14
-12
-12
-8
-1
2
-2
-9
-11
-7
3
13
10
10
20
18
6
7
16
20
20
11
10
22
28
30
33
37
41
36
25
21
19
18
29
34
27
28
36
36
32
27
20
21
17
9
16
24
23
27
33
31
28
24
24
28
32
39
44
44
40
27
11
12
21
25
30
34
33
22
12
7
2
11
24
27
21
8
5
7
16
25
25
20
12
3
3
9
15
20
20
13
8
11
18
20
6
-7
-6
-3
-4
-10
-11
-13
-12
-13
-14
-5
2
-1
-11
-19
-18
-11
-4
1
2
-2
-2
-4
-14
-18
-9
-4
-6
3
15
20
20
15
10
10
8
6
8
12
12
12
12
9
15
21
20
22
27
28
26
24
25
24
11
3
5
7
18
27
24
15
12
8
6
7
7
8
-2
-18
-26
-28
-24
-19
-12
-5
-8
-17
-27
-37
-37
-29
-24
-27
-35
-39
-34
-32
-34
-32
-35
-49
-58
-53
-39
-31
-35
-49
-61
-66
-63
-51
-45
-48
-55
-63
-63
-59
-63
-65
-63
-65
-69
-63
-55
-55
-59
-62
-64
-68
-74
-79
-77
-74
-69
-59
-52
-55
-61
-55
-57
-68
-75
-78
-80
-77
-69
-68
-69
-64
-60
-70
-83
-85
-81
-81
-85
-82
-75
-74
-74
-77
-84
-81
-73
-77
-90
-97
-94
-87
-83
-78
-78
-80
-79
-77
-75
-75
-70
-66
-72
-76
-68
-65
-72
-77
-73
-65
-62
-58
-51
-47
-48
-48
-51
-56
-53
-51
-61
-68
-68
-69
-68
-64
-67
-66
-57
-53
-50
-38
-36
-44
-47
-44
-44
-41
-33
-30
-24
-15
-10
-14
-30
-37
-32
-24
-19
-16
-12
-1
7
6
3
-1
-10
-20
-26
-28
-22
-15
-14
-21
-24
-22
-23
-19
-15
-20
-23
-23
-28
-31
-28
-32
-37
-31
-19
-7
-1
-7
-10
-10
-13
-16
-17
-23
-30
-32
-30
-32
-38
-38
-35
-32
-30
-27
-28
-31
-29
-20
-17
-22
-21
-16
-18
-27
-36
-37
-35
-34
-23
-10
-17
-25
-13
-2
-5
-11
-8
-5
-7
-9
-11
-14
-14
-13
-15
-15
-9
-7
-4
1
0
1
7
10
17
25
24
22
23
27
33
38
42
41
35
35
48
54
56
55
52
54
54
53
57
59
52
48
53
57
59
56
49
47
50
54
55
57
60
55
49
43
40
49
57
62
67
76
82
85
91
90
82
71
62
63
69
72
75
78
76
81
88
88
89
83
73
70
74
75
76
79
78
80
81
77
72
73
79
80
75
69
64
56
50
52
58
58
59
68
67
54
53
62
65
60
58
61
58
54
54
56
58
63
68
58
49
48
49
52
56
56
48
42
36
32
31
29
27
22
19
25
28
18
9
8
1
-10
-11
-5
2
4
-2
-9
-6
0
0
3
5
-3
-9
-8
-10
-15
-16
-14
-14
-17
-22
-31
-35
-33
-30
-25
-19
-18
-15
-14
-20
-30
-37
-34
-24
-13
-8
-14
-24
-29
-30
-27
-20
-16
-7
-1
-5
-6
-2
-3
-6
-9
-20
-29
-22
-7
-4
-9
-9
-6
-5
-1
-1
-4
1
4
7
14
16
24
33
30
19
18
29
37
40
40
38
32
27
30
37
39
40
47
48
41
43
48
42
29
30
34
27
31
39
40
38
36
43
50
52
49
42
36
36
43
52
56
50
37
26
20
16
12
11
16
24
26
29
29
23
16
13
20
25
22
20
21
21
11
1
1
0
-7
-12
-8
2
4
-6
-8
1
0
-9
-12
-10
-12
-14
-8
-3
-11
-17
-16
-13
-7
-1
-8
-15
-7
2
-1
-6
-5
-4
-5
-2
1
-4
1
11
13
14
16
14
11
18
22
16
22
32
25
17
17
15
13
17
18
16
18
27
36
34
28
28
30
22
13
8
12
22
35
43
40
38
41
37
33
38
40
38
41
41
38
39
38
31
17
12
16
21
29
36
34
29
22
16
21
25
27
28
24
21
13
4
-1
-2
4
7
13
28
33
26
22
12
5
11
16
16
15
16
12
6
8
5
2
11
17
20
26
29
31
29
22
15
16
25
27
19
11
15
18
12
8
4
0
-3
-3
1
2
-5
-8
-13
-20
-17
-9
-10
-12
-10
-10
-12
-18
-28
-35
-31
-27
-27
-24
-22
-20
-31
-40
-37
-32
-33
-32
-27
-32
-44
-43
-39
-40
-45
-45
-43
-44
-46
-40
-31
-37
-51
-57
-55
-50
-47
-46
-48
-55
-57
-51
-48
-50
-47
-44
-50
-55
-51
-52
-50
-43
-48
-55
-51
-50
-50
-41
-31
-28
-27
-30
-36
-39
-36
-34
-40
-37
-23
-12
-7
-11
-13
-13
-16
-19
-17
-5
2
-2
-8
-11
-13
-23
-33
-37
-39
-37
-33
-35
-35
-29
-26
-22
-22
-26
-20
-15
-20
-25
-35
-43
-39
-33
-30
-27
-28
-29
-28
-29
-31
-27
-25
-22
-18
-22
-25
-26
-25
-22
-17
-14
-15
-11
-8
-19
-31
-34
-34
-31
-27
-22
-18
-25
-37
-47
-49
-37
-25
-22
-16
-10
-13
-19
-25
-27
-30
-38
-44
-45
-41
-39
-41
-44
-46
-46
-49
-52
-48
-38
-30
-28
-28
-32
-34
-35
-37
-38
-38
-39
-44
-39
-29
-32
-42
-51
-56
-54
-46
-40
-35
-29
-29
-32
-31
-30
-30
-30
-36
-39
-36
-41
-44
-40
-45
-59
-62
-62
-66
-67
-65
-61
-54
-55
-63
-63
-62
-62
-58
-59
-60
-60
-58
-52
-49
-52
-49
-47
-56
-59
-49
-37
-28
-33
-41
-35
-25
-22
-25
-27
-32
-35
-37
-40
-38
-27
-21
-29
-31
-22
-23
-29
-26
-29
-34
-31
-32
-35
-32
-33
-41
-41
-36
-44
-52
-48
-43
-43
-36
-32
-45
-60
-58
-49
-48
-47
-40
-39
-39
-37
-37
-38
-35
-32
-29
-25
-27
-33
-29
-27
-40
-49
-41
-34
-32
-26
-19
-22
-30
-31
-24
-25
-27
-24
-28
-34
-31
-25
-17
-13
-20
-28
-30
-34
-36
-31
-23
-18
-14
-12
-13
-14
-14
-7
5
10
9
9
12
15
15
15
20
22
18
13
9
3
2
11
15
12
13
16
15
13
13
17
22
26
34
39
37
29
19
19
25
26
21
19
21
31
41
39
32
31
30
20
14
16
14
12
21
32
29
29
32
28
30
37
30
21
20
16
17
23
20
13
17
20
13
9
11
19
29
30
26
21
11
9
15
17
19
24
31
38
42
44
51
55
50
47
52
53
50
50
52
52
47
42
47
55
61
61
60
63
60
56
51
50
56
60
64
63
61
59
50
45
51
55
52
52
48
48
53
44
34
33
36
46
53
45
35
33
33
33
29
24
31
41
42
38
30
23
21
14
5
2
6
11
8
5
7
7
1
0
0
-8
-10
-2
3
0
-7
-17
-30
-31
-20
-19
-25
-24
-20
-22
-27
-32
-37
-42
-45
-41
-39
-46
-50
-42
-36
-47
-56
-47
-40
-45
-44
-39
-36
-31
-29
-32
-36
-37
-30
-17
-7
-3
0
-1
-6
-12
-15
-11
-12
-11
-3
-1
-8
-7
-2
-9
-13
-8
-5
-8
-7
2
1
-8
-10
-8
-6
-7
0
10
10
14
19
16
4
-4
-1
-2
-1
4
-1
-10
-6
3
2
-7
-8
-2
-4
-9
-5
1
0
-8
-16
-24
-28
-25
-21
-21
-17
-11
-16
-28
-34
-35
-39
-42
-39
-33
-30
-29
-28
-23
-26
-34
-41
-42
-33
-24
-25
-27
-20
-9
-6
-14
-19
-21
-23
-23
-28
-30
-22
-14
-16
-21
-15
-14
-16
-14
-15
-16
-11
-6
-6
