65
69
70
72
69
58
52
51
50
46
40
40
41
41
46
44
30
21
21
20
16
13
17
28
41
53
53
45
44
47
46
37
31
35
39
35
30
29
27
21
19
17
17
17
16
17
15
13
15
17
17
16
17
24
29
25
18
14
8
1
0
7
10
12
15
17
14
5
2
4
5
5
10
19
21
11
-2
-5
1
2
5
4
1
5
7
1
-3
-5
-7
-7
2
9
14
18
12
4
3
6
10
8
1
-5
-6
1
6
9
15
13
7
4
7
14
18
17
16
22
31
35
35
35
34
26
24
28
26
17
14
19
21
21
23
22
14
9
6
17
31
30
24
25
28
22
13
15
23
33
41
37
27
19
17
14
11
12
13
6
-5
-9
-9
-15
-17
-15
-14
-15
-19
-25
-28
-30
-33
-32
-26
-29
-36
-42
-46
-43
-39
-44
-57
-64
-62
-66
-74
-73
-68
-67
-73
-83
-91
-100
-106
-103
-97
-91
-92
-100
-107
-113
-123
-133
-133
-129
-131
-138
-144
-149
-152
-156
-161
-164
-164
-168
-174
-176
-180
-183
-184
-186
-189
-190
-187
-192
-206
-219
-227
-230
-231
-229
-224
-220
-217
-220
-220
-215
-210
-211
-213
-214
-218
-221
-221
-226
-232
-233
-231
-233
-236
-239
-244
-245
-240
-237
-231
-225
-221
-219
-217
-216
-219
-222
-226
-232
-230
-224
-220
-223
-232
-229
-219
-221
-232
-234
-227
-223
-222
-215
-210
-222
-229
-221
-210
-201
-199
-200
-208
-214
-213
-215
-211
-207
-210
-217
-222
-221
-222
-224
-222
-222
-224
-215
-202
-198
-201
-199
-193
-195
-200
-196
-189
-187
-190
-190
-191
-197
-208
-213
-205
-195
-189
-188
-189
-190
-195
-199
-199
-195
-193
-198
-205
-208
-205
-203
-202
-196
-191
-192
-193
-190
-182
-173
-170
-170
-174
-179
-174
-169
-170
-170
-164
-156
-149
-141
-132
-133
-139
-134
-121
-111
-111
-115
-113
-110
-107
-104
-99
-93
-87
-81
-81
-79
-65
-53
-50
-50
-43
-40
-45
-48
-49
-46
-38
-31
-26
-28
-27
-24
-25
-23
-17
-16
-22
-28
-24
-18
-16
-12
-4
2
4
8
17
22
20
18
14
7
11
16
9
1
0
4
7
13
23
30
29
23
12
0
2
17
27
27
28
29
23
21
24
26
30
30
25
31
45
52
53
50
42
38
44
57
67
71
69
63
59
53
48
54
64
66
68
78
89
95
90
83
84
88
94
99
104
114
125
130
129
129
133
140
143
137
130
123
122
125
131
137
131
122
117
117
125
139
151
153
144
135
132
130
131
132
132
127
122
128
135
136
137
137
135
132
128
120
120
129
128
128
135
131
117
112
116
118
115
109
103
100
101
105
108
105
95
86
82
80
78
76
76
74
73
75
74
69
67
71
73
70
70
74
73
68
65
66
61
47
33
28
34
45
52
55
60
66
72
66
53
53
60
62
63
70
72
69
65
63
56
55
70
83
81
76
84
90
87
80
75
73
71
73
75
81
87
83
84
88
88
93
96
89
74
69
76
82
82
82
87
91
92
90
84
86
92
97
102
101
100
98
91
88
90
92
97
106
111
102
96
100
100
97
98
103
104
102
98
92
93
93
91
93
96
95
93
100
106
104
101
102
110
117
117
118
119
123
129
130
128
124
124
127
127
123
122
124
117
107
100
105
118
128
124
107
97
102
109
109
107
105
101
93
87
84
81
84
92
95
91
86
85
85
86
84
82
81
84
88
93
96
93
88
81
69
63
69
73
67
66
73
72
58
49
56
59
60
70
70
56
52
55
57
62
71
74
65
60
58
51
48
49
50
48
50
54
51
52
56
58
62
71
77
75
71
71
73
71
70
73
79
77
73
71
73
76
77
78
79
83
88
85
72
57
51
51
62
79
84
77
66
58
56
55
55
59
60
54
48
51
53
43
35
31
31
38
47
51
46
41
41
49
49
38
30
25
20
13
15
20
21
22
26
25
25
26
24
29
31
24
11
0
-7
-6
6
20
24
21
16
7
5
12
10
0
-6
-3
2
3
8
21
26
12
-3
-1
7
3
-5
-13
-15
-14
-15
-14
-12
-10
-10
-9
-11
-16
-17
-14
-8
-9
-11
-13
-19
-26
-34
-33
-27
-23
-18
-15
-11
-5
-6
-13
-20
-24
-24
-17
-9
-11
-15
-16
-18
-17
-14
-11
-18
-28
-30
-33
-36
-38
-35
-26
-16
-11
-17
-20
-22
-32
-42
-37
-21
-16
-18
-15
-6
-2
-7
-9
-6
-5
-11
-17
-20
-19
-18
-25
-30
-24
-17
-22
-31
-33
-29
-29
-30
-29
-32
-38
-40
-36
-35
-37
-41
-37
-26
-22
-23
-22
-16
-14
-22
-30
-34
-34
-34
-29
-25
-20
-14
-14
-12
-7
-12
-25
-27
-24
-25
-20
-7
-7
-22
-36
-40
-38
-36
-31
-27
-33
-44
-50
-49
-41
-30
-25
-27
-33
-38
-45
-51
-54
-58
-60
-61
-67
-70
-65
-57
-52
-58
-63
-61
-56
-57
-63
-68
-68
-66
-65
-67
-71
-72
-67
-62
-61
-54
-44
-49
-60
-59
-53
-57
-61
-65
-71
-80
-87
-83
-78
-73
-67
-67
-70
-69
-65
-65
-68
-62
-52
-49
-50
-51
-53
-56
-53
-42
-36
-30
-20
-12
-9
-9
-13
-12
-11
-10
-6
3
9
6
2
-3
-6
-1
0
-7
-11
-3
2
1
7
13
13
13
4
-10
-18
-19
-16
-9
-1
0
-2
-3
-1
-4
-9
-8
-1
-4
-12
-11
-9
-9
-7
-5
-9
-19
-20
-13
-10
-14
-17
-18
-22
-27
-32
-36
-43
-48
-49
-42
-31
-30
-33
-34
-36
-42
-47
-47
-40
-32
-32
-38
-37
-31
-31
-33
-27
-19
-20
-27
-29
-23
-20
-27
-40
-45
-38
-29
-22
-19
-20
-20
-15
-15
-22
-23
-22
-33
-45
-48
-51
-57
-58
-51
-47
-51
-56
-59
-63
-66
-66
-63
-58
-59
-66
-72
-74
-77
-83
-78
-65
-57
-62
-70
-72
-70
-68
-77
-86
-81
-71
-64
-63
-66
-68
-70
-68
-65
-60
-58
-66
-76
-75
-69
-69
-70
-69
-68
-63
-58
-51
-49
-53
-51
-49
-50
-49
-45
-41
-41
-42
-40
-42
-46
-47
-41
-28
-26
-30
-24
-12
-10
-6
0
-3
-14
-17
-6
6
11
22
31
31
34
49
59
53
48
52
53
55
60
71
81
81
82
83
81
73
70
77
85
94
99
97
89
85
87
94
104
102
91
85
87
93
99
101
97
95
96
98
94
85
77
73
76
78
80
82
83
89
92
85
76
82
90
96
94
88
87
83
74
69
78
94
99
94
84
77
82
88
92
97
93
77
66
73
81
86
92
98
104
111
107
98
93
85
77
74
82
89
86
83
74
62
53
49
58
71
76
74
72
74
68
59
55
48
40
43
53
60
64
65
61
58
57
63
66
62
58
59
62
58
53
54
63
75
87
91
88
83
76
72
75
76
73
68
63
59
54
55
53
50
59
68
66
54
42
35
35
33
26
27
32
36
36
34
31
19
12
15
17
15
11
14
21
26
23
15
12
12
15
15
17
24
26
27
26
26
21
10
1
0
3
4
8
12
6
-7
-17
-16
-13
-15
-12
-7
0
3
-10
-25
-32
-38
-41
-40
-42
-46
-47
-41
-35
-37
-42
-44
-43
-44
-49
-56
-64
-72
-79
-79
-74
-73
-74
-78
-88
-97
-99
-98
-94
-88
-90
-104
-116
-122
-124
-126
-127
-119
-108
-111
-114
-106
-104
-115
-115
-98
-89
-98
-102
-98
-101
-110
-110
-100
-92
-95
-102
-110
-116
-114
-107
-108
-117
-115
-105
-104
-106
-97
-86
-85
-89
-83
-76
-84
-88
-88
-85
-79
-72
-60
-54
-57
-67
-75
-73
-66
-63
-66
-70
-71
-69
-74
-80
-78
-73
-72
-74
-73
-73
-77
-78
-75
-65
-50
-44
-56
-70
-71
-65
-57
-53
-55
-63
-75
-76
-59
-41
-36
-41
-49
-54
-56
-54
-47
-43
-40
-43
-53
-57
-50
-39
-31
-43
-61
-63
-57
-58
-57
-51
-53
-65
-71
-67
-67
-72
-76
-77
-83
-90
-92
-97
-105
-116
-121
-115
-107
-105
-108
-109
-110
-110
-110
-113
-107
-98
-100
-110
-122
-131
-139
-143
-138
-135
-132
-129
-126
-124
-129
-135
-138
-142
-146
-139
-122
-111
-102
-97
-98
-105
-114
-120
-124
-119
-109
-97
-81
-77
-83
-83
-72
-64
-73
-76
-71
-69
-69
-69
-61
-62
-68
-72
-73
-72
-73
-71
-69
-73
-76
-73
-60
-50
-48
-52
-56
-56
-50
-39
-30
-21
-17
-18
-20
-20
-19
-20
-22
-25
-29
-31
-30
-31
-35
-36
-38
-39
-40
-38
-32
-29
-30
-28
-25
-27
-31
-37
-48
-52
-51
-50
-52
-50
-41
-34
-38
-41
-33
-28
-30
-33
-35
-36
-36
-38
-35
-29
-31
-38
-45
-51
-56
-55
-50
-54
-66
-67
-52
-38
-36
-39
-34
-39
-59
-61
-38
-22
-28
-34
-27
-26
-37
-44
-41
-31
-22
-27
-38
-41
-32
-20
-18
-19
-18
-21
-35
-40
-26
-16
-13
-2
8
4
3
9
8
2
10
19
20
20
18
18
20
26
28
24
26
33
31
20
12
9
17
24
24
28
33
34
31
30
29
22
18
17
25
33
37
42
46
41
38
43
44
44
47
50
55
64
65
61
66
74
77
75
72
77
88
92
88
84
86
87
86
90
87
81
77
74
74
75
82
85
82
75
67
65
67
73
81
81
78
83
92
94
92
89
84
80
80
85
84
83
85
84
83
82
81
80
74
72
84
100
103
99
98
90
75
65
73
84
86
86
93
93
85
87
94
94
89
82
79
81
85
93
105
113
113
113
116
112
103
100
100
102
108
114
116
117
119
116
108
110
120
129
133
124
107
103
116
127
127
120
113
106
103
111
118
117
111
98
87
90
102
105
104
105
95
79
71
68
63
63
69
71
65
59
54
52
57
58
53
50
47
35
21
16
20
24
27
20
11
11
18
22
17
19
27
31
29
24
24
30
31
23
17
8
4
14
24
26
22
28
45
53
51
44
35
27
29
35
42
50
51
47
41
31
27
29
26
18
19
28
38
45
48
40
27
15
14
22
23
17
8
2
4
9
14
20
22
14
3
1
3
2
-3
-9
-16
-20
-15
-8
-9
-15
-23
-26
-24
-22
-16
-16
-16
-8
1
-3
-17
-23
-22
-25
-27
-18
-9
-4
-5
-12
-20
-24
-24
-21
-14
-10
-14
-19
-22
-23
-17
-10
-10
-15
-17
-16
-17
-18
-13
-7
-9
-15
-17
-14
-9
-4
1
6
6
1
-1
0
1
3
0
0
4
0
-5
-1
5
8
10
12
10
7
1
-6
-13
-15
-14
-14
-6
5
11
8
1
-10
-18
-18
-15
-10
-4
2
6
11
16
17
15
15
24
35
39
37
32
28
25
25
33
46
55
51
38
29
31
31
28
35
42
47
48
41
35
34
33
31
26
22
18
18
22
24
24
20
16
16
20
27
36
41
47
47
37
25
21
26
36
45
49
49
48
46
43
41
40
39
31
21
19
19
16
15
16
20
23
26
34
39
38
32
28
29
29
25
20
16
14
14
9
5
5
7
7
10
16
17
21
28
25
11
0
-1
-4
-6
-2
2
0
-9
-13
-11
-12
-14
-18
-23
-25
-24
-20
-15
-3
-1
-17
-31
-38
-38
-34
-30
-35
-50
-58
-62
-60
-53
-41
-26
-19
-21
-24
-24
-21
-18
-19
-22
-26
-28
-23
-24
-29
-24
-11
-5
-6
-4
-7
-8
-5
-5
-9
-9
-4
-5
-8
-5
2
4
-2
-8
-7
-4
-5
-6
-8
-6
-1
1
-8
-18
-20
-16
-9
-4
0
0
0
6
14
21
21
17
18
17
19
18
17
14
13
13
9
8
11
12
10
7
10
18
24
22
14
7
7
4
-6
-7
0
-2
-2
5
8
5
8
11
3
-3
0
15
24
18
5
-8
-20
-31
-38
-43
-46
-42
-33
-29
-33
-39
-40
-41
-43
-41
-34
-22
-16
-22
-31
-37
-35
-33
-31
-29
-31
-34
-33
-30
-25
-14
-2
4
2
-10
-20
-16
-6
-4
-2
5
8
8
5
2
-3
-10
-16
-13
-7
-5
-2
4
15
24
30
32
27
24
22
21
15
4
4
13
23
27
31
39
41
37
35
37
35
35
39
42
43
41
36
34
49
62
57
49
44
41
45
56
70
81
83
76
65
62
66
66
64
64
68
75
79
77
75
73
72
71
71
71
77
86
82
72
72
83
89
88
84
78
78
79
81
87
87
80
77
75
74
70
61
57
58
65
71
70
66
59
59
64
66
63
60
62
58
47
41
38
47
56
58
59
56
50
48
52
52
49
47
44
42
41
40
38
34
30
26
21
15
12
7
6
9
10
11
6
-2
-8
-15
-25
-27
-22
-20
-21
-24
-26
-21
-19
-27
-29
-19
-10
-12
-16
-15
-17
-20
-24
-29
-33
-26
-20
-21
-18
-14
-22
-35
-33
-24
-21
-24
-28
-35
-44
-51
-50
-41
-28
-18
-6
-2
-17
-35
-42
-41
-36
-27
-18
-10
-9
-16
-19
-16
-13
-10
-12
-14
-17
-17
-10
-4
-3
-4
-2
1
-5
-10
-11
-13
-8
3
6
1
-5
-17
-24
-22
-19
-20
-21
-22
-23
-21
-20
-21
-22
-29
-40
-48
-46
-43
-45
-46
-41
-40
-43
-48
-51
-52
-58
-58
-47
-42
-50
-58
-62
-71
-79
-75
-71
-74
-70
-66
-69
-67
-65
-69
-67
-61
-51
-41
-33
-28
-30
-41
-53
-58
-59
-55
-53
-60
-66
-70
-77
-78
-79
-78
-79
-78
-77
-80
-77
-75
-76
-74
-77
-84
-92
-91
-89
-92
-92
-88
-82
-77
-76
-78
-78
-75
-76
-76
-70
-69
-68
-60
-52
-51
-57
-65
-74
-79
-78
-74
-72
-76
-81
-73
-58
-51
-59
-66
-57
-49
-52
-59
-62
-64
-60
-50
-47
-46
-41
-40
-39
-36
-31
-27
-30
-32
-31
-25
-13
-6
-9
-16
-21
-21
-20
-17
-10
-4
0
-1
-3
2
8
14
25
26
21
14
15
16
18
29
39
45
47
47
41
32
31
37
41
39
36
30
24
20
13
10
18
26
30
32
29
23
26
30
26
26
28
27
23
19
21
23
18
10
9
20
30
33
37
29
7
-10
-12
-8
2
11
12
8
4
-4
-14
-14
-10
-9
-4
4
5
0
-4
-5
-5
-7
-11
-14
-16
-21
-26
-34
-41
-40
-35
-32
-32
-38
-42
-44
-39
-32
-29
-33
-40
-44
-40
-39
-42
-44
-49
-53
-57
-58
-50
-42
-40
-49
-60
-65
-64
-63
-66
-68
-63
-59
-60
-58
-53
-57
-61
-54
-48
-52
-58
-58
-61
-65
-61
-49
-42
-42
-44
-45
-46
-44
-43
-44
-48
-46
-40
-41
-41
-40
-39
-35
-26
-20
-13
-6
-6
-8
-8
-17
-28
-24
-18
-17
-16
-9
-3
-1
8
19
22
21
19
18
22
28
27
22
19
20
22
22
18
12
4
3
8
11
15
24
24
20
17
18
22
16
8
8
5
3
8
19
18
8
-3
-15
-21
-21
-14
-9
-9
-7
-10
-11
-10
-13
-21
-32
-36
-30
-21
-26
-38
-36
-32
-30
-32
-33
-31
-34
-37
-41
-47
-55
-60
-59
-57
-59
-59
-55
-48
-42
-39
-40
-40
-35
-30
-30
-27
-20
-20
-32
-49
-50
-40
-28
-19
-20
-24
-24
-21
-14
-9
-9
-12
-16
-18
-16
-15
-14
-10
-4
-2
2
4
-1
-3
-2
7
19
24
24
21
26
31
36
45
51
57
60
59
62
66
68
69
76
86
91
91
94
99
104
106
101
97
98
104
111
114
115
118
116
108
108
117
115
107
108
116
120
116
111
110
112
108
104
106
113
117
122
130
129
125
123
119
113
111
113
108
98
91
91
98
100
100
100
95
91
88
88
88
83
82
85
89
85
73
69
69
70
78
86
83
71
65
63
55
48
52
62
67
68
71
70
61
53
51
59
66
67
70
72
69
70
75
71
57
53
58
52
37
36
41
42
52
67
72
63
52
51
54
61
72
82
83
68
55
47
42
43
43
45
54
61
62
58
51
38
31
37
46
48
50
59
61
54
50
55
61
57
52
50
50
49
48
45
40
38
39
37
33
36
37
27
22
24
27
27
17
7
8
16
18
14
13
5
-3
-1
4
7
6
-2
-15
-25
-26
-23
-24
-29
-27
-27
-26
-21
-16
-16
-21
-22
-20
-21
-23
-25
-30
-30
-22
-15
-23
-33
-34
-29
-26
-18
-8
-12
-23
-27
-25
-26
-37
-45
-46
-42
-33
-27
-29
-38
-43
-37
-30
-35
-47
-50
-53
-62
-62
-47
-34
-33
-35
-35
-35
-34
-33
-34
-37
-46
-57
-62
-61
-61
-61
-62
-68
-76
-78
-78
-71
-53
-37
-30
-37
-51
-60
-57
-47
-44
-41
-37
-41
-45
-46
-43
-44
-50
-49
-43
-36
-29
-23
-18
-19
-18
-6
2
-4
-9
-7
-5
-7
-11
-13
-19
-23
-25
-28
-31
-39
-38
-33
-27
-19
-18
-26
-38
-39
-32
-25
-14
-19
-36
-42
-34
-33
-43
-49
-50
-48
-45
-40
-42
-47
-47
-42
-45
-57
-63
-52
-43
-44
-45
-48
-57
-57
-45
-53
-76
-54
-16
-45
-146
-224
-168
-27
36
-60
-155
-108
-40
-76
-168
-171
-22
170
286
356
441
490
391
123
-126
-172
-111
-90
-83
-49
-43
-138
-342
-574
-710
-733
-720
-685
-580
-394
-185
0
159
284
313
197
-1
-169
-248
-228
-110
72
249
374
394
307
177
124
226
309
301
316
371
460
537
521
483
498
417
88
-294
-464
-400
-242
-243
-457
-727
-892
-829
-562
-199
44
-56
-532
-1175
-1587
-1411
-678
176
856
1290
1362
921
-75
-1264
-2056
-2236
-2016
-1557
-807
75
771
1235
1585
1846
1876
1636
1198
827
813
713
281
-71
-287
-467
-634
-907
-1236
-1460
-1525
-1347
-836
-47
773
1240
1328
1364
1335
1050
490
-244
-891
-1112
-936
-745
-590
-411
-274
-231
-308
-321
-224
-27
108
141
601
984
775
713
719
855
1454
1692
1448
1501
1844
1945
1933
1993
1727
1309
1206
1015
472
-137
-671
-845
-998
-1506
-1756
-1759
-1580
-839
-544
-1157
-1662
-1798
-1681
-1397
-942
-257
116
733
1573
983
467
543
-990
-2286
-2365
-3053
-3051
-1874
-1476
-517
1819
2166
617
335
1588
3785
6020
7516
8841
9423
8257
5845
3718
1885
-553
-3487
-6304
-7708
-8307
-8886
-9801
-10856
-10382
-10232
-11322
-12182
-12461
-11798
-9919
-6248
-2437
588
3308
4663
4785
4940
6201
7403
7105
6647
6778
7606
9168
10166
10157
9672
9150
8773
8440
8216
7555
6655
6115
5494
4354
2409
489
-930
-2373
-3693
-4746
-5808
-6727
-7105
-7775
-8890
-9547
-10175
-10717
-10427
-9983
-9913
-9144
-7655
-6218
-4768
-3544
-2779
-2232
-1511
-982
-982
-1168
-1277
-1109
-626
129
880
1481
1960
2388
2773
3230
3524
3402
3837
4971
6163
7095
7371
7255
6745
5735
4729
3843
3406
3607
4068
4881
5917
6656
6598
5917
5181
4503
4176
4055
4178
4372
4188
4118
3864
3660
3876
3498
2815
2097
1270
755
180
-608
-1389
-1542
-1516
-2142
-2518
-2534
-2823
-3707
-4805
-5319
-5390
-5047
-5065
-4991
-4026
-4091
-5119
-6567
-7912
-7854
-7501
-6685
-4561
-1989
499
1334
-139
-3229
-6327
-8061
-9145
-8673
-6586
-4356
-2325
-916
-737
-2426
-5236
-6833
-6643
-5421
-3182
-511
1734
3116
3231
2421
1732
1604
1069
223
346
1072
2130
3238
4050
5197
6410
7654
9202
10687
11619
11289
10295
9361
7691
5443
3641
2211
946
-278
-1749
-2610
-1826
-165
1029
1319
690
64
255
591
562
-184
-1279
-1731
-1897
-2442
-3889
-5394
-5714
-5598
-5015
-4151
-3847
-3347
-2886
-3126
-3371
-3353
-3324
-3485
-3437
-2979
-2578
-1838
-939
-718
-323
986
2338
3378
4013
4421
4998
5142
4890
4363
3572
2906
2490
2123
1565
1031
304
-383
-314
297
709
796
1180
1334
1060
1796
2969
3281
3903
5182
5941
6111
5302
3293
2466
2146
875
1006
357
69
4285
6394
2804
-1782
-3444
-2069
-2370
-4227
-4274
-3347
-2703
-2411
-1862
-2169
-3512
-3605
-3190
-4539
-6147
-6221
-6341
-6932
-6903
-6257
-5568
-5324
-5628
-6053
-6063
-6068
-6258
-5134
-3046
-2337
-2405
-1767
-303
1565
2558
2950
3631
4175
4322
4045
3446
2583
1807
1486
1461
1858
2432
2736
2623
2293
2150
2349
3171
3320
2051
1703
2104
1187
-676
-1655
-914
-17
311
347
190
203
555
1402
2312
3094
3869
4394
4564
4469
3963
3118
2660
1631
221
270
424
559
1685
2243
2796
4036
3921
2198
194
-1292
-2489
-3791
-4245
-3914
-3415
-1830
58
610
1182
2099
1296
-460
-1474
-1855
-1798
-1707
-1697
-1889
-2345
-2793
-3444
-3784
-3497
-3414
-3466
-3055
-2420
-2042
-2094
-2228
-1896
-1274
-974
-1027
-866
-298
248
650
926
1116
1174
1181
1865
2508
2070
1640
1703
1672
1407
653
-151
-561
-727
-805
-1045
-1077
-1223
-1771
-2134
-2705
-2981
-2268
-1195
261
1435
1894
1984
1800
1705
1637
1764
1900
1948
2064
2048
2103
2107
2071
2094
2191
2427
2195
1490
868
220
-440
-535
-85
230
268
273
236
82
5
-184
-832
-1194
-1351
-2201
-2636
-2211
-2020
-2071
-2353
-2480
-1848
-1311
-1051
-660
-900
-1448
-1411
-946
-65
654
905
1194
1304
1010
758
778
865
1058
1127
1096
1194
997
808
455
-643
-1912
-2593
-2386
-2156
-2066
-1738
-1339
-82
1495
1911
2275
3122
3030
2105
815
-655
-1761
-2512
-3113
-3432
-3091
-2368
-2059
-1927
-1558
-1673
-2262
-2435
-2006
-1367
-667
597
2261
3022
2724
2489
2489
2324
1985
1688
1629
1437
812
47
-681
-1073
-783
-330
-124
300
885
1225
1342
1475
1542
1093
642
683
931
1272
1552
1254
282
-247
65
36
-765
-1626
-2223
-2360
-2062
-1726
-1198
-368
345
618
415
541
1218
1514
1204
-750
-3271
-3856
-2960
-705
2139
4086
4344
3071
1554
125
-415
-150
-208
-1108
-2414
-2355
-1727
-1342
-123
698
617
233
-1063
-2296
-2012
-1301
-1362
-1723
-2480
-3498
-3784
-2673
-1122
-611
-84
930
1915
3490
5045
5887
6476
7115
7452
6756
5825
5679
5488
4985
4428
3523
2469
1245
-151
-857
-379
562
930
864
730
-288
-2009
-3056
-2906
-1753
-853
-845
-1034
-1102
-1407
-2473
-3792
-4769
-5328
-5792
-6283
-6275
-5993
-5413
-4219
-3637
-3911
-3499
-2759
-2675
-2384
-1799
-1798
-2010
-2288
-2556
-1595
-200
170
697
1671
2288
2657
2576
2267
2247
2221
2077
2261
2586
2911
3416
3610
3460
3337
3369
3097
2746
3243
3716
3761
3974
3775
3371
3264
2582
1797
1560
957
417
193
-133
92
808
1717
2302
1744
432
-687
-892
-874
-1678
-2677
-3259
-3290
-2809
-2749
-3115
-3099
-3023
-2800
-2190
-1916
-1938
-1772
-1479
-1224
-1380
-2053
-3109
-4396
-5070
-4818
-4205
-3457
-3053
-2939
-2256
-1111
105
1121
1519
1924
2454
2183
1284
403
356
1013
1157
924
632
254
66
-346
-671
-246
179
567
1201
1924
3036
3782
3230
2248
1863
1693
1743
2468
3214
3138
2281
1418
823
-57
-995
-1620
-2191
-2575
-2992
-3642
-3654
-2895
-2292
-1863
-1345
-817
-44
803
1326
1393
1273
1010
265
-545
-1069
-1420
-1405
-936
-369
187
742
945
704
235
-310
-234
765
1825
2804
3953
4341
3167
1905
1076
-60
18
932
861
156
-324
-410
-589
-928
-932
-481
-95
119
436
639
637
943
1793
2669
3080
3095
2973
2577
1368
-739
-1763
-769
333
948
1761
2972
3563
2323
458
-334
-550
-1275
-1711
-825
215
125
-243
-611
-2070
-3805
-4912
-5373
-5424
-6105
-6633
-6646
-7013
-7474
-8137
-8399
-8006
-8048
-8224
-7774
-7273
-7196
-6797
-5595
-4046
-2790
-1750
-105
2054
3962
5395
6002
6210
6104
5505
5550
5926
6121
6214
6317
6908
7760
8633
9430
9796
9079
7757
6388
4743
3653
3310
2943
2602
2975
3726
4071
4123
3672
3199
2950
2235
1934
1976
1644
1590
1441
786
-91
-1449
-3498
-5803
-7309
-7389
-6455
-5045
-3916
-3208
-2368
-1659
-1502
-1935
-2703
-3405
-3676
-3878
-4234
-4437
-4773
-4665
-3978
-3800
-3898
-3589
-3362
-3609
-3781
-3610
-3298
-2771
-2196
-2002
-1759
-1194
-844
-464
-27
107
251
411
459
831
2049
3099
3326
3838
4368
4557
4827
4971
5216
5645
5833
5160
3943
3546
3841
3953
3757
3144
2341
1875
1676
1994
2753
3306
3760
3574
2601
1946
1602
875
261
420
1023
1353
789
-479
-1882
-2681
-2835
-3374
-3812
-3454
-2788
-1795
-1064
-1108
-1224
-1284
-1213
-615
374
902
502
97
78
7
-308
-800
-1160
-1077
-982
-1654
-2352
-2451
-2635
-3103
-3198
-2659
-2413
-2397
-2172
-1980
-1677
-1587
-1730
-1525
-650
196
520
580
549
1045
1446
1290
1329
1369
1257
1368
1392
1400
1964
2668
2925
2599
2045
1561
1237
976
776
942
1026
616
-418
-1656
-2066
-1624
-870
77
1047
1930
2398
1828
539
-435
-506
51
826
1522
1353
95
-1344
-2244
-2594
-2386
-1822
-1705
-1693
-1214
-724
-651
-1244
-2060
-2644
-2846
-1962
-313
824
1637
1489
659
642
-702
-3768
-5371
-3983
-1881
-1232
-1906
-2908
-2885
-2693
-2322
-960
146
578
1265
2078
2421
2852
3269
3115
2977
2960
2420
1624
1130
1289
1835
1895
1838
2043
2799
3798
3674
3438
3697
3284
2616
2190
2344
3420
4263
4306
3836
3023
2454
2067
1336
471
-40
-788
-1900
-2345
-2096
-2097
-2744
-3124
-2649
-1722
-1442
-2453
-3833
-4722
-4537
-3611
-3244
-3621
-3721
-2952
-2210
-2343
-3378
-4597
-4775
-4582
-4423
-3168
-1635
-1171
-1379
-1423
-822
275
921
544
72
406
872
831
254
-26
482
904
837
392
180
389
760
1437
1860
1749
1657
1700
1768
1709
1223
851
1030
829
189
170
753
1725
2510
1913
1127
1502
2021
2298
2871
3583
4272
4724
4008
2401
1087
168
-404
-331
468
1605
2464
3045
3025
1958
726
-136
-1148
-2378
-3123
-2663
-1444
-494
-429
-1683
-2883
-3415
-4985
-6525
-6528
-5655
-4889
-4679
-4068
-3318
-3659
-4869
-5232
-3986
-2554
-1667
-1349
-1165
-545
581
2328
3603
4308
4800
4391
4154
4410
4440
4258
3886
3214
2134
1378
1040
943
868
378
-307
-909
-860
-784
-952
-362
130
47
32
-70
-254
-309
-193
-133
34
775
1228
495
-631
-1162
-931
-556
-817
-1077
-692
-157
350
1053
1632
1646
1816
1874
1221
522
185
424
-28
-1329
-1810
-1826
-2262
-3012
-3926
-4582
-4418
-4094
-4470
-4538
-3812
-2970
-1599
-228
324
515
119
-717
-1151
-764
503
2051
2811
2183
514
-1418
-2869
-3291
-2341
-793
13
200
390
415
180
19
368
1097
1648
2411
3418
3837
3755
3591
3698
4037
4436
4795
4483
3638
2713
1830
1282
549
-947
-2196
-2133
-1238
-754
-797
-240
1062
2151
2549
2697
2657
1913
707
-67
-13
121
-95
-309
-771
-1776
-2621
-2815
-2850
-2919
-2836
-2450
-2154
-2499
-3050
-3173
-3105
-3417
-3208
-2322
-2462
-3219
-2886
-1630
-794
-404
-41
-553
-1276
-1129
-544
890
2851
3855
3097
1213
-206
-788
-785
-186
1101
2591
3264
3006
2010
794
927
1961
1956
1152
475
574
823
48
-699
-851
-691
-319
-53
211
78
-374
-298
295
618
277
-117
29
572
786
80
-531
-223
234
470
470
321
-209
-917
-1148
-1166
-885
-555
-450
-597
-1386
-2134
-2409
-2312
-1707
-1271
-1294
-895
273
1493
2212
2149
1272
380
111
571
1292
1398
1107
995
1046
778
-231
-1279
-1501
-880
20
686
783
467
824
2144
3422
3920
3704
3322
3078
2852
2851
2667
1673
512
-676
-1514
-1314
-1130
-1313
-855
-239
-161
75
172
-670
-1439
-1227
-1136
-1736
-2140
-2137
-1920
-1611
-1631
-2176
-2683
-2661
-2582
-2627
-2774
-3067
-3168
-3333
-3368
-2610
-1219
-238
-314
-350
-127
-310
-580
-846
-582
486
1437
1690
1424
1416
1359
615
-213
-324
525
1462
1919
2029
2220
2769
3001
3268
3899
3828
3275
2857
2396
2013
1797
1859
2143
2071
1227
43
-496
-272
114
460
913
1261
1479
2005
1294
-136
386
348
-849
-806
-614
-827
-1107
-796
-95
247
656
389
-396
-777
-725
-206
163
-143
-491
-238
187
286
-96
-886
-1451
-1682
-2383
-3125
-3284
-3699
-3851
-3127
-2918
-3620
-3980
-3263
-2119
-1210
-231
1095
1946
1591
1072
964
932
1205
1555
1524
883
157
-17
-131
-106
536
1198
1433
1582
1720
1604
1332
1267
1514
1419
529
-552
-1646
-2657
-3005
-2944
-2272
-817
105
136
-234
-427
-186
-339
-475
-280
-186
426
1221
1735
2245
2164
1443
1104
1317
1447
1569
1336
798
1029
1316
1205
1156
1334
2255
3337
3911
3892
3306
2556
1643
1095
1303
1263
577
-108
-223
93
126
-496
-1586
-2249
-2049
-1895
-1950
-1638
-1072
-630
-714
-1259
-1761
-1805
-1545
-1653
-2404
-3109
-3122
-3392
-4105
-3648
-2091
-1346
-2119
-3285
-3491
-2977
-2382
-1412
-616
-309
-136
-118
-341
-902
-916
-166
881
2026
2405
2014
1243
417
-43
-336
-380
-66
330
596
812
991
549
-331
-793
-840
-645
-219
455
1486
2790
3886
4313
4115
2786
290
-1514
-1351
-326
396
1348
2702
3513
3666
3658
3419
2962
2325
1636
1493
1834
1943
1866
1853
1600
1388
1373
783
-340
-1286
-2076
-2382
-2146
-2480
-2983
-2913
-2872
-2912
-2694
-2216
-1943
-1875
-1552
-1347
-1491
-1729
-1910
-1529
-321
521
253
-296
-664
-911
-1200
-1393
-1536
-1909
-2111
-2106
-2228
-2665
-3076
-3495
-4009
-3630
-2720
-1861
-887
-443
-413
-322
-127
53
-249
-401
299
1039
1101
510
69
743
1709
1966
2241
2590
2746
3068
2756
1530
487
447
1399
2455
2751
2690
2950
3227
3475
3509
3160
2961
2817
2528
2001
1320
980
1031
1172
1133
1062
1044
958
1127
1392
1329
1024
617
486
658
891
1506
2202
2204
1547
966
722
-174
-1613
-2126
-1926
-2164
-2430
-2296
-2556
-2821
-2303
-1659
-1890
-3071
-3969
-4589
-5060
-4306
-3197
-2456
-2146
-2847
-3856
-3988
-3462
-3680
-4256
-3754
-2838
-2737
-2626
-1921
-1352
-518
262
584
589
-340
-1353
-1823
-1811
-1291
-530
777
2323
3326
3300
2981
3180
3655
4077
4157
4362
4414
4301
4628
4607
3703
2675
2292
2155
1957
2005
2501
3309
3755
3443
2683
2215
2059
1606
1396
1615
1541
834
-587
-1693
-1657
-1346
-1537
-1806
-2230
-3222
-4220
-4495
-3642
-2573
-2095
-2120
-2457
-2432
-2041
-1835
-1754
-1685
-1791
-1710
-1518
-1848
-2363
-2242
-1707
-1502
-1688
-1982
-2030
-1750
-1154
-450
-282
-748
-1225
-1188
-942
-1036
-983
-178
918
1859
2379
2315
1822
1083
444
134
355
1162
1960
2398
2699
2661
2540
2699
2266
1214
526
454
830
1496
2297
2445
1356
29
-731
-971
-946
-976
-639
111
566
-1
-1538
-2972
-3787
-3777
-3168
-2631
-2231
-2007
-1751
-1412
-1105
-708
-748
-1048
-923
-364
83
225
602
914
1096
1362
1560
2106
2906
3156
2713
2700
3474
4236
4788
4590
3593
2861
2484
2091
1736
1167
598
775
926
307
-438
-790
-928
-1298
-1195
-176
832
893
-250
-1573
-2230
-3021
-3903
-4016
-3817
-3620
-3719
-4087
-4133
-3919
-3337
-2492
-2287
-2552
-2404
-1962
-1328
-654
14
1043
2025
2608
3017
2994
2682
2686
2948
3020
2558
2007
1686
1346
1274
1717
1791
1149
586
261
265
612
958
1120
1186
1212
926
608
201
-515
-948
-1046
-1091
-1147
-1166
-1062
-833
-603
-296
442
1102
1169
1275
1823
1885
1357
1222
1087
682
515
295
-379
-1057
-1363
-1919
-3002
-3780
-3850
-3222
-2059
-1472
-1755
-2112
-2277
-2252
-2595
-3240
-2872
-1489
-186
647
1117
1637
1933
1541
1289
1539
1643
1165
548
480
855
1468
2023
2059
1715
1639
1903
1940
1885
1917
1641
912
174
318
681
362
-151
-734
-1156
-1565
-2092
-2194
-1965
-1390
-376
601
961
742
782
875
548
287
-7
-260
-107
53
-2
-260
-829
-1341
-1294
-1136
-1320
-1509
-1683
-1777
-1776
-1919
-1914
-1375
-115
1316
2029
1894
1280
606
-57
-291
109
405
400
330
314
452
553
462
305
80
-48
-152
-832
-1488
-1146
-252
432
724
542
233
289
69
-503
-483
-82
147
2
-80
393
166
-880
-1179
-527
257
614
965
1996
3225
3857
3732
2703
1384
678
409
612
1008
964
735
519
263
-71
-190
-66
-242
-488
-194
251
231
253
731
1557
2150
1377
-339
-1467
-1639
-1427
-1057
-1024
-1725
-2070
-1730
-1201
-350
482
598
-43
-270
75
272
970
1898
2606
2921
2437
2086
1913
1265
666
663
840
832
1056
1341
1299
750
-96
-343
-341
-698
-696
-34
547
495
432
638
576
433
-136
-1733
-3427
-4308
-4443
-4188
-3812
-3102
-2519
-2619
-2750
-2632
-2194
-1628
-1463
-1223
-102
1164
1325
1140
1551
2096
2001
1168
325
-143
-413
-411
79
550
736
881
948
1170
1523
1796
1975
1997
1752
1246
1167
1836
2598
2679
2034
1437
1114
964
959
1050
1608
2441
2935
2799
2315
2208
2134
1703
1245
964
1332
1487
551
-279
-295
-82
-79
-118
-674
-1516
-1701
-1896
-2409
-2821
-2775
-2248
-1612
-1165
-1580
-2497
-2706
-2057
-781
590
803
-2
-678
-999
-1159
-1517
-2083
-2609
-3117
-3443
-3425
-3447
-3519
-3024
-2230
-1856
-1689
-1649
-2076
-2343
-1985
-1574
-1412
-1353
-1298
-1140
-885
-609
-749
-1345
-1369
-647
301
1137
1839
2782
3659
3972
3665
3223
3405
3768
3548
3098
3121
3454
3278
2720
2258
2150
2104
1419
684
910
1684
1363
526
997
2017
2402
2131
1851
1754
1573
1554
1853
2512
2955
2639
1705
224
-890
-1065
-1030
-1368
-2103
-2300
-1816
-1749
-1872
-1617
-1482
-1670
-1886
-2009
-1846
-1756
-2320
-2974
-3248
-3298
-3290
-3637
-3824
-3243
-2574
-2039
-1592
-1377
-965
-225
363
401
31
-339
-452
-390
-644
-1180
-1434
-1343
-1341
-1666
-1903
-1707
-1381
-1216
-431
1176
2333
2573
2287
2282
2585
2347
1964
2160
2625
2548
1705
1225
1675
2026
1816
1288
458
-333
-783
-1313
-1716
-1474
-960
-483
-404
-725
-867
-770
-840
-1142
-928
-139
529
953
1206
1532
1660
1433
1434
1512
1422
1327
1380
1587
1797
1981
2089
2020
1575
739
-187
-606
-564
-722
-633
-181
-47
201
357
-456
-1248
-1506
-1683
-1439
-1100
-779
-133
554
867
824
876
897
830
630
-43
-525
-389
-383
-735
-1104
-1293
-984
-473
-306
-304
-154
-173
-999
-2201
-2806
-2497
-2011
-2253
-2848
-3202
-3141
-2921
-2555
-1656
-798
-495
-453
-607
-1073
-1366
-1156
-887
-650
-184
367
675
652
564
692
1153
1559
1537
1553
1758
2024
2451
2719
2616
2431
2494
2644
2484
2081
1675
1204
571
346
459
84
-537
-822
-760
-578
53
902
1238
1116
599
178
154
-6
36
673
953
613
-139
-1211
-1919
-2375
-2870
-2985
-2642
-2576
-2757
-2315
-1540
-1221
-1327
-1194
-672
-281
-277
-449
-604
-1005
-1748
-2292
-2350
-2316
-2343
-1960
-1179
-863
-1248
-1627
-1292
-438
313
897
1087
1080
1360
1272
900
1285
1866
1767
1482
1632
2136
2288
1771
1113
1048
1755
2628
3067
3119
3221
3140
2761
2518
2402
2185
1608
1027
1125
1672
1837
1274
712
865
840
-71
-1021
-1647
-2113
-2022
-1219
-457
-127
27
-128
-603
-1512
-2675
-3086
-2685
-2249
-2062
-1865
-1537
-1373
-1718
-2632
-3192
-2938
-2494
-1915
-1337
-1076
-1155
-1426
-1235
-575
-267
-503
-694
-790
-1087
-1115
-839
-765
-728
-335
200
362
456
1041
1738
1938
1788
1660
1716
2115
2630
2940
3048
3004
2779
2090
1052
317
1
-149
-315
-444
-238
162
352
440
624
478
17
-316
-547
-363
148
520
983
1016
188
-421
-173
454
1002
1405
1973
2545
2535
2040
1428
827
314
-44
-243
-368
-658
-1110
-1321
-1315
-1624
-2166
-2268
-1950
-1751
-1574
-1119
-578
-216
-110
-380
-991
-1458
-1632
-1700
-1555
-1531
-1700
-1257
-334
410
1011
1289
1409
2045
2557
2349
1926
1470
1037
912
1318
1729
1373
581
62
-174
-318
-460
-663
-748
-826
-901
-957
-1259
-1331
-937
-683
-853
-1280
-1411
-990
-650
-719
-819
-772
-911
-1095
-674
129
839
1234
1038
343
-290
-182
289
490
639
781
644
316
203
397
899
1317
989
330
-182
-468
-130
129
-275
-781
-1407
-1772
-1379
-709
-348
-488
-830
-1055
-1036
-957
-1033
-749
351
1378
1446
997
694
505
109
215
1057
1672
2131
2709
3131
3083
2467
1564
670
228
220
317
668
1232
1553
1404
1113
782
362
84
-196
-344
-356
-630
-822
-761
-673
-749
-1124
-1660
-2214
-2375
-2135
-2212
-2539
-2504
-1992
-1181
-492
-499
-775
-494
4
295
534
732
713
717
1017
1359
1540
1566
1510
1166
557
6
-400
-609
-779
-692
-285
-68
46
297
777
1236
897
-81
-767
-1207
-1692
-1816
-1444
-668
173
657
891
898
837
1159
1816
2175
1678
871
837
1550
2207
2252
1597
793
199
-324
-461
-330
-427
-363
97
471
291
-319
-815
-751
-147
406
645
698
433
35
-125
-229
-130
543
1162
1123
846
721
423
-340
-962
-772
-259
-293
-1025
-1723
-1703
-1438
-1367
-1243
-1032
-729
-565
-689
-831
-651
-125
-57
-471
-646
-668
-947
-1545
-1968
-2151
-2417
-2553
-2556
-2543
-2527
-2531
-2389
-2254
-1938
-1130
-159
810
1569
1756
1650
1681
1538
1209
1019
888
767
363
-225
-482
-565
-460
41
220
-136
-275
-152
-62
118
423
588
710
953
1115
1046
895
867
907
942
873
913
1135
1278
1310
1154
742
359
570
1027
1005
733
434
386
833
969
504
104
53
280
420
311
10
-416
-972
-1485
-1574
-1613
-1757
-1788
-1811
-1734
-1589
-1395
-1104
-785
-469
-151
149
340
680
1216
1249
706
178
-262
-653
-915
-886
-442
49
296
555
855
777
267
-279
-473
-645
-1078
-1254
-1018
-583
-75
344
451
294
80
-277
-621
-616
-312
87
239
309
728
1155
1338
1346
1160
778
407
312
551
1100
1639
1957
2068
1693
690
-412
-1101
-1465
-1630
-1697
-1850
-1961
-1918
-1754
-1535
-1468
-1385
-1163
-1002
-876
-658
-221
412
907
995
717
410
356
442
373
125
226
503
255
-2
372
1050
1614
1803
1454
941
668
569
338
-18
77
507
622
174
-535
-601
-137
-64
-145
140
501
784
905
340
-720
-1261
-1309
-1643
-2037
-1951
-1452
-1030
-951
-987
-905
-500
72
404
507
534
402
-7
-429
-464
-332
-129
180
-33
-496
-656
-865
-1093
-1293
-1436
-1190
-605
-177
-162
-191
104
566
661
511
677
801
368
-303
-496
-115
315
683
1172
1691
1921
1823
1561
1347
1302
1264
1222
1144
1096
1050
921
865
752
577
287
-199
-651
-877
-872
-1053
-1272
-1006
-567
-373
-401
-281
75
318
265
-4
-389
-841
-1001
-615
-3
456
636
714
882
971
642
137
-39
-159
-568
-1100
-1336
-1003
-601
-274
381
1012
1225
1179
963
387
-360
-818
-1110
-1370
-1480
-1259
-782
-649
-1008
-1563
-1971
-1827
-1352
-997
-755
-583
-476
-577
-772
-613
-246
39
374
643
340
-253
-477
-477
-430
-232
129
653
1131
1195
895
693
762
726
507
707
1074
982
907
958
849
804
724
777
1364
1842
1756
1669
1816
1823
1526
983
592
741
786
529
661
1062
1242
1268
1316
1129
634
115
-294
-644
-953
-813
-127
513
587
242
-6
-161
-312
-329
-191
80
264
121
-186
-342
-477
-917
-1520
-1924
-1821
-1296
-1029
-1091
-831
-171
490
988
1258
1209
1013
723
362
188
312
585
648
684
854
822
486
-272
-800
-627
-592
-654
-367
79
443
259
-236
-305
53
287
27
-402
-608
-683
-984
-1530
-1783
-1715
-1551
-1168
-787
-809
-1355
-1803
-1756
-1631
-1501
-1200
-609
228
1086
1677
1852
1842
1724
1318
858
752
913
854
370
-153
-416
-242
316
889
1491
2088
2261
2045
1821
1693
1689
1930
2288
2322
1887
1203
536
272
407
506
464
409
233
-176
-561
-387
377
969
989
556
-71
-519
-909
-1271
-1264
-898
-359
102
328
486
487
5
-849
-1618
-1890
-1671
-1213
-691
-391
-556
-1083
-1356
-1126
-767
-532
-602
-944
-1343
-1501
-1318
-944
-401
225
666
546
-182
-1114
-1795
-1903
-1584
-1315
-1053
-675
-458
-351
-209
204
947
1561
1978
2171
1977
1485
1126
1247
1550
1864
2136
2274
2185
1647
1067
792
518
316
290
350
578
672
526
401
321
276
144
-132
-262
-76
-72
-502
-842
-827
-551
-305
-266
-302
-474
-825
-1383
-1949
-2008
-1496
-974
-979
-1192
-1116
-707
-211
-61
-162
-220
-188
-88
-147
-152
282
969
1601
1849
1746
1631
1487
1461
1499
1254
1065
1188
1403
1382
1100
1142
1434
1237
590
56
-189
-260
-239
-23
352
437
159
74
305
433
229
-369
-1046
-1467
-1605
-1568
-1523
-1248
-1025
-1282
-1695
-2241
-2887
-3256
-3153
-2625
-2070
-1771
-1540
-1299
-1250
-1511
-1806
-1751
-1429
-1089
-728
-333
39
397
820
1315
1677
1819
1737
1382
967
1037
1725
2253
2379
2660
3064
3390
3586
3336
2782
2499
2287
1812
1302
816
419
122
-273
-649
-738
-619
-504
-337
-133
-18
108
164
-15
-201
-204
-237
-450
-467
-237
-17
320
525
422
322
179
51
151
540
1001
909
339
-242
-730
-862
-693
-681
-922
-1296
-1623
-1713
-1682
-1588
-1570
-1909
-2381
-2848
-3220
-3254
-3116
-3088
-3276
-3445
-3407
-3356
-3219
-2692
-1973
-1486
-1130
-701
-429
-319
74
732
1219
1458
1591
1614
1472
1335
1358
1394
1484
1633
1604
1482
1464
1671
2224
2841
3087
3147
3216
3038
2567
1812
1044
816
960
932
707
530
362
223
151
3
109
457
422
92
-69
-183
-457
-805
-1145
-1295
-1183
-1118
-1172
-1044
-857
-977
-1171
-1170
-1134
-1210
-1457
-1599
-1393
-1146
-932
-504
59
477
586
303
-28
-4
-22
-234
-384
-574
-632
-483
-688
-1176
-1324
-1263
-1304
-1259
-784
5
737
1385
1691
1502
1078
509
52
-83
-32
-9
14
160
233
347
607
624
171
-293
-92
227
-61
-407
-338
-76
161
226
-63
-554
-958
-1224
-1335
-1386
-1463
-1393
-1131
-864
-744
-780
-730
-569
-419
-256
-244
-176
50
-6
-338
-694
-677
-112
297
71
-324
-493
-552
-733
-887
-692
-496
-742
-1044
-731
196
1045
1202
869
779
1105
1227
969
1003
1485
1914
1971
1763
1576
1627
1886
1999
1789
1529
1384
1202
1018
953
873
760
782
876
966
1068
1035
614
-190
-868
-1123
-1243
-1420
-1379
-946
-542
-450
-464
-531
-730
-959
-1175
-1301
-1055
-607
-348
-217
-194
-466
-939
-1355
-1456
-1070
-469
-166
-312
-574
-541
-351
-251
-117
6
-37
-305
-546
-350
13
131
217
500
758
586
77
-242
-204
-76
-33
-10
129
312
150
-317
-589
-573
-617
-755
-520
186
901
1163
953
725
715
745
742
744
759
903
1141
1191
967
522
46
-174
-270
-309
-129
258
747
1065
1164
1091
770
426
379
729
1253
1589
1631
1511
1273
1043
845
366
-143
-485
-953
-1359
-1586
-1716
-1739
-1718
-1610
-1368
-1130
-1158
-1430
-1601
-1483
-1133
-702
-328
-130
-112
-46
-14
-471
-1375
-2062
-2109
-1762
-1487
-1295
-983
-794
-915
-1121
-1125
-935
-853
-851
-574
2
489
685
805
1019
1335
1610
1530
1239
1152
1253
1382
1506
1510
1466
1619
1781
1795
1886
1978
1597
795
243
117
207
424
668
1009
1461
1774
1851
1863
1782
1539
1396
1230
790
361
202
150
-53
-273
-329
-394
-647
-789
-570
-492
-765
-1063
-1273
-1214
-836
-425
-139
9
61
100
87
-215
-943
-1840
-2591
-3051
-3121
-2903
-2512
-1828
-1154
-1064
-1406
-1594
-1520
-1487
-1402
-874
-71
550
932
1252
1495
1361
782
119
-411
-840
-1177
-1277
-1018
-621
-287
82
535
762
601
616
1271
1885
1750
1661
2128
2363
2124
1746
1530
1544
1322
782
542
809
1136
1245
1421
1954
2558
2870
2768
2329
1792
1280
906
762
745
503
-60
-607
-951
-1264
-1807
-2258
-2250
-2092
-2088
-2236
-2407
-2517
-2557
-2434
-2047
-1551
-1045
-481
-187
-334
-729
-1200
-1438
-1389
-1294
-1158
-853
-484
-458
-818
-1055
-947
-638
-409
-427
-211
552
1245
1540
1718
1932
2286
2498
2235
1904
1651
1279
927
646
580
773
1005
1220
1274
1157
1123
1108
835
426
251
299
316
347
494
551
298
-326
-1007
-1270
-1301
-1366
-1331
-1296
-1487
-1708
-1642
-1465
-1408
-1332
-996
-590
-567
-822
-898
-674
-511
-547
-278
346
701
597
348
213
182
-71
-409
-357
-213
-280
-288
-200
-254
-332
-137
178
321
187
-171
-471
-604
-663
-637
-689
-1026
-1389
-1406
-1278
-1288
-1142
-790
-611
-530
-424
-397
-289
17
367
657
856
851
674
452
271
148
-37
-207
-261
-244
-174
-155
-73
197
384
482
696
724
552
716
999
1032
982
761
354
219
637
1050
992
882
1017
1010
488
-106
-313
-292
-207
-55
320
770
1034
1117
1016
889
730
380
3
-228
-266
84
786
1295
1331
986
481
72
-250
-591
-941
-1213
-1346
-1455
-1612
-1664
-1727
-1897
-1950
-1840
-1638
-1436
-1370
-1564
-1888
-2050
-1993
-1809
-1589
-1303
-727
176
953
1218
1153
1066
1022
961
722
351
248
538
977
1357
1504
1308
860
503
514
560
300
-75
-453
-789
-837
-561
-99
443
784
786
671
603
489
195
-136
-218
-111
59
284
419
324
-44
-393
-479
-390
-262
-298
-298
69
530
663
580
576
556
496
510
499
321
30
-113
-99
-45
71
237
394
572
875
1216
1214
621
-209
-715
-689
-346
-12
105
-60
-446
-1020
-1476
-1609
-1551
-1344
-1164
-929
-493
-196
-154
-146
-18
156
210
209
364
488
366
276
102
-436
-963
-1001
-777
-692
-542
-252
-29
-14
-121
-1
273
470
589
528
267
118
358
674
705
619
643
783
711
390
238
176
89
15
-78
56
467
861
1104
1191
1049
537
-147
-464
-317
-135
-220
-279
7
338
397
236
47
5
86
201
344
412
317
163
101
105
57
14
190
579
894
941
654
174
-270
-590
-540
-192
-55
-195
-337
-414
-570
-851
-1184
-1465
-1602
-1593
-1497
-1496
-1709
-1807
-1634
-1533
-1415
-1072
-644
-278
-132
-190
-381
-652
-766
-419
379
1152
1279
662
14
-69
255
537
585
524
461
461
545
724
896
938
1060
1191
977
557
373
601
942
977
731
533
456
220
-122
-86
158
34
-427
-713
-492
-55
162
90
3
185
338
96
-267
-434
-384
-276
-342
-452
-388
-368
-653
-1069
-1402
-1475
-1131
-647
-260
47
261
296
174
177
289
359
539
955
1296
1381
1628
1948
1883
1430
904
587
477
458
391
369
447
454
546
815
1004
1031
1043
968
738
523
433
422
288
186
443
798
856
553
158
-104
-352
-667
-925
-999
-852
-546
-363
-574
-1028
-1372
-1504
-1500
-1405
-1341
-1458
-1726
-1980
-2017
-1763
-1424
-1199
-968
-539
-23
333
551
694
689
634
634
644
807
1175
1396
1396
1325
1134
874
660
571
517
514
813
1236
1479
1520
1415
1214
882
493
167
-145
-371
-360
-267
-262
-172
106
285
263
234
213
282
471
539
467
346
75
-218
-237
5
205
191
103
-28
-271
-541
-771
-970
-1049
-923
-619
-362
-316
-249
15
457
813
854
883
1009
1066
1071
974
679
343
171
194
417
723
969
1093
1125
1145
1020
777
576
439
434
499
674
943
980
818
681
395
-214
-819
-1109
-1197
-1118
-849
-580
-366
-243
-474
-1001
-1335
-1315
-1233
-1120
-809
-524
-529
-751
-999
-1072
-955
-851
-812
-729
-588
-626
-1013
-1526
-1840
-1779
-1508
-1244
-972
-623
-222
63
121
16
-108
-182
-198
-20
418
803
864
763
720
891
1222
1289
1041
932
1062
1310
1635
1770
1641
1534
1450
1240
920
533
152
-61
-66
-67
-166
-356
-663
-1043
-1250
-1150
-982
-888
-801
-584
-249
-7
29
-139
-333
-507
-759
-982
-1152
-1399
-1690
-1846
-1931
-1978
-1814
-1662
-1649
-1501
-1167
-759
-441
-343
-408
-462
-403
-472
-800
-1026
-833
-525
-365
-80
313
695
1136
1446
1533
1652
1822
1824
1881
2206
2622
2850
2580
2118
1904
1845
1789
1534
1142
828
603
326
-109
-423
-389
-176
-46
-24
-67
-278
-607
-934
-1127
-1010
-721
-513
-391
-311
-278
-381
-742
-1181
-1435
-1508
-1532
-1624
-1697
-1561
-1307
-1192
-1217
-1133
-787
-322
61
324
534
636
438
112
-18
-147
-493
-830
-788
-345
-88
-132
9
294
424
425
514
665
684
577
452
363
314
377
587
751
677
427
256
274
401
603
746
842
1059
1255
1282
1081
653
161
-265
-428
-283
-107
-7
170
407
415
64
-397
-683
-825
-1074
-1401
-1578
-1564
-1431
-1267
-1117
-861
-570
-571
-838
-1100
-1176
-1012
-692
-446
-531
-800
-994
-1165
-1334
-1393
-1372
-1410
-1355
-941
-577
-571
-409
58
478
798
1092
1257
1263
1286
1326
1345
1415
1347
1034
736
621
580
491
374
397
662
912
1007
1126
1193
1039
743
404
88
-83
-104
-43
117
175
-2
-176
-320
-484
-619
-790
-904
-789
-470
-157
-10
19
-29
-150
-392
-822
-1182
-1116
-782
-473
-183
99
352
536
527
257
-216
-663
-783
-642
-417
29
635
1060
1167
1185
1325
1412
1256
1077
1129
1219
1078
754
503
451
439
408
431
426
261
-26
-230
-233
-153
-200
-329
-335
-414
-797
-1121
-1013
-660
-508
-690
-1012
-1332
-1518
-1483
-1303
-1142
-1092
-1068
-794
-252
72
187
410
502
311
103
-15
-258
-666
-981
-1038
-945
-938
-964
-724
-235
276
711
930
916
869
899
927
801
580
446
460
498
371
163
-43
-372
-686
-746
-619
-519
-486
-366
-204
-158
-162
-96
140
487
707
839
1024
1107
1029
933
951
1009
834
597
559
544
556
636
679
770
931
1078
1228
1446
1679
1791
1706
1397
945
412
-67
-310
-469
-702
-868
-875
-802
-696
-467
-104
144
88
-83
-114
3
213
408
534
773
1061
973
378
-404
-957
-1126
-1219
-1442
-1567
-1534
-1487
-1413
-1412
-1570
-1667
-1641
-1548
-1369
-1167
-939
-667
-367
-61
184
286
130
-201
-466
-522
-411
-227
11
139
150
276
499
678
818
999
1211
1363
1400
1302
1129
965
767
586
577
651
554
364
465
653
460
131
7
2
16
143
420
708
949
1062
884
456
-4
-234
-180
-44
85
285
523
613
624
680
653
525
463
529
485
237
26
-96
-195
-234
-257
-365
-537
-745
-949
-1008
-1007
-1171
-1472
-1702
-1771
-1664
-1411
-1252
-1225
-1129
-1040
-1152
-1417
-1489
-1247
-923
-671
-460
-229
-117
-143
-119
20
293
539
451
299
546
889
964
952
1002
991
929
1070
1372
1575
1596
1469
1475
1677
1682
1419
1164
1124
1246
1289
1256
1239
1270
1396
1479
1317
942
593
470
600
702
481
163
-43
-167
-139
-60
-63
-35
93
242
350
312
93
-138
-273
-358
-466
-597
-666
-598
-374
-94
156
346
380
212
-160
-651
-931
-926
-929
-927
-806
-807
-952
-1080
-1303
-1438
-1259
-899
-428
13
196
173
147
102
38
49
44
-5
13
185
522
813
861
793
780
763
688
674
747
816
778
522
185
-67
-215
-281
-314
-328
-333
-296
-269
-382
-528
-587
-600
-612
-668
-729
-691
-493
-280
-250
-166
230
743
1047
1041
919
829
687
494
362
323
217
-83
-339
-428
-509
-656
-709
-533
-262
18
284
440
479
510
562
510
238
-104
-252
-325
-536
-738
-736
-564
-381
-192
178
547
615
553
507
498
579
666
755
836
847
781
643
500
385
385
535
633
604
536
422
195
-112
-396
-558
-647
-869
-1153
-1182
-928
-671
-586
-573
-558
-629
-724
-691
-494
-326
-445
-632
-685
-837
-1097
-1265
-1213
-965
-746
-614
-449
-285
-127
55
163
249
464
682
735
728
685
560
551
588
394
127
-9
-19
48
209
508
639
433
154
-54
-232
-442
-623
-682
-663
-600
-492
-355
-198
12
268
420
408
389
484
624
751
767
515
202
143
253
262
146
75
55
-11
-139
-265
-444
-704
-829
-879
-1024
-1090
-929
-626
-481
-595
-717
-768
-770
-724
-687
-608
-525
-534
-610
-760
-858
-744
-545
-483
-436
-205
65
276
448
518
524
569
556
418
398
606
852
1001
979
784
540
302
77
-23
80
305
606
845
844
743
632
415
126
-67
-170
-345
-514
-518
-437
-538
-831
-1041
-1110
-1183
-1342
-1466
-1377
-1169
-1071
-1053
-991
-842
-612
-440
-387
-380
-409
-544
-766
-915
-871
-639
-370
-168
-53
-34
-77
-101
-9
123
215
355
479
482
514
672
829
806
540
198
-24
-199
-329
-190
159
439
587
646
648
614
545
547
666
793
931
1077
1141
1093
962
840
660
349
125
115
126
-25
-229
-266
-145
-7
89
118
47
-105
-234
-280
-231
-58
157
241
120
-51
-189
-387
-497
-366
-208
-148
-29
113
141
118
156
372
696
820
602
190
-204
-505
-705
-813
-929
-1075
-1087
-947
-844
-858
-890
-842
-801
-860
-904
-885
-839
-767
-689
-590
-513
-423
-236
-92
-165
-432
-626
-576
-359
-129
-54
-82
9
243
515
810
1117
1373
1473
1377
1226
1113
946
675
515
649
905
1043
1003
1016
1195
1250
1100
949
893
914
1086
1383
1577
1734
1920
1813
1356
825
407
167
4
-153
-287
-465
-747
-1113
-1446
-1631
-1681
-1612
-1442
-1231
-1065
-989
-943
-934
-996
-967
-836
-822
-942
-982
-849
-666
-564
-594
-791
-1099
-1336
-1348
-1145
-931
-815
-676
-440
-259
-320
-400
-241
5
134
74
-4
172
519
711
727
846
1022
969
758
575
458
423
450
523
597
690
871
1054
1140
1061
850
658
550
461
386
487
634
540
320
174
186
340
444
438
476
574
580
419
161
-23
-40
35
96
180
361
518
536
381
78
-179
-299
-252
-102
-104
-218
-259
-226
-203
-206
-130
7
56
-40
-237
-477
-702
-792
-649
-327
96
447
571
530
388
168
-66
-208
-277
-361
-381
-227
38
128
-45
-239
-359
-461
-497
-467
-488
-525
-458
-196
212
428
308
81
-56
8
185
309
395
434
472
530
492
313
79
-129
-319
-384
-236
-36
-24
-101
104
481
622
446
196
61
-11
-57
-99
-157
-243
-350
-362
-197
13
74
-18
-169
-209
-120
-127
-213
-327
-520
-577
-407
-198
-94
-64
50
160
91
-91
-301
-427
-353
-218
-159
-184
-364
-669
-928
-1006
-915
-764
-647
-614
-540
-347
-254
-266
-175
-97
-56
91
248
316
409
650
893
903
624
265
128
122
66
85
291
596
774
813
848
884
853
622
293
191
378
656
854
990
1151
1197
939
465
-34
-400
-570
-674
-851
-1062
-1227
-1288
-1224
-1099
-913
-775
-864
-981
-894
-731
-686
-746
-790
-856
-866
-691
-541
-435
-220
28
166
71
-124
-168
-58
176
416
542
702
911
965
802
487
158
-33
-61
113
508
947
1215
1200
996
812
649
445
362
534
814
971
938
788
559
270
30
-116
-281
-480
-595
-621
-680
-758
-730
-648
-636
-632
-552
-563
-713
-768
-701
-632
-566
-485
-451
-531
-615
-583
-468
-362
-360
-377
-231
-10
-12
-241
-396
-317
-125
15
141
339
519
567
542
499
378
184
-9
-201
-369
-334
-130
-14
-9
40
118
104
52
113
295
365
226
70
-33
-133
-188
-168
-134
-175
-303
-387
-232
67
158
30
-53
-8
46
18
-36
-95
-154
-205
-201
-32
227
409
446
329
46
-357
-670
-666
-425
-149
169
499
693
696
583
517
449
185
-137
-253
-141
39
158
211
247
254
147
-50
-158
-127
-33
115
373
668
824
854
754
479
141
-238
-612
-823
-835
-725
-600
-511
-530
-674
-792
-745
-511
-205
-56
-205
-362
-213
1
-4
-143
-276
-414
-607
-793
-813
-580
-235
57
284
372
225
-54
-320
-440
-336
-116
134
336
397
337
153
-93
-235
-214
-111
-3
131
325
541
663
643
583
507
333
23
-334
-629
-878
-993
-892
-727
-648
-689
-729
-686
-699
-790
-799
-657
-547
-630
-708
-537
-271
-248
-426
-515
-443
-294
-200
-73
322
800
975
869
752
620
362
124
149
371
408
214
77
68
151
238
171
-10
-136
-113
-40
-5
103
293
440
401
109
-239
-403
-414
-405
-325
-56
284
427
293
152
181
180
85
16
42
144
235
306
357
382
398
351
155
-162
-378
-293
-117
-207
-472
-576
-497
-410
-369
-335
-275
-180
-60
6
-58
-156
-176
-166
-186
-208
-138
53
242
333
313
221
65
-199
-410
-405
-310
-311
-307
-44
355
557
470
234
84
92
89
-129
-431
-519
-392
-221
-123
-103
-60
51
155
185
160
137
149
232
363
433
414
377
400
457
491
601
816
935
864
751
703
679
696
778
786
690
598
465
341
390
473
395
217
98
77
97
151
196
158
58
-95
-272
-362
-281
-37
260
457
428
290
303
385
286
50
-54
21
57
-2
-17
14
-4
-73
-189
-349
-500
-550
-417
-218
-136
-179
-213
-170
-130
-88
93
406
666
750
743
725
667
593
537
515
559
662
740
677
430
123
-69
-224
-421
-599
-703
-636
-496
-551
-843
-1113
-1181
-1156
-1141
-1113
-1085
-1034
-865
-638
-460
-295
-149
-59
18
140
353
623
830
918
915
841
711
606
566
568
615
674
672
533
229
-48
-78
33
97
166
291
366
386
320
145
41
-10
-139
-207
-167
-118
29
284
497
566
555
621
750
880
975
983
889
753
724
804
838
755
604
495
438
275
43
-97
-165
-208
-246
-304
-389
-496
-548
-411
-112
121
280
476
551
395
171
86
130
136
70
-35
-188
-388
-595
-674
-644
-596
-466
-300
-317
-521
-616
-479
-270
-129
12
287
617
801
768
611
407
197
50
-20
45
236
453
696
886
977
1083
1230
1318
1281
1156
1016
912
893
887
795
671
528
343
205
105
-58
-224
-245
-135
-74
-73
-6
19
-100
-172
-75
28
27
-50
-191
-329
-472
-710
-944
-1033
-1019
-1017
-1052
-1108
-1172
-1126
-1005
-938
-908
-876
-788
-622
-457
-370
-313
-168
-73
-244
-516
-562
-369
-187
-138
-74
193
633
1015
1187
1235
1270
1224
1036
861
885
1078
1194
1115
1067
1127
1100
857
447
145
73
22
-108
-131
86
327
375
288
186
101
17
-30
-50
-70
-44
2
-2
-47
-49
4
-43
-279
-548
-608
-503
-471
-502
-464
-384
-324
-310
-408
-542
-538
-463
-484
-591
-713
-807
-816
-706
-612
-679
-762
-744
-667
-509
-209
153
330
262
145
100
109
141
142
115
156
270
332
279
221
212
187
145
58
-96
-202
-200
-158
-111
-44
-15
-53
-84
-54
91
266
294
183
87
83
101
110
114
111
163
233
121
-157
-371
-401
-239
25
243
364
453
508
451
264
1
-269
-411
-294
-26
200
344
457
578
650
648
592
441
263
166
69
-42
-29
93
203
232
111
-108
-297
-502
-703
-704
-515
-420
-587
-740
-589
-423
-557
-719
-695
-617
-568
-476
-295
-157
-110
-33
105
224
267
250
209
244
356
416
462
560
628
562
427
372
375
355
277
161
66
-28
-87
-128
-253
-435
-620
-704
-576
-312
-127
-156
-291
-454
-643
-761
-739
-657
-601
-491
-326
-256
-313
-361
-283
-125
-39
-152
-370
-452
-378
-322
-325
-297
-248
-302
-437
-525
-531
-477
-388
-307
-280
-296
-332
-406
-476
-462
-360
-188
46
237
340
434
513
554
640
757
717
579
598
713
789
858
884
858
872
887
860
863
925
1070
1330
1567
1558
1314
1063
855
605
377
219
69
-104
-211
-232
-309
-496
-759
-1081
-1332
-1323
-1093
-890
-853
-891
-921
-1042
-1239
-1295
-1136
-915
-792
-798
-856
-868
-863
-890
-873
-801
-736
-696
-673
-598
-399
-116
175
391
400
189
-93
-297
-385
-373
-269
-78
143
255
207
41
-223
-542
-795
-859
-731
-475
-198
-44
-7
48
171
285
313
229
142
164
175
91
77
274
648
1072
1416
1624
1622
1393
1058
705
474
488
626
754
932
1142
1109
757
318
-62
-366
-563
-673
-731
-745
-764
-809
-781
-637
-495
-454
-535
-669
-756
-743
-637
-519
-408
-280
-157
-103
-138
-105
11
2
-143
-221
-128
2
55
73
130
222
201
58
-45
-110
-215
-341
-436
-481
-513
-572
-620
-572
-470
-466
-599
-700
-642
-547
-540
-555
-558
-575
-547
-445
-303
-136
-9
21
10
25
52
78
169
325
455
511
444
243
44
-5
98
223
259
192
106
93
160
274
448
617
621
452
231
42
-118
-303
-446
-392
-114
198
320
301
325
403
428
333
188
153
229
330
398
354
235
131
64
59
103
135
152
161
99
-65
-210
-228
-166
-53
91
203
280
294
168
14
-12
-34
-199
-438
-578
-551
-529
-619
-740
-800
-771
-654
-496
-351
-191
-18
105
118
-9
-231
-383
-324
-140
1
97
210
310
423
603
714
675
595
550
547
582
561
424
297
275
306
349
356
339
371
377
283
187
159
235
380
434
351
267
276
320
315
242
87
-153
-404
-533
-439
-157
144
361
480
435
256
88
-35
-182
-401
-583
-609
-624
-750
-848
-812
-731
-708
-692
-582
-413
-267
-168
-141
-149
-92
19
151
286
392
438
378
261
167
168
307
448
437
341
315
344
345
369
494
637
641
521
464
550
616
509
273
76
12
21
79
209
296
197
4
-116
-191
-270
-314
-304
-234
-80
149
379
536
539
336
83
-8
57
145
181
193
243
308
284
131
-17
-43
-31
-91
-200
-258
-214
-148
-159
-229
-292
-337
-405
-493
-505
-451
-434
-430
-392
-321
-218
-97
20
96
73
-76
-285
-421
-383
-219
-13
185
281
247
170
73
-127
-383
-516
-491
-393
-222
38
218
201
124
99
141
154
-16
-262
-355
-311
-241
-157
-98
-89
-59
-30
-73
-121
-129
-117
-37
133
301
384
392
374
375
384
367
381
461
546
586
584
573
592
608
528
411
396
406
365
305
252
216
160
81
-36
-214
-372
-458
-531
-665
-829
-892
-869
-923
-1064
-1128
-1029
-831
-620
-462
-381
-358
-396
-515
-706
-785
-599
-377
-318
-295
-216
-175
-258
-370
-338
-140
92
212
205
141
76
24
3
45
77
22
-62
-140
-212
-198
-72
95
236
317
339
348
373
372
378
472
588
625
577
516
530
604
719
841
808
595
389
315
347
390
375
351
383
435
438
349
189
63
53
128
186
178
147
130
121
132
177
235
260
196
56
-95
-229
-339
-409
-439
-461
-453
-388
-293
-239
-289
-340
-276
-179
-150
-189
-240
-254
-233
-257
-338
-356
-284
-256
-323
-375
-360
-366
-457
-571
-598
-550
-498
-417
-331
-298
-264
-197
-139
-64
55
144
124
20
-63
-20
81
75
-32
-121
-156
-163
-173
-223
-315
-407
-487
-506
-416
-298
-232
-210
-201
-211
-248
-261
-230
-182
-158
-151
-76
75
188
206
161
77
-18
-83
-111
-132
-140
-76
77
246
388
490
530
536
561
652
752
733
541
224
-21
-34
135
333
422
395
323
265
207
64
-135
-275
-295
-216
-130
-78
-29
8
25
60
163
290
366
440
555
628
567
444
392
339
217
150
146
75
-57
-177
-254
-252
-242
-335
-462
-499
-414
-254
-110
-42
-36
-43
-99
-232
-357
-427
-458
-476
-484
-460
-387
-285
-221
-189
-96
-9
-39
-94
-74
-3
114
261
372
396
345
285
242
246
372
554
620
545
450
419
431
449
475
493
458
339
140
-48
-105
-43
18
-20
-161
-275
-234
-100
-55
-181
-344
-412
-483
-638
-741
-696
-597
-589
-686
-744
-679
-547
-361
-135
2
-58
-225
-336
-371
-361
-284
-120
93
302
488
640
713
733
767
763
656
483
343
305
358
443
534
618
604
478
394
396
376
335
332
343
334
270
111
-75
-178
-188
-128
3
133
176
117
-37
-249
-473
-648
-647
-419
-134
-28
-78
-107
-74
-56
-130
-227
-225
-132
-32
-6
-5
-3
-26
-50
-71
-49
-19
-111
-301
-445
-471
-425
-373
-296
-134
11
-24
-171
-235
-216
-209
-93
221
521
601
523
394
233
95
6
-20
81
337
635
770
688
478
236
14
-176
-249
-173
-94
-133
-183
-74
148
290
235
56
-108
-265
-485
-713
-777
-628
-429
-279
-85
145
206
28
-181
-270
-297
-284
-217
-83
88
160
136
162
270
392
459
442
395
373
352
336
403
599
838
944
808
514
267
147
98
101
122
124
155
241
280
188
32
-95
-87
33
75
37
-16
-117
-233
-309
-299
-220
-129
-34
-5
-117
-337
-557
-680
-701
-643
-491
-261
-3
242
449
617
716
707
642
597
577
516
412
407
549
781
1007
1080
978
831
707
537
315
165
161
267
452
698
927
1023
943
809
735
674
571
453
365
327
295
202
53
-37
11
109
126
33
-111
-228
-310
-366
-351
-274
-219
-223
-273
-349
-406
-384
-294
-232
-256
-363
-514
-641
-721
-725
-607
-431
-332
-341
-335
-237
-128
-35
69
165
231
244
216
205
167
-9
-257
-442
-563
-626
-593
-431
-172
2
-9
-71
-31
164
424
602
650
631
589
554
613
733
796
814
853
917
952
929
875
850
871
873
829
769
716
664
610
554
450
299
174
67
-54
-131
-119
-78
-64
-49
-49
-110
-189
-260
-371
-516
-608
-605
-569
-581
-628
-653
-672
-713
-769
-817
-811
-748
-689
-657
-608
-548
-513
-472
-374
-236
-172
-217
-257
-196
-15
222
440
610
687
669
618
592
605
634
656
672
670
623
562
554
594
669
759
785
709
594
492
350
168
48
-30
-132
-249
-361
-432
-458
-508
-617
-697
-722
-771
-812
-759
-688
-692
-750
-814
-821
-731
-621
-581
-587
-600
-603
-574
-509
-403
-304
-220
-130
-54
5
84
168
184
148
146
186
185
98
7
0
18
-21
-43
15
81
113
133
132
83
17
4
55
96
111
115
88
52
63
109
140
139
145
178
141
-17
-162
-155
-37
48
68
114
166
116
33
56
127
164
209
248
194
38
-116
-160
-134
-160
-260
-334
-314
-255
-232
-253
-260
-243
-229
-194
-118
11
146
211
193
126
71
13
-111
-254
-304
-290
-297
-321
-330
-340
-384
-450
-507
-527
-501
-470
-460
-458
-415
-323
-203
-57
67
131
142
57
-125
-301
-354
-299
-296
-385
-451
-445
-409
-356
-304
-231
-89
68
204
308
322
261
195
168
172
202
279
314
193
-27
-210
-255
-139
55
227
383
539
620
588
493
361
208
114
114
152
131
-15
-229
-423
-593
-772
-930
-977
-862
-660
-454
-277
-184
-188
-227
-294
-423
-579
-662
-611
-492
-404
-366
-334
-291
-251
-198
-123
-30
85
193
275
343
390
404
405
431
459
426
374
366
356
273
133
-2
-114
-201
-253
-275
-294
-333
-348
-319
-283
-247
-208
-140
-60
-9
49
125
181
205
227
257
247
166
53
-64
-183
-239
-167
-35
65
100
79
41
-24
-92
-119
-125
-151
-220
-296
-371
-517
-702
-801
-799
-753
-666
-556
-497
-518
-612
-731
-758
-673
-609
-603
-555
-420
-267
-171
-117
-42
39
67
55
72
187
384
553
621
596
543
501
395
210
90
122
209
238
218
180
143
117
94
69
40
-24
-122
-175
-128
-21
89
199
328
484
622
661
606
514
402
278
163
95
89
90
60
49
64
45
-27
-128
-211
-239
-201
-127
-85
-83
-110
-171
-226
-267
-354
-497
-627
-695
-714
-698
-644
-559
-486
-405
-285
-222
-275
-365
-395
-327
-183
2
183
273
268
281
375
521
653
709
697
698
732
797
916
1013
984
854
686
500
306
114
-18
-20
98
233
314
359
396
392
325
194
-2
-212
-362
-431
-449
-406
-275
-72
108
142
47
-37
-67
-144
-277
-352
-342
-312
-333
-368
-334
-296
-335
-409
-435
-441
-482
-530
-562
-538
-431
-300
-218
-229
-316
-431
-528
-587
-591
-526
-421
-320
-283
-313
-298
-168
20
153
201
206
183
150
129
141
219
356
510
629
658
607
556
530
467
343
229
202
275
376
408
357
268
147
1
-72
-28
9
-13
23
122
132
-9
-193
-243
-140
-17
37
17
-11
-32
-89
-160
-213
-260
-306
-293
-166
28
194
264
224
108
-42
-211
-388
-525
-545
-452
-349
-305
-304
-288
-265
-291
-356
-387
-359
-312
-226
-44
197
381
464
492
493
478
470
516
619
699
697
646
579
495
397
294
202
108
20
20
131
248
277
266
311
367
341
280
227
185
213
268
245
179
140
107
32
-61
-147
-258
-386
-490
-517
-425
-267
-143
-79
-70
-103
-130
-136
-135
-149
-210
-294
-355
-352
-247
-108
-62
-114
-160
-154
-141
-131
-49
148
406
607
643
541
425
347
278
183
65
-36
-100
-124
-74
32
93
52
3
73
239
389
453
432
365
276
182
120
122
140
111
32
-73
-172
-269
-365
-379
-280
-165
-129
-154
-155
-100
-8
89
146
128
57
17
0
-83
-214
-301
-265
-141
-66
-90
-123
-70
15
22
-3
61
202
294
303
332
445
570
624
679
817
945
943
843
689
469
289
263
326
377
403
411
371
275
163
92
88
109
119
121
93
13
-93
-162
-186
-206
-233
-284
-386
-485
-494
-431
-387
-411
-459
-479
-511
-585
-619
-565
-480
-405
-348
-330
-353
-376
-369
-328
-260
-172
-72
39
149
236
289
304
269
200
173
213
294
411
521
570
573
567
539
508
526
538
475
369
289
261
247
204
145
107
69
-24
-145
-228
-232
-167
-101
-78
-110
-213
-340
-429
-484
-537
-585
-583
-537
-498
-471
-432
-385
-321
-232
-132
-46
9
-8
-76
-100
-60
-33
-69
-121
-148
-174
-221
-242
-177
-62
8
-44
-191
-300
-299
-249
-186
-88
16
123
241
314
307
247
163
83
65
129
207
238
221
170
102
21
-77
-161
-181
-83
90
181
101
-98
-327
-506
-628
-709
-720
-684
-651
-606
-535
-441
-347
-276
-203
-118
-56
-34
-58
-100
-97
-49
-26
-2
96
211
263
252
206
149
105
81
81
134
245
401
567
694
741
664
513
390
317
251
185
145
118
94
49
-47
-137
-167
-178
-175
-129
-74
-66
-95
-130
-156
-170
-208
-292
-361
-398
-432
-456
-492
-551
-589
-582
-530
-439
-312
-150
-12
80
153
213
286
394
469
456
419
419
421
377
265
110
-30
-129
-198
-211
-179
-169
-207
-256
-254
-175
-92
-84
-118
-140
-177
-253
-296
-248
-139
-47
-22
-3
71
146
165
176
256
383
471
505
502
477
461
457
442
430
445
447
417
384
352
322
257
117
-43
-140
-171
-202
-234
-193
-93
-37
-76
-144
-221
-367
-541
-620
-546
-411
-359
-405
-484
-562
-625
-640
-582
-435
-212
-15
69
61
29
23
54
103
152
230
335
390
369
336
298
193
28
-89
-46
114
266
387
509
646
759
795
769
729
726
784
846
837
788
750
722
692
640
555
442
354
350
437
517
507
448
393
363
377
400
357
234
119
68
52
37
4
-40
-64
-103
-187
-274
-338
-334
-257
-206
-223
-244
-222
-199
-243
-344
-464
-581
-667
-711
-742
-779
-785
-715
-578
-438
-371
-381
-392
-355
-295
-229
-104
99
269
329
327
299
231
153
113
89
64
89
167
246
351
487
554
499
354
225
185
177
177
244
389
527
555
461
313
158
-11
-167
-214
-130
-23
28
63
81
34
-62
-152
-220
-269
-262
-195
-132
-86
-9
99
156
134
81
30
-7
-43
-47
0
11
-57
-140
-173
-139
-31
136
308
413
406
334
276
241
197
149
154
208
235
207
119
2
-77
-111
-139
-153
-116
6
188
327
353
321
291
240
166
136
179
262
374
488
512
454
414
384
318
236
206
243
253
178
96
89
153
256
337
328
235
89
-99
-321
-511
-558
-414
-157
14
-20
-183
-363
-502
-591
-648
-685
-712
-721
-711
-718
-767
-792
-738
-634
-525
-435
-355
-289
-249
-201
-103
8
71
103
166
280
369
339
219
146
188
230
171
61
-27
-49
7
92
152
169
130
24
-85
-93
5
140
238
259
250
232
122
-102
-289
-304
-192
-68
20
74
101
109
86
-14
-184
-316
-323
-219
-84
-9
11
57
149
229
269
273
222
129
68
94
151
142
70
2
-52
-134
-246
-352
-435
-456
-393
-323
-312
-353
-438
-556
-673
-714
-649
-528
-394
-266
-156
-65
13
45
-25
-177
-316
-380
-355
-250
-117
-35
-35
-93
-174
-241
-282
-273
-186
-35
111
161
107
49
84
184
234
191
115
84
90
85
84
124
155
112
42
10
8
-14
-98
-209
-249
-183
-73
-12
6
57
106
63
-76
-196
-185
-59
103
235
317
340
280
153
-5
-156
-261
-307
-303
-250
-161
-80
-11
32
3
-75
-135
-194
-270
-331
-373
-402
-405
-376
-314
-221
-120
-67
-81
-90
-76
-83
-110
-131
-112
-38
62
154
232
300
361
379
310
211
162
178
212
214
209
233
275
311
311
257
145
-28
-225
-368
-434
-468
-492
-496
-490
-509
-578
-647
-601
-446
-311
-248
-208
-142
-44
38
77
102
152
229
290
290
239
214
264
332
338
312
314
327
314
275
242
229
201
152
97
22
-56
-79
-23
66
123
129
72
-46
-181
-294
-370
-401
-388
-326
-229
-153
-134
-154
-172
-174
-173
-168
-129
-31
68
104
93
76
72
26
-125
-329
-451
-432
-318
-187
-94
-24
43
51
-44
-180
-276
-288
-231
-187
-197
-207
-152
-49
36
92
125
123
87
39
10
5
10
22
38
83
181
272
287
256
217
162
102
46
17
71
211
375
474
474
436
422
442
456
425
378
353
340
334
329
316
302
277
227
171
140
128
107
77
31
-36
-69
-55
-25
21
79
108
110
126
163
213
272
330
357
324
248
157
86
49
17
-17
-6
82
193
245
222
174
129
77
-5
-123
-237
-325
-411
-513
-584
-589
-581
-597
-599
-544
-453
-371
-299
-206
-96
-23
-5
-17
-41
-74
-109
-96
-24
72
156
202
208
191
