34
41
49
42
33
25
19
17
17
18
17
22
29
21
8
11
15
13
18
26
23
16
12
15
20
22
23
21
20
24
24
24
27
26
25
27
23
15
8
5
0
-2
3
4
-1
-6
-11
-10
-5
1
-2
-4
-5
-6
-6
-5
-1
4
2
-9
-15
-12
-9
-11
-15
-18
-19
-14
-9
-7
-5
-1
1
0
-1
-6
-16
-24
-22
-16
-15
-13
-11
-10
-11
-14
-13
-12
-14
-14
1
23
27
19
15
15
17
21
19
20
24
26
30
39
47
50
43
38
36
42
47
40
37
44
49
52
49
45
43
38
37
37
30
23
20
19
21
26
33
36
40
37
30
31
32
25
18
17
18
21
29
32
33
36
36
32
29
26
30
33
33
35
33
26
18
13
8
0
-7
-5
-1
-2
-2
-15
-35
-39
-35
-34
-28
-23
-27
-36
-43
-44
-44
-47
-52
-54
-53
-55
-55
-53
-53
-51
-57
-66
-74
-82
-89
-98
-105
-107
-108
-108
-105
-105
-113
-122
-128
-129
-130
-132
-133
-135
-135
-137
-139
-137
-137
-139
-141
-147
-159
-166
-167
-170
-177
-176
-171
-167
-164
-168
-177
-186
-191
-192
-191
-191
-193
-195
-200
-205
-211
-218
-220
-217
-213
-208
-208
-218
-223
-220
-219
-216
-215
-219
-225
-225
-220
-214
-206
-204
-208
-214
-214
-212
-209
-202
-197
-201
-206
-211
-216
-217
-217
-216
-210
-209
-219
-222
-216
-214
-216
-218
-217
-214
-209
-207
-209
-211
-211
-205
-203
-202
-199
-204
-208
-206
-207
-210
-209
-210
-206
-200
-201
-204
-203
-205
-216
-215
-207
-201
-195
-196
-201
-204
-207
-205
-198
-193
-189
-185
-183
-183
-179
-185
-198
-198
-195
-193
-191
-193
-196
-194
-188
-192
-198
-199
-196
-191
-186
-185
-178
-166
-164
-176
-177
-168
-165
-168
-170
-169
-169
-167
-161
-161
-154
-142
-141
-152
-156
-146
-139
-139
-139
-142
-141
-136
-130
-129
-122
-115
-115
-111
-103
-98
-96
-92
-86
-86
-84
-70
-64
-68
-70
-75
-78
-73
-68
-67
-55
-35
-29
-33
-38
-39
-37
-39
-43
-41
-32
-26
-24
-18
-17
-14
-6
-2
4
7
1
-6
-3
6
11
8
9
11
13
15
11
13
19
19
21
23
18
13
14
15
17
23
25
27
34
36
34
31
32
35
31
28
32
41
50
57
60
60
60
58
54
55
59
58
55
54
58
59
62
70
74
73
74
75
71
73
78
83
86
82
81
87
95
97
102
107
102
101
107
114
120
123
121
114
111
109
107
100
94
98
100
104
109
106
103
107
117
122
118
115
114
114
113
105
96
97
102
108
116
123
125
118
106
100
101
104
106
114
118
114
108
97
88
87
86
82
84
81
73
70
66
64
65
70
73
71
66
61
59
58
64
69
70
64
57
58
61
62
62
60
59
60
64
63
55
48
45
51
58
55
52
57
60
59
60
61
55
56
55
45
43
49
51
52
65
77
78
80
82
76
67
64
66
72
75
76
72
68
68
65
63
65
66
66
69
66
59
54
53
62
71
70
63
61
63
66
75
82
79
73
70
71
74
75
77
81
76
70
73
78
78
77
85
89
86
84
81
80
79
75
71
82
97
100
92
83
78
78
81
78
70
78
89
85
76
71
69
65
65
66
65
70
77
76
74
76
75
75
80
82
79
81
82
81
76
66
61
65
69
69
73
78
74
72
70
59
46
45
54
55
56
57
52
51
51
56
62
60
55
51
49
44
41
42
45
46
44
41
37
34
35
37
41
47
51
51
47
46
47
44
40
33
29
33
36
35
35
38
44
49
51
48
44
49
55
55
54
52
53
56
59
59
57
58
58
60
61
58
59
64
72
74
71
66
59
56
55
55
55
63
67
59
58
57
54
59
66
73
75
73
66
61
58
54
54
55
57
66
75
77
73
66
59
53
50
45
34
23
28
41
45
44
36
33
34
30
33
43
50
48
43
41
37
31
29
32
33
30
28
32
36
32
33
38
35
37
43
42
37
32
27
26
29
31
36
35
23
13
13
24
34
33
27
25
25
18
10
7
12
15
13
5
1
7
11
14
20
27
32
24
18
14
9
9
4
1
8
12
12
12
11
6
3
4
2
6
11
3
-2
4
7
3
2
1
3
10
18
19
12
4
-1
-6
-7
-1
7
11
11
14
12
12
22
23
13
8
7
8
7
9
13
11
11
8
3
7
11
11
7
8
11
9
5
6
12
16
15
14
14
17
24
21
4
-7
-6
-1
-2
-2
0
-2
-7
-15
-19
-14
-12
-12
-12
-19
-20
-14
-14
-19
-16
-8
-5
0
5
3
-1
-3
-7
-16
-21
-17
-12
-12
-21
-27
-25
-20
-14
-10
-17
-23
-28
-28
-26
-28
-37
-45
-42
-43
-49
-49
-45
-51
-58
-55
-47
-46
-52
-57
-57
-59
-61
-57
-54
-53
-53
-57
-56
-54
-62
-68
-63
-69
-77
-71
-66
-56
-47
-48
-49
-55
-62
-63
-61
-54
-56
-61
-55
-47
-41
-38
-36
-38
-50
-58
-60
-59
-54
-55
-54
-47
-45
-48
-50
-50
-48
-39
-25
-21
-25
-21
-10
-1
-4
-4
11
20
22
24
26
28
26
22
18
14
14
11
8
11
11
10
17
22
22
19
13
11
9
7
4
-1
-3
3
5
-3
-5
-7
-13
-14
-8
-1
2
6
12
11
7
4
1
-2
0
0
-3
-2
-2
-1
0
5
10
5
-6
-11
-8
-2
-1
-7
-16
-27
-30
-27
-28
-26
-26
-27
-26
-29
-34
-38
-36
-30
-23
-12
-10
-18
-21
-15
-11
-13
-19
-27
-30
-25
-24
-31
-34
-28
-22
-21
-26
-32
-37
-41
-42
-46
-48
-49
-50
-48
-49
-47
-38
-31
-33
-47
-62
-63
-57
-60
-69
-75
-74
-72
-76
-78
-79
-80
-79
-81
-82
-82
-80
-75
-72
-69
-65
-67
-74
-79
-81
-82
-77
-73
-74
-73
-66
-56
-51
-49
-47
-45
-46
-49
-55
-59
-54
-47
-41
-36
-32
-32
-34
-29
-22
-16
-10
-12
-17
-13
-7
-9
-10
-8
-10
-12
-10
-7
-3
4
10
14
19
24
25
25
21
22
27
32
33
31
30
34
46
57
64
71
75
71
68
76
78
77
79
79
83
78
74
80
85
82
74
69
74
81
84
84
88
90
90
98
109
115
126
128
108
90
83
83
82
79
78
74
68
67
73
75
74
76
76
69
64
65
68
69
68
64
60
64
69
74
81
86
84
79
78
78
83
87
84
76
70
72
76
73
67
70
76
78
78
80
85
88
84
80
76
67
60
59
58
59
63
62
62
61
56
52
55
59
54
47
46
49
51
56
62
62
58
52
49
50
47
40
38
42
48
52
58
64
65
63
59
51
52
56
55
56
64
67
69
73
70
72
75
69
61
60
60
60
62
53
45
43
43
47
53
52
45
40
44
48
47
44
41
40
37
28
28
28
23
22
25
23
9
6
9
9
17
16
7
6
7
5
7
12
7
2
6
10
8
3
2
-5
-12
-8
-2
1
8
13
10
1
-4
-1
-4
-15
-23
-28
-27
-26
-23
-26
-31
-26
-21
-24
-33
-42
-44
-45
-50
-62
-76
-76
-67
-63
-69
-76
-74
-74
-87
-100
-101
-100
-100
-95
-90
-97
-109
-109
-113
-125
-131
-128
-120
-110
-100
-96
-104
-112
-119
-127
-130
-132
-134
-131
-130
-132
-135
-135
-133
-132
-131
-131
-134
-132
-122
-115
-117
-119
-119
-115
-108
-103
-100
-98
-92
-92
-98
-97
-95
-94
-91
-90
-98
-107
-107
-97
-88
-83
-76
-70
-73
-72
-65
-57
-55
-57
-52
-55
-58
-55
-59
-62
-61
-60
-56
-53
-52
-49
-51
-64
-77
-77
-69
-61
-50
-42
-43
-43
-43
-41
-37
-39
-42
-41
-45
-49
-44
-41
-49
-56
-56
-57
-54
-44
-35
-33
-37
-39
-39
-39
-40
-41
-43
-44
-44
-49
-58
-61
-57
-62
-69
-71
-71
-71
-69
-67
-70
-75
-85
-93
-96
-107
-122
-121
-109
-101
-103
-108
-111
-118
-127
-132
-129
-116
-108
-111
-113
-108
-112
-120
-122
-129
-143
-146
-140
-129
-126
-131
-129
-125
-129
-134
-129
-120
-113
-107
-102
-103
-108
-103
-99
-102
-98
-100
-102
-100
-93
-82
-79
-78
-78
-76
-73
-76
-79
-83
-82
-73
-68
-69
-73
-76
-78
-76
-70
-66
-62
-55
-46
-41
-47
-49
-43
-35
-33
-38
-38
-34
-32
-36
-38
-32
-34
-42
-43
-53
-62
-55
-48
-41
-38
-43
-52
-60
-62
-61
-60
-63
-64
-61
-63
-70
-74
-74
-76
-75
-72
-75
-79
-75
-66
-62
-51
-37
-36
-45
-53
-57
-60
-52
-41
-39
-38
-41
-45
-47
-50
-47
-47
-45
-41
-43
-48
-51
-53
-50
-43
-36
-37
-47
-47
-36
-29
-31
-35
-37
-38
-35
-34
-38
-46
-47
-46
-51
-48
-44
-41
-39
-36
-30
-31
-31
-29
-30
-27
-24
-20
-16
-9
3
19
23
17
18
22
22
24
30
31
29
27
30
36
32
30
38
37
20
11
18
19
12
5
4
13
22
31
40
39
36
42
54
58
57
63
68
68
64
65
67
67
69
66
62
65
73
86
100
104
104
107
107
108
109
115
111
101
105
108
108
104
94
92
90
88
87
83
82
86
89
88
85
89
92
91
88
84
92
113
123
123
120
117
109
99
96
93
90
92
93
90
91
97
104
110
115
119
119
114
108
104
108
118
119
107
102
108
105
99
100
101
100
96
94
97
101
98
89
85
87
91
93
96
101
104
106
103
101
100
101
100
99
104
108
107
106
109
113
115
111
113
113
105
102
101
101
102
103
106
104
97
92
92
93
91
90
96
91
80
79
81
79
73
75
80
79
82
90
85
70
61
62
64
65
69
71
70
73
72
63
51
47
47
46
47
45
40
39
37
29
22
22
18
11
16
22
22
24
22
15
8
2
4
13
25
30
26
21
19
21
26
24
20
22
31
37
34
25
17
15
23
30
37
42
38
40
42
42
39
31
33
38
44
41
36
39
34
26
23
24
31
41
41
35
30
30
26
23
23
17
7
0
-9
-10
-2
2
0
-9
-13
-14
-20
-21
-22
-27
-31
-27
-26
-24
-16
-16
-20
-22
-19
-7
-2
-9
-18
-24
-28
-29
-30
-32
-29
-18
-15
-24
-31
-28
-26
-34
-47
-50
-40
-26
-18
-14
-12
-13
-12
-7
-8
-11
-4
-8
-21
-17
-7
-8
-13
-13
-18
-20
-16
-16
-17
-7
-3
-12
-13
-9
-8
-15
-22
-20
-16
-17
-21
-25
-24
-23
-21
-18
-16
-14
-13
-11
-13
-15
-19
-18
-19
-31
-34
-25
-16
-10
-4
4
5
8
13
16
27
35
34
35
40
35
24
21
22
22
25
41
52
44
33
35
47
53
53
59
61
57
54
53
52
47
49
53
47
41
39
34
34
46
48
44
46
42
36
38
44
47
47
49
47
41
40
41
41
45
47
50
60
67
68
61
52
47
44
49
56
57
51
50
59
61
54
51
49
46
41
33
28
28
30
35
39
35
35
34
26
28
35
36
35
28
23
28
32
29
21
12
9
7
-2
-5
-1
0
-5
-6
-1
1
3
6
3
-7
-15
-15
-10
-7
-9
-12
-20
-22
-15
-16
-24
-25
-18
-15
-17
-8
0
-3
-7
-13
-19
-16
-10
-11
-6
2
-6
-20
-21
-19
-21
-16
-16
-25
-21
-15
-12
-5
-2
-5
-8
-9
-10
-10
-9
-16
-26
-30
-26
-14
-7
-10
-16
-25
-33
-31
-25
-26
-27
-22
-17
-15
-17
-24
-26
-13
3
2
-6
-12
-20
-29
-32
-25
-16
-19
-21
-14
-14
-17
-15
-10
-4
-2
0
-1
0
0
-6
-5
1
-5
-19
-30
-32
-29
-25
-23
-26
-25
-24
-20
-10
-15
-28
-35
-43
-49
-50
-48
-54
-59
-52
-50
-50
-48
-46
-47
-50
-48
-46
-50
-49
-48
-55
-59
-51
-41
-33
-31
-33
-36
-41
-45
-44
-40
-37
-33
-23
-12
-7
-4
-1
-8
-11
-12
-13
-13
-22
-29
-27
-23
-24
-27
-23
-19
-18
-19
-22
-18
-13
-11
-5
1
4
16
23
15
13
19
22
21
24
31
33
39
40
30
28
35
43
51
52
53
62
67
63
56
53
57
64
71
70
61
55
53
52
52
54
61
68
72
73
73
76
73
62
60
71
79
76
67
58
52
58
72
73
70
75
79
74
66
67
70
74
78
78
76
75
82
85
82
80
81
79
71
64
59
60
58
51
49
54
55
49
48
53
62
65
60
61
54
43
38
31
30
33
41
43
32
29
34
39
39
36
35
33
26
23
26
24
18
14
16
8
-5
-5
-5
-12
-17
-18
-16
-21
-26
-26
-32
-36
-34
-37
-42
-38
-30
-34
-39
-37
-38
-42
-45
-50
-53
-51
-47
-45
-43
-43
-50
-56
-55
-49
-52
-58
-52
-44
-45
-44
-40
-33
-25
-28
-32
-26
-24
-34
-38
-41
-54
-55
-40
-24
-17
-20
-25
-21
-19
-30
-41
-34
-21
-13
-2
5
6
-2
-19
-27
-23
-19
-17
-8
3
7
14
19
11
0
-2
0
0
-4
-8
-6
-6
-14
-25
-31
-30
-27
-27
-32
-31
-28
-26
-23
-21
-26
-38
-41
-40
-39
-36
-35
-38
-39
-32
-25
-27
-28
-36
-43
-43
-52
-52
-44
-45
-50
-55
-53
-51
-55
-59
-64
-61
-50
-47
-54
-56
-52
-49
-51
-52
-45
-37
-38
-40
-42
-47
-51
-55
-60
-69
-77
-81
-81
-83
-84
-84
-89
-94
-94
-94
-97
-92
-86
-82
-78
-75
-73
-78
-86
-92
-97
-95
-86
-75
-62
-58
-65
-70
-69
-75
-89
-97
-92
-82
-75
-70
-71
-73
-66
-61
-61
-54
-46
-46
-47
-48
-48
-49
-55
-55
-60
-67
-63
-61
-59
-49
-40
-47
-54
-48
-31
-14
-10
-16
-23
-22
-22
-30
-33
-33
-26
-13
-7
-7
-6
-8
-9
-7
-6
-9
-9
2
14
19
26
33
37
43
47
44
39
31
28
33
40
45
52
57
48
38
42
42
33
35
47
48
46
47
36
25
29
29
23
22
25
24
27
31
28
22
23
25
24
28
32
35
34
30
27
26
31
36
30
18
14
13
12
11
10
13
19
20
16
10
5
3
6
15
23
22
15
9
4
-7
-20
-17
-9
-8
-11
-20
-40
-50
-39
-32
-30
-28
-32
-31
-22
-25
-39
-43
-41
-36
-29
-37
-55
-59
-52
-49
-49
-52
-53
-48
-53
-67
-74
-75
-73
-69
-73
-77
-69
-65
-66
-68
-68
-64
-65
-65
-56
-53
-66
-73
-67
-68
-66
-56
-54
-58
-56
-55
-62
-64
-56
-52
-55
-60
-58
-49
-43
-43
-42
-43
-43
-43
-47
-49
-43
-38
-32
-30
-32
-24
-17
-20
-26
-33
-35
-30
-26
-22
-15
-7
0
4
5
8
13
21
25
19
15
13
12
14
14
13
9
8
18
27
30
26
26
28
19
9
12
16
15
15
20
15
5
6
10
20
27
17
9
11
12
14
9
8
7
2
0
-6
-13
-14
-18
-22
-25
-31
-33
-27
-26
-31
-29
-23
-21
-23
-23
-28
-34
-36
-40
-43
-41
-40
-52
-56
-44
-45
-53
-53
-51
-46
-36
-35
-40
-33
-22
-15
-15
-18
-23
-25
-26
-31
-30
-27
-28
-29
-28
-26
-22
-11
-9
-13
-8
-2
-3
-10
-13
-11
-7
-10
-9
5
17
22
27
33
29
20
20
25
34
44
54
62
70
78
82
81
82
86
82
80
86
91
95
104
109
110
108
104
105
109
115
115
112
119
124
126
130
126
122
121
116
116
127
137
138
135
132
134
133
130
131
135
142
146
142
130
119
115
115
116
119
113
105
111
118
112
100
97
99
96
91
86
77
67
68
66
64
74
86
90
89
83
72
58
52
49
51
61
67
61
51
41
38
38
43
53
48
39
41
44
45
41
47
50
44
46
40
34
45
52
45
42
42
36
39
41
36
34
35
34
35
39
44
45
47
44
39
42
47
45
44
43
44
50
51
53
55
56
60
55
47
48
58
61
55
52
58
62
57
54
51
44
39
41
44
50
57
61
64
60
55
52
42
34
42
50
46
42
40
34
30
26
22
20
22
29
33
27
25
31
34
31
28
27
26
22
15
8
5
1
5
15
18
15
5
-3
-2
-3
-6
1
9
-1
-12
-9
-8
-13
-12
-8
-12
-22
-21
-15
-11
-12
-15
-13
-7
-9
-17
-21
-15
-16
-29
-33
-28
-18
-5
-4
-10
-14
-22
-33
-34
-29
-38
-45
-29
-19
-28
-28
-26
-32
-36
-39
-43
-41
-37
-37
-41
-48
-52
-52
-51
-46
-43
-48
-48
-45
-48
-49
-40
-31
-24
-25
-30
-33
-38
-43
-46
-45
-46
-49
-41
-33
-36
-43
-47
-49
-48
-42
-34
-25
-25
-29
-34
-35
-35
-38
-36
-38
-40
-39
-40
-40
-41
-43
-41
-38
-44
-48
-44
-37
-33
-37
-44
-48
-51
-50
-46
-48
-54
-55
-56
-61
-62
-56
-55
-56
-51
-52
-57
-46
-38
-41
-42
-40
-39
-41
-39
-34
-38
-48
-57
-57
-33
4
-53
-163
-15
186
-62
-429
-381
-27
220
218
24
-247
-301
-328
-440
-87
467
512
369
616
875
694
214
-389
-718
-648
-422
-13
531
784
362
-425
-1006
-1265
-1325
-1108
-555
-14
217
175
138
180
178
215
177
-15
-228
-419
-441
-131
326
541
501
405
218
-22
-71
13
190
717
960
411
19
172
300
273
391
790
858
20
-1022
-1147
-662
-491
-211
237
-84
-857
-1177
-683
176
614
285
-1119
-2815
-3241
-1923
283
2429
4204
4565
2532
-907
-4133
-5910
-5373
-2994
-309
1459
2113
2100
1824
1396
1162
1595
2014
1680
1313
1113
147
-1003
-1375
-1526
-1235
-21
899
449
-437
-828
-1363
-2041
-1854
-501
1078
1906
2179
1951
1096
81
-901
-1393
-1286
-965
-425
36
258
174
-59
-133
-318
-302
88
149
-314
-973
-256
1323
560
-412
1315
2805
2381
1739
1509
849
439
1380
2252
1894
1564
1587
850
228
262
-271
-901
-453
-168
-1440
-2577
-1686
-650
-1089
-1732
-1925
-2090
-2594
-1930
-154
-245
-830
982
2350
1447
1548
640
-2209
-749
-816
-6644
-4159
3244
-65
-3583
3126
4082
-5036
-5983
765
5526
9421
11960
12296
9916
7815
5721
499
-1006
-858
-4034
-7177
-8275
-6052
-6530
-9499
-9777
-9393
-9163
-10360
-11906
-11692
-12431
-12647
-8867
-3677
506
4582
6758
5307
4781
6024
5973
6003
8011
9381
8456
8241
8606
9308
10321
9380
9330
10789
9729
7470
5164
3157
2522
2123
2594
2410
223
-1606
-3317
-5642
-7265
-8637
-10170
-10409
-9812
-9467
-9474
-8998
-8193
-8307
-8086
-7565
-7221
-6624
-5525
-3227
-1413
-406
-17
-1303
-2326
-1717
-1677
-1980
-605
649
1493
3021
3966
3768
3870
3741
2433
2591
2830
2463
4748
8009
9084
8018
6328
4484
3242
2843
2873
3856
5054
5574
5326
5167
6125
6429
5174
4241
3886
3848
3983
4460
4619
3491
3421
3764
3080
3643
3793
2099
887
314
-607
-1823
-1867
-1363
-1323
-607
-945
-2021
-2421
-4079
-6407
-6721
-4973
-5017
-5332
-3179
-1652
-615
-2363
-6927
-10050
-10962
-8347
-6483
-5344
481
4805
4025
-359
-6708
-10849
-12855
-11491
-7885
-3889
719
2768
1849
-1498
-5764
-8395
-9807
-9355
-5971
-1999
749
2386
2509
1653
1839
3036
3849
4342
2981
359
417
761
-359
1646
5827
8304
10151
12388
12444
10546
9862
9163
7490
6020
3534
155
-1153
-769
-2064
-2932
-1158
-523
-624
1115
1896
345
-583
20
480
350
-291
-995
-890
-790
-2051
-3561
-4021
-3122
-2340
-2890
-2859
-2993
-4040
-4356
-4147
-3488
-3001
-2926
-2411
-2641
-2508
-936
-587
-1100
-1498
-1527
-584
275
2108
3883
4554
5763
4765
2807
2692
3054
3450
3192
2816
1540
215
-795
-1977
-1196
-676
-781
649
2449
1993
773
3073
6096
4594
4149
7959
6671
3793
3115
1305
2966
2549
2299
5583
783
1626
10568
4503
-5754
-5376
-1621
-2301
-3514
-405
-1876
-4515
-2030
-2072
-3947
-2635
-2724
-4936
-5513
-6021
-6416
-6618
-6630
-6706
-7278
-5555
-3907
-5178
-5765
-5159
-6085
-7409
-7192
-5368
-3252
-1842
-566
338
1217
2375
2739
2730
3184
3084
2705
3577
3660
2378
2645
3352
2283
1466
2343
2692
1999
1342
993
2436
3618
1764
1187
2349
1193
140
-593
-2787
-3028
-1345
-237
1158
2686
3434
3996
4527
4354
3745
4059
4440
2368
1089
3546
3587
2270
2023
-643
75
2264
1221
3035
6046
5631
3378
1053
-2099
-5054
-5337
-4828
-5950
-6314
-3125
-369
-983
-1169
640
2605
2812
1898
640
-1400
-1852
-1473
-1842
-733
-184
-1971
-3055
-3294
-3837
-3850
-3559
-3707
-3218
-1329
-610
-1407
-1303
-682
-4
62
-855
-851
-551
310
2804
2846
1222
1314
1682
2422
2114
1153
858
165
741
414
-584
-257
-1779
-3242
-3587
-3995
-2981
-2207
-2517
-2484
-2108
-1817
-1380
-188
1285
1980
2054
2107
1976
1258
883
1555
1517
883
1111
1652
1819
1989
2914
3217
2609
2452
1713
1031
1051
487
463
1158
1225
859
596
688
591
283
390
209
-582
-1317
-1523
-1215
-1000
-1264
-1564
-1444
-1624
-2325
-1739
-94
151
-843
-1538
-1704
-1100
-107
4
574
2078
2211
1394
680
139
-442
-675
787
1634
487
-632
-822
-832
-1196
-953
-2866
-4701
-1331
-1385
-5738
-4256
357
1814
1936
4058
4783
1514
-1117
-1899
-2578
-2735
-2888
-2793
-2169
-2481
-2736
-2423
-3008
-2816
-1387
-1261
-1234
-97
246
504
1899
3039
3102
3221
3492
3048
2804
2750
2257
2339
2465
1416
476
108
-230
330
700
494
1113
836
109
1092
1447
900
1284
942
329
1255
1819
967
-375
-1474
-1614
-1313
-978
-624
-568
-809
-1767
-2552
-2496
-2107
-1159
-302
-61
230
928
1620
1598
1376
1833
-1122
-7725
-8372
-2939
1914
5660
6178
5122
4961
1000
-3693
-3282
-658
-428
-732
1649
1439
-943
-123
2184
2706
-1271
-6048
-6258
-4781
-4611
-3399
-507
743
1031
1626
-558
-2991
-2787
-2646
-890
2309
3662
5439
7974
7880
6794
7274
7162
6355
6155
5145
3641
3349
2907
1835
1962
1720
253
238
588
-279
67
303
-2117
-3726
-2747
-2196
-1955
-886
-444
-428
-523
-2022
-3799
-4071
-4753
-5984
-5515
-5205
-6155
-6377
-5543
-4991
-4533
-3794
-3535
-2576
-1757
-1997
-1698
-1131
-848
-825
-627
-638
-504
344
323
287
1328
2082
2486
3267
3986
3990
3067
2375
2232
1670
1863
2631
3182
3713
3777
3887
3506
2898
3252
3508
3382
3727
4062
3802
2994
1369
-15
235
1142
-325
-2186
-270
1442
1486
2088
1724
69
-1422
-1233
-848
-1693
-3014
-4329
-4406
-3686
-3099
-2005
-1138
-1416
-2227
-2687
-1953
-1353
-1400
-515
-440
-1803
-2704
-3482
-4169
-4188
-3669
-2617
-1765
-1932
-2093
-1704
-1430
-24
1492
1047
870
1456
913
-214
-551
-213
504
1725
1946
631
88
109
-828
-1527
-1089
-45
1062
2055
3360
3619
2006
2012
3019
2244
2122
3446
4112
3644
2701
634
-999
-563
-309
139
991
658
-990
-3225
-3803
-4000
-4487
-2653
-966
-239
1538
1688
54
-52
213
-686
-1628
-1105
187
-695
-1375
-785
-402
1206
2197
2090
1498
389
75
181
740
692
-211
358
990
1566
3178
3011
2295
1623
-230
-1883
-623
1709
867
2575
3651
933
-518
-2878
-3378
-1048
577
1202
2273
4006
3778
2873
2990
1676
-135
-929
-1323
-1044
-316
154
-787
-1296
-1224
-959
-87
756
2601
2799
1532
1072
254
-760
-416
686
58
-829
-1181
-1969
-3290
-4811
-5023
-4429
-4039
-4640
-4265
-3391
-4110
-4129
-5971
-8749
-8962
-9144
-9358
-9106
-7843
-5920
-4789
-2896
-1427
-1633
-1272
220
1492
2959
4466
4611
5336
5512
4624
4621
3959
4708
6521
6667
7295
8777
9553
9574
9578
8142
5960
5854
5078
3225
3722
4842
4365
4029
4457
4413
3849
2838
2130
2837
3705
3615
2910
1700
185
-954
-975
-1868
-4114
-4611
-4312
-4881
-6250
-7113
-5932
-4880
-3580
-1443
-1148
-2043
-3064
-4358
-5134
-5636
-6035
-6142
-5939
-4923
-3374
-2550
-3207
-3941
-4137
-4639
-4624
-4265
-3454
-1944
-1133
-538
-401
-918
-824
-196
503
940
1318
1157
846
1558
2210
2056
2232
3394
3907
3651
4207
4690
4241
4537
5140
4306
4776
5591
4366
3738
3932
4028
4077
4352
4036
2882
1848
751
992
2643
3864
4463
4725
3820
1784
1327
1911
657
-1003
-2140
-3505
-4023
-4220
-4139
-3236
-2872
-3360
-4130
-4033
-3733
-4166
-3516
-1452
-43
337
770
629
449
458
-540
-1414
-1284
-796
-583
-245
-58
-979
-1168
-958
-2025
-1410
-330
-1010
-1318
-2013
-2456
-2293
-2186
-1239
-785
-454
-312
-1505
-1998
-1801
-1527
-398
645
1709
2901
3147
2715
2137
2160
2651
2627
3181
3581
2631
1964
2446
1686
61
817
847
-427
-717
-1560
-2455
-2657
-2800
-2490
-925
553
1032
1731
1890
846
350
-595
-2183
-1630
-648
-421
90
69
-913
-1599
-1357
-2131
-2445
-1257
-1738
-2372
-948
-623
-668
761
-346
-2026
-373
1539
2210
2715
2223
781
80
-1105
-2969
-4089
-5035
-4818
-3937
-2643
-876
-696
-758
-540
-48
1062
999
914
2389
4364
4922
3791
3016
2418
2141
2692
1864
240
-85
97
-56
315
1320
2144
3200
4294
5046
5700
5824
5047
3589
2824
3024
3252
3205
2908
1882
223
-909
-1874
-3452
-4438
-4291
-4674
-5404
-4570
-2679
-2479
-3292
-2519
-2030
-2686
-2834
-3126
-3292
-3087
-3061
-1860
-1028
-1519
-1868
-2098
-1470
-702
-652
-1301
-2036
-1826
-1653
-1071
359
1319
1545
1489
1308
1021
256
-1274
-1798
-1007
-695
-1126
-1503
-855
181
988
1543
1649
1317
211
-324
-1
-175
-772
-833
279
1052
1032
942
178
-192
275
504
1042
1756
1808
2419
3241
3159
3587
3971
3720
4004
4427
4719
4617
3959
3347
2591
2169
1461
180
16
-105
-311
610
505
-631
-1054
-1998
-2712
-2341
-2446
-2596
-3048
-3674
-3416
-5258
-7869
-7102
-6041
-5526
-3670
-2931
-3850
-3605
-2257
-1519
-1366
-652
-113
-902
449
1935
576
1538
3643
4222
5170
5585
4418
2532
996
-506
-1585
-1300
345
1719
582
-633
-341
-641
-1334
-1375
-1005
-1322
-1048
-307
-834
-378
436
448
541
423
879
1314
1696
2711
2828
1843
1414
1562
1262
1283
1841
2002
1826
1669
918
-364
-223
1176
1907
1546
677
-358
-1894
-3481
-3628
-2323
-1310
-1328
-1518
-1317
-1857
-2698
-2750
-3379
-3810
-3494
-3256
-2549
-2188
-1752
-604
-287
-839
-1511
-1897
-1946
-1999
-1539
-735
-987
-1824
-2256
-2173
-1828
-2131
-2007
-1008
-91
1464
3137
3375
2701
2682
3166
2957
2842
3380
3849
4062
4028
4092
3882
3725
3775
3010
2218
2153
1448
-541
-1667
-1069
-506
-68
841
955
717
1121
1076
1231
1626
877
1167
2629
1517
-133
273
-115
-1520
-1703
-1459
-2291
-2754
-2528
-2851
-2601
-1886
-1923
-1940
-2095
-3055
-3590
-3654
-4290
-4516
-3754
-3395
-3596
-2995
-1998
-1233
310
2118
2518
1606
967
1256
1738
2181
2346
2606
3014
2099
190
-1041
-749
365
1428
1810
1770
2301
1533
-613
-1007
-186
-419
-570
1363
2982
2157
1231
284
-1113
-1868
-2181
-1724
-710
686
2018
2268
1829
1198
893
1421
1470
297
-633
-1439
-1828
-1078
-772
-730
-587
-1122
-1816
-1868
-1586
-1972
-1857
-1291
-1861
-1771
-801
-560
-350
481
1355
1068
-91
-581
-604
-823
-777
29
1034
1364
1429
1545
1799
2025
1566
1363
1275
146
-699
-806
-1000
-422
658
1179
1732
2518
3291
3336
3369
4342
3923
2206
729
-313
441
837
-276
-539
-955
-1194
-482
-117
470
1059
1111
1348
1081
-409
-1507
-1805
-2023
-1971
-1679
-1077
-1652
-3043
-3725
-4858
-5522
-4987
-4506
-3451
-1804
-1348
-1246
-447
-597
-1440
-1784
-1614
-1222
-861
-329
-337
-406
-8
13
482
729
219
487
1267
1136
-11
-604
-357
355
1471
2193
2248
2475
2936
2427
2088
2646
2393
1684
1304
1064
1498
2068
2521
3379
3685
3176
2587
2056
1043
90
509
1425
1681
1832
2108
1160
316
590
-955
-2320
-834
398
439
1013
1187
287
-205
-507
-377
626
674
334
681
449
-563
-894
-695
-1671
-2362
-1748
-2200
-2528
-2147
-3540
-3941
-2777
-3122
-3375
-2695
-2903
-3644
-3163
-2623
-2474
-774
865
812
857
1357
1287
567
-376
-596
-186
254
453
444
212
-297
45
992
1725
2224
2147
1832
1644
1194
883
922
-301
-1784
-1730
-1201
-1106
-1335
-984
-397
-323
-972
-1801
-1797
-1663
-1030
274
1610
2950
3550
3700
3832
3509
2604
2117
1974
1052
698
1255
1096
877
2182
3622
2882
1482
1181
837
841
1355
1120
1156
1827
1961
2028
2139
1230
-19
-765
-1882
-3351
-3773
-3420
-3239
-2593
-1669
-972
-275
137
505
1231
1129
-102
-1166
-2553
-3968
-4040
-3458
-2406
-644
8
-1254
-1970
-1751
-2369
-3243
-3202
-3039
-3517
-2771
-1444
-1396
-1129
-770
-640
-238
-155
51
706
1208
1638
2118
1824
867
448
1091
1444
802
836
1049
541
-436
-2120
-2831
-2174
-1397
-434
1121
2881
3126
2111
2043
2536
1813
1155
2134
3152
3364
3502
3097
1924
1329
1587
2091
2580
2080
1037
805
721
883
1679
1952
1675
1136
393
326
1002
1243
868
90
-1587
-3270
-3903
-3954
-3497
-2598
-2421
-2608
-2732
-3447
-3699
-3443
-2922
-1474
348
1731
1524
830
1050
1079
949
506
-306
-378
-481
-1054
-1335
-1773
-2420
-2984
-4114
-4956
-4197
-3274
-2568
-2123
-2243
-1277
-855
-1875
-1953
-971
-7
286
-87
-608
-693
-881
-863
14
180
87
1495
3388
3497
2385
2199
2734
3244
3501
3581
3359
2901
3088
3166
2492
1897
2089
2927
3406
3474
3079
2509
2365
1680
1320
1871
1249
-21
-177
605
1503
2034
2051
1300
676
397
-157
-350
171
1137
1141
321
134
274
-124
-804
-930
-1521
-2097
-1907
-1856
-1729
-1724
-1464
-1122
-1660
-2335
-2927
-3950
-4698
-4504
-3729
-3315
-3381
-2770
-2156
-2522
-2989
-3121
-2970
-2557
-2108
-1575
-1253
-1223
-1083
-1504
-1759
-1127
-1030
-1124
-1002
-912
-487
-536
-490
-59
-454
-618
-215
192
1109
2436
4166
5677
6300
6395
4841
3198
3934
4188
3469
3495
3402
3023
2867
2466
1550
783
264
529
1504
2254
2514
2184
1290
634
803
981
1167
1421
1432
852
-358
-1531
-2461
-2862
-3485
-4219
-3967
-3221
-2541
-1975
-1001
-326
-667
-684
-709
-1438
-1543
-1113
-1414
-2152
-2965
-3739
-3580
-3210
-3080
-2491
-2292
-2430
-2473
-2263
-1475
-799
-300
-243
-383
263
278
-370
-101
310
353
700
1440
1580
1551
2088
2143
1627
1109
1123
1421
1988
2775
2308
1479
1561
1678
1404
1212
1625
1310
269
333
415
88
483
848
314
-11
197
-251
-655
-848
-1608
-2078
-1859
-1028
-199
-221
-669
-1399
-1777
-1347
-1126
-1571
-1975
-1953
-2378
-2361
-1188
-744
-1007
-759
-224
355
416
185
1214
2762
3491
3775
4200
4593
4423
4185
3844
3285
3363
3382
2763
2425
2327
1701
837
429
-39
-763
-869
-374
-287
-593
-405
195
492
-233
-1743
-2726
-3076
-3622
-4211
-4731
-4759
-4179
-4086
-3806
-2979
-2368
-1977
-1760
-1085
-691
-674
-17
-97
-218
1230
2370
2350
2432
2447
2295
2278
1313
298
608
1076
765
667
1404
1342
416
-295
-338
-119
-224
842
2183
2183
2114
2156
1455
555
626
1017
892
405
-451
-505
93
79
578
1555
1506
557
-187
-298
-249
272
1327
1759
1029
85
-659
-1173
-991
-921
-1312
-1368
-1490
-2381
-2906
-2799
-2939
-3056
-3096
-2947
-2569
-2183
-1548
-831
-351
-316
-608
-482
-244
-43
407
308
107
31
-302
77
955
1435
1383
1290
1697
1803
1801
2231
2297
2360
2728
2895
2724
2632
2787
2523
1453
13
-1059
-1834
-2181
-1835
-1223
-731
-644
-760
-646
-343
-135
-51
3
389
1104
1130
439
55
-282
-941
-1539
-1884
-1782
-1257
-625
-404
-2
371
-566
-1291
-1035
-864
-685
-360
-466
-766
-613
-1014
-1534
-1158
-524
-28
137
681
1100
512
233
579
253
-364
-583
-1230
-1482
-840
-12
778
869
695
394
-187
-28
301
-7
5
110
3
224
-341
-979
-592
-186
419
1060
1073
816
1114
1751
1820
2100
2588
1754
926
1059
801
1224
2386
2128
1385
1842
2298
2135
1867
1585
1594
1415
854
249
-221
-298
-171
107
16
-1236
-2455
-2465
-2296
-2245
-1763
-1786
-2446
-2185
-1107
-709
-734
-35
581
-69
-247
851
1038
1129
1439
1046
1383
1400
1489
2078
1997
2174
1705
784
271
-205
6
985
1600
1378
1247
1086
891
303
-579
-499
-617
-511
627
1101
430
-589
-1274
-1931
-2787
-3488
-3630
-2864
-2256
-2754
-3077
-2795
-3206
-3631
-2904
-1851
-872
-169
214
438
231
488
642
614
1458
1813
1952
1968
1148
1392
1927
972
91
-142
-377
-566
-459
118
984
1687
2070
2239
2172
1791
766
32
217
656
942
911
1673
2367
1805
1807
2172
2195
2234
2011
1962
2001
2249
2112
1157
1181
1262
421
702
1201
166
175
416
-1575
-1772
-766
-1437
-1362
-514
-734
-1966
-2125
-1905
-2475
-2089
-1456
-1505
-1681
-1587
-1382
-1477
-1648
-1594
-1179
-1438
-2745
-3296
-2891
-2858
-2546
-1744
-1873
-2830
-2913
-1984
-2274
-2982
-2268
-1606
-1193
-597
-525
-504
-466
-734
-804
-1081
-1600
-1473
-611
465
1512
2351
2756
2558
1575
954
1478
2185
3206
4159
4376
4848
4522
3354
2555
1593
1206
981
379
357
668
982
1153
1712
2418
1833
1191
1209
788
1263
2347
2184
2287
2773
2199
1348
654
469
910
1252
1107
236
-533
-1150
-2012
-2132
-1638
-1195
-927
-1286
-2032
-2415
-2517
-2402
-2197
-2471
-3352
-4189
-4118
-3666
-3647
-3511
-2933
-2604
-2290
-1097
-215
-530
-185
977
898
315
212
-683
-1812
-2336
-2503
-2113
-1524
-1281
-1723
-1642
-533
-51
247
924
1379
1636
2066
2648
2637
2593
2467
1717
1043
644
954
1298
1166
1509
1639
1293
868
95
-510
-702
-683
-752
-886
-695
-441
-174
-19
95
588
842
686
791
824
505
748
1143
977
1002
1176
1335
1197
778
999
1301
1525
1867
2060
2212
1886
1507
1091
141
-674
-1163
-1637
-1806
-1603
-1766
-2522
-3233
-2940
-1885
-1322
-811
84
287
201
478
236
171
1186
2131
2362
2032
962
-300
-874
-1083
-1513
-1691
-1114
-477
-1
711
990
547
13
-574
-958
-1210
-1986
-1932
-1443
-1874
-1635
-1405
-1750
-1637
-1958
-2468
-2479
-2055
-1732
-1721
-1204
-749
-590
-271
-108
-281
-240
517
1061
1120
1057
914
1142
1355
854
-116
-402
363
950
1073
1366
1898
3035
4044
3676
3029
2805
2124
962
-46
-720
-1018
-825
-479
-419
-320
-49
-301
-634
-601
-755
-619
-24
614
1302
1461
968
-191
-1644
-1913
-1728
-2166
-2164
-1462
-1141
-1238
-980
-1022
-1326
-874
-465
-615
-577
-410
-594
-128
945
880
342
-259
-1315
-2463
-3666
-3941
-3145
-2306
-1682
-1065
-456
136
46
-1018
-1375
-632
78
515
1239
2566
3486
3441
2786
1806
1569
1942
1796
1729
2098
2190
1639
1005
1120
1462
1790
2531
2577
2038
2399
2972
2681
1836
1362
1160
438
208
690
685
621
503
-393
-1123
-1275
-2033
-2822
-2731
-2337
-1302
-124
54
-31
2
-457
-1394
-2412
-3152
-2771
-1833
-2023
-2535
-2750
-3064
-2640
-1707
-1290
-1101
-792
-727
-167
458
-173
-618
-665
-1597
-2031
-1283
-955
-384
603
454
462
949
420
53
1022
1670
1591
2099
2665
2335
1753
1581
1417
1296
1446
1661
1525
992
737
737
95
-590
71
527
-372
-770
-72
635
1318
1979
1929
1129
295
75
-199
-452
389
1619
2057
1972
1954
1304
129
-304
-399
-465
-413
-861
-1085
-941
-1263
-1403
-1362
-2022
-2324
-1957
-2126
-1846
-902
-593
-194
547
519
-201
-970
-1427
-1283
-1090
-1285
-1009
-180
495
1181
1211
700
1225
1830
1626
1821
2531
2763
2367
1506
619
697
902
518
612
870
548
369
-183
-1457
-1991
-2100
-2617
-2466
-1332
-812
-944
-753
-709
-944
-1269
-2045
-2837
-2500
-1655
-1366
-958
-228
165
305
326
119
-49
-156
-412
-423
262
979
1043
863
885
892
1056
1687
1849
1337
995
580
-59
-105
-64
-696
-550
17
-366
-557
-319
-397
-606
-836
-1166
-1284
-1135
-642
498
1822
2259
1785
1312
791
543
771
718
630
562
157
635
1448
573
111
1013
1030
469
518
917
966
1245
2030
1965
1159
937
1344
809
-688
-1158
-1069
-1294
-1190
-1105
-1310
-1458
-1374
-1355
-1550
-1506
-1576
-1979
-2314
-2246
-1845
-1734
-1256
-337
-129
-369
-516
-421
-105
236
387
393
522
384
197
446
677
789
1226
1913
1782
1269
1384
1162
593
412
294
139
261
303
386
599
227
121
-99
-1019
-1085
-803
-1050
-978
-164
706
1048
1266
1600
1481
836
510
475
295
15
-75
86
-97
34
440
255
318
673
746
522
83
-566
-1240
-1037
-371
-73
338
554
268
76
-260
-860
-1061
-867
-314
629
1211
1616
2344
2414
1745
1106
331
-121
-24
-146
-239
-23
-236
-767
-1024
-1319
-1751
-1779
-1010
-254
294
860
636
197
-553
-1438
-1401
-1676
-2198
-1711
-823
-620
-920
-1465
-2524
-3457
-3866
-3882
-3354
-2416
-1326
-122
603
469
-179
-965
-1342
-972
1
898
1433
1476
912
370
288
559
574
210
147
125
-227
57
518
383
380
498
932
1608
1640
870
204
385
604
653
1160
1544
1458
1417
1375
1002
362
-17
-163
-119
595
1281
1315
1159
1063
853
551
198
-105
-125
-317
-713
-682
-353
-399
-757
-837
-453
-113
-365
-583
-456
-483
-420
-355
-958
-1335
-683
-319
-351
43
-155
-899
-1088
-1283
-1346
-577
359
828
1084
1083
291
-185
-27
-291
-4
509
271
128
-290
-1245
-1815
-1565
-1269
-1390
-1211
-1235
-1144
-152
489
570
585
231
-34
498
535
33
607
953
651
975
1342
1215
1441
1855
1852
2153
2223
1870
1654
1192
692
325
-51
-376
-235
142
-198
-991
-1624
-2118
-2306
-2484
-2707
-2679
-2544
-2051
-1568
-746
302
436
481
647
772
736
305
532
1118
1110
886
967
1199
998
694
1036
1007
152
-151
-150
-401
-100
343
513
933
1158
1040
754
81
-401
-240
184
405
110
112
390
-330
-1077
-1491
-1859
-1632
-1747
-2005
-1774
-1580
-1223
-577
139
569
713
966
810
207
-113
176
688
513
-312
-1008
-764
-294
-829
-1103
-568
-393
-516
-371
-97
318
1017
1192
466
-4
124
329
579
571
292
33
-263
-671
-405
592
477
-485
-583
-72
484
1168
1548
1339
1177
1018
601
503
453
132
188
552
686
502
18
-555
-594
-137
-153
-519
-691
-744
-389
-258
-661
-570
47
499
552
454
460
612
529
178
50
187
600
1061
1182
807
348
127
-422
-1080
-1422
-1700
-1686
-1273
-802
-203
554
954
879
974
1049
523
-286
-906
-953
-704
-566
-404
-39
244
-19
-182
-228
-577
-754
-1159
-1648
-1246
-446
-293
-427
-225
-309
-736
-1003
-1128
-1111
-1173
-1215
-784
-206
-157
-283
-163
-212
-125
250
364
299
127
-124
86
756
1109
951
879
1099
1276
1249
1089
1346
2228
2909
3103
3053
2644
2015
1510
1129
1212
1760
1804
1286
857
603
488
678
847
558
352
285
-1
-256
-481
-607
-550
-509
-703
-855
-620
-219
188
240
10
-177
-535
-768
-805
-807
-696
-1058
-1797
-1774
-1026
-546
-278
-13
-18
10
215
421
771
1258
1364
1138
841
355
115
-110
-506
-480
-291
-366
-393
-168
-39
-146
-298
-494
-671
-827
-1243
-1134
-91
364
-77
-196
13
50
-20
-393
-898
-870
-473
-372
-642
-974
-1234
-1494
-1626
-1192
-389
123
222
371
670
519
155
260
576
794
1229
1824
1900
1173
209
27
314
358
629
942
1134
1480
1832
2169
2133
1803
1457
1213
1512
1771
1449
941
573
379
87
-357
-709
-928
-837
-353
-154
-314
-378
-437
-417
-525
-703
-463
-249
-395
-399
-174
-133
-193
-143
50
306
286
140
442
610
180
-63
-165
-305
-714
-1270
-936
-356
-245
-443
-696
-516
-214
-137
-272
-291
-360
-539
-385
-500
-997
-1118
-733
-610
-997
-1428
-1709
-1592
-1283
-994
-515
74
334
602
1145
1333
1156
701
457
757
1022
1092
1178
1270
1074
645
392
455
403
330
746
1106
1063
987
1108
1188
1048
1039
779
188
177
305
-163
-469
-371
-239
135
449
312
3
-207
-442
-1094
-1874
-2224
-2345
-2139
-1623
-1384
-1203
-824
-456
-282
-389
-616
-597
103
802
829
1027
1355
1035
664
916
1123
1058
1642
2273
2271
2253
1757
1134
1347
1422
1100
1094
981
871
964
778
592
423
-75
-442
-260
-317
-529
-145
-15
-211
-314
-603
-931
-1018
-1069
-1416
-1508
-1529
-1957
-2434
-2851
-2822
-2717
-3113
-3190
-2568
-2240
-2117
-1403
-1130
-1138
-852
-1228
-1555
-1027
-108
407
240
330
841
1090
943
937
1292
1374
1411
1901
2235
2248
2440
2823
3213
3208
2838
2719
2543
2372
2414
2055
1387
648
67
-92
-116
-197
-526
-881
-964
-1244
-1404
-628
294
436
601
903
589
285
363
445
536
460
407
656
959
1068
849
534
146
-152
-191
-484
-755
-802
-757
-585
-774
-1160
-1288
-1261
-1402
-1549
-1550
-1774
-1948
-1867
-1692
-1632
-1793
-1980
-2358
-3030
-3755
-4223
-4246
-4009
-3594
-2892
-2026
-1298
-1117
-1215
-757
-81
149
349
858
1287
1308
1208
1125
1073
1030
714
602
958
1217
1305
1635
2144
2635
3114
3232
3163
3047
2661
2369
2289
2078
1440
827
638
295
-82
368
1357
1541
855
517
578
603
500
108
-203
-96
162
223
153
-39
-303
-622
-1343
-1936
-1995
-1828
-1540
-1441
-1740
-1915
-1624
-1385
-1221
-999
-864
-662
-613
-924
-1195
-896
-411
-247
-51
174
52
-523
-1080
-1306
-1493
-1399
-1151
-961
-389
79
320
867
1304
1175
815
779
988
903
470
360
513
312
-230
-841
-679
-29
20
-86
58
354
687
707
573
494
-24
-499
-310
-220
-64
162
-256
-731
-819
-987
-1416
-1795
-1934
-1522
-582
-88
-425
-709
-806
-1097
-842
-402
-372
125
691
521
-44
-888
-1591
-1508
-947
-206
367
253
-238
-530
-525
-671
-757
-191
303
296
351
535
730
1090
1286
989
824
911
1152
1604
1755
1852
2024
1543
1009
1211
1207
1021
1491
1971
2037
2036
1819
1209
515
165
-30
-401
-507
-418
-501
-572
-566
-540
-850
-1378
-1378
-1031
-928
-617
-118
-198
-390
-345
-649
-1093
-965
-548
-423
-341
-205
-349
-447
-345
-432
-588
-652
-530
-417
-442
-350
-572
-790
-390
-178
-193
293
907
1142
975
516
140
-102
-396
-606
-665
-885
-1280
-1181
-687
-341
-155
-200
-382
-763
-1064
-858
-548
-92
461
841
1067
917
720
729
997
1232
1052
958
920
885
981
1011
1153
1173
826
435
46
-274
-17
652
1159
1599
1905
1850
1738
1772
1505
900
771
1089
883
338
242
147
-139
-561
-1434
-1995
-2229
-2595
-2569
-2250
-1777
-1228
-998
-969
-821
-493
-238
-247
-477
-682
-601
-605
-805
-878
-1242
-1807
-1882
-1592
-1449
-1524
-1607
-1661
-1689
-1702
-1619
-1375
-1012
-567
-47
546
1073
1375
1350
1367
1525
1578
1755
1976
2120
2053
1633
1301
1206
1218
1302
1336
1572
1763
1394
973
825
749
479
244
575
1229
1647
1777
2143
2331
1998
1807
1495
897
521
584
779
673
439
215
-131
-631
-926
-806
-696
-875
-1216
-1295
-1185
-1066
-815
-747
-859
-923
-997
-943
-806
-1119
-1572
-1613
-1765
-1927
-1617
-1416
-1854
-2256
-1898
-1473
-1380
-951
-270
159
204
-239
-681
-547
-338
-378
-139
592
1068
714
231
-17
-281
-386
-607
-1170
-1349
-902
-501
-80
610
977
964
875
937
1377
1932
2485
2942
3136
3026
2537
2076
1800
1338
904
1141
1761
1812
1668
1926
1902
1387
1121
1037
817
831
845
782
593
-144
-852
-1200
-1332
-1271
-1206
-1197
-1335
-1618
-2048
-2507
-2753
-2600
-2035
-1510
-1211
-1094
-1047
-978
-1276
-1740
-1720
-1380
-1028
-730
-509
-127
333
282
-225
-574
-835
-1134
-1205
-1027
-607
-25
482
797
1069
1469
1874
2101
2177
2333
2416
2064
1635
1551
1649
1730
1645
1228
632
270
176
25
-154
-12
436
703
789
859
663
426
407
288
79
152
-219
-1209
-1723
-2023
-2303
-2005
-1471
-1268
-1254
-1174
-1254
-1274
-1215
-1355
-1123
-724
-779
-680
-350
-304
-284
-178
-61
94
106
123
189
52
-241
-236
303
428
-139
-413
-508
-678
-537
-174
354
661
599
640
282
-567
-1170
-1302
-1148
-839
-365
-74
-49
-283
-583
-492
-370
-472
-561
-128
675
886
612
411
219
-131
-245
-19
-116
-400
-236
173
353
307
26
-232
-29
287
447
563
537
475
470
449
414
331
300
370
346
204
205
173
-104
-275
-161
72
90
-20
97
327
404
442
776
1114
1209
1075
606
287
522
906
937
932
1132
1122
863
287
-413
-567
-511
-685
-762
-787
-789
-823
-1152
-1247
-1005
-1205
-1578
-1398
-1240
-1417
-1338
-1325
-1534
-1319
-936
-837
-694
-491
-317
188
709
557
161
237
450
479
658
904
761
354
129
341
658
661
639
712
808
852
476
-209
-865
-1486
-1712
-1140
-547
-546
-433
26
419
701
971
942
468
183
382
521
391
387
481
512
609
607
318
-44
-180
-189
-110
189
497
585
533
557
596
569
356
-77
-277
-375
-472
-173
242
495
504
447
607
653
559
520
361
-2
-299
-397
-499
-456
-186
-10
-52
-117
-126
-242
-400
-659
-1135
-1523
-1595
-1229
-467
327
794
768
379
-256
-857
-1063
-1072
-1018
-625
2
119
-257
-235
-88
-293
-358
-216
-219
-363
-464
-501
-441
-190
54
136
135
265
765
1002
762
844
882
456
203
353
503
585
1001
1572
1816
1698
1328
736
326
255
-158
-583
-386
-96
137
526
671
295
-53
-240
-463
-251
168
303
472
631
378
-37
-237
-173
386
917
679
314
237
44
-97
314
673
374
204
237
-110
-492
-567
-820
-1259
-1415
-1635
-1958
-2109
-2169
-2055
-1689
-1313
-1319
-1525
-1433
-1129
-1085
-1346
-1452
-1321
-1085
-316
679
966
863
708
147
-467
-462
-53
327
773
1074
965
710
548
620
1006
1304
1268
1188
878
532
654
734
630
697
696
233
-160
-24
-51
-280
-417
-375
85
407
146
-212
-75
280
246
104
283
523
562
622
622
232
-221
-443
-683
-847
-884
-1069
-1036
-742
-632
-423
-209
-417
-663
-612
-455
-178
284
440
233
188
278
409
662
667
450
715
1224
1364
1372
1333
1133
980
980
945
843
877
1010
1026
731
375
384
474
444
450
409
422
431
270
174
216
410
627
633
493
174
-174
-425
-784
-1121
-1290
-1331
-1268
-1186
-1059
-1237
-1731
-2074
-2339
-2185
-1521
-1210
-1301
-1234
-1089
-1000
-966
-872
-239
450
516
449
506
646
1116
1676
1717
1353
1013
680
459
585
861
957
888
740
607
692
1009
1302
1460
1394
1000
485
-43
-505
-697
-496
-190
-122
-22
154
318
435
231
41
133
263
445
644
859
1126
1245
1179
1025
833
496
40
-260
-365
-567
-876
-775
-480
-602
-887
-823
-430
-140
-104
-40
180
301
232
56
-195
-409
-672
-840
-836
-704
-228
239
427
514
606
780
990
1152
1163
1198
1289
1255
1272
1391
1387
1262
1334
1385
834
-5
-430
-569
-812
-790
-495
-529
-525
-305
-454
-623
-576
-663
-763
-888
-1109
-1153
-925
-738
-744
-698
-609
-619
-730
-978
-1247
-1373
-1462
-1541
-1368
-1067
-821
-590
-780
-1216
-1181
-978
-864
-442
111
378
393
265
87
-139
-355
-302
83
567
851
1124
1578
1861
1945
1988
1859
1569
1401
1381
1223
938
807
749
715
867
867
672
356
-161
-512
-773
-894
-611
-308
-272
-255
-218
-282
-162
-107
-380
-537
-464
-383
-524
-898
-1339
-1677
-1864
-2231
-2679
-2586
-2174
-2126
-2169
-1902
-1657
-1475
-1027
-608
-487
-262
-52
-231
-546
-854
-1015
-837
-410
109
604
1147
1490
1443
1412
1619
1989
2309
2451
2720
3077
2983
2384
1552
952
883
1065
1219
1114
942
837
517
290
149
-136
-151
221
524
497
428
280
-27
-271
-601
-939
-1031
-823
-573
-639
-811
-825
-818
-920
-982
-905
-1086
-1569
-1814
-1742
-1477
-1132
-953
-821
-580
-440
-539
-655
-529
-326
-237
-222
-285
-228
-208
-419
-350
-95
-75
-5
230
380
388
223
116
474
934
1045
1023
1182
1361
1054
564
388
283
285
594
970
1149
1212
1200
896
433
83
-122
-62
56
46
291
479
91
-255
-82
138
61
35
114
-92
-562
-1013
-1270
-1396
-1448
-1375
-1255
-1041
-717
-479
-281
-206
-523
-962
-1180
-1244
-1116
-718
-559
-854
-1032
-1031
-1270
-1579
-1673
-1783
-1799
-1458
-1013
-557
21
630
1003
1081
1097
1117
1228
1407
1409
1327
1245
997
758
852
1023
1073
1147
1127
1041
1011
851
614
754
1121
1254
1299
1092
537
88
-293
-624
-604
-405
-446
-658
-652
-400
-382
-640
-741
-795
-846
-861
-823
-624
-619
-582
-345
-340
-392
-284
-134
4
61
-92
-318
-455
-497
-531
-632
-389
150
349
274
238
362
566
619
809
1339
1714
1747
1709
1588
1321
920
517
303
133
21
30
190
504
538
320
234
-66
-763
-1035
-598
-203
-15
315
576
503
129
-630
-1350
-1479
-1288
-986
-522
-211
-293
-627
-979
-1047
-716
-439
-541
-530
-148
3
-295
-725
-1092
-1110
-947
-1072
-1240
-1089
-694
-389
-325
-194
-43
-65
20
253
572
834
706
502
392
124
10
55
-70
-22
283
228
-197
-489
-719
-761
-375
-3
333
783
1105
1290
1404
1378
1158
1109
1382
1588
1736
1853
1715
1564
1541
1328
1196
1185
797
454
463
525
643
813
1012
1101
947
729
347
-79
-348
-803
-1237
-1315
-1344
-1344
-1056
-758
-669
-601
-588
-605
-452
-49
309
560
870
825
547
437
323
255
244
13
-376
-605
-746
-1048
-1522
-1745
-1483
-1231
-1209
-1358
-1497
-1328
-1081
-1028
-1070
-1069
-1009
-770
-345
53
465
679
530
270
-12
-148
-171
-256
-187
245
796
929
867
1036
1065
1068
1230
1188
1151
1230
1241
1340
1389
1176
887
618
283
35
4
46
22
-85
-122
-73
6
32
-123
-183
-36
56
90
95
138
458
910
998
714
474
312
-11
-283
-232
-64
194
419
242
-103
-333
-602
-767
-618
-501
-493
-390
-405
-581
-697
-703
-683
-829
-1136
-1283
-1196
-1252
-1419
-1260
-966
-938
-974
-887
-896
-811
-561
-558
-495
-179
-108
-124
217
495
307
74
8
-85
-78
151
492
776
803
908
1391
1763
1753
1619
1538
1546
1698
1801
1641
1489
1465
1423
1419
1225
813
765
937
994
1070
1026
884
562
152
133
271
283
169
-62
-120
64
287
441
592
668
487
232
175
102
-325
-755
-944
-1069
-942
-497
26
396
434
283
171
-28
-419
-736
-700
-422
-322
-487
-755
-1161
-1562
-1682
-1437
-1164
-1183
-1269
-1276
-1045
-526
-41
380
651
647
455
176
71
154
305
484
590
579
513
628
867
1024
995
735
592
606
490
359
319
288
317
274
57
-160
-498
-787
-623
-377
-389
-408
-413
-483
-267
240
436
130
-278
-494
-313
117
287
294
491
764
771
470
55
-164
-62
-111
-456
-656
-577
-444
-288
-40
231
433
326
-57
-216
14
166
87
125
185
149
199
90
-240
-423
-536
-611
-443
-109
205
273
252
438
667
758
726
633
485
398
542
770
889
928
1024
1073
828
409
93
-128
-355
-430
-386
-494
-583
-438
-334
-476
-762
-1000
-1074
-1237
-1332
-912
-441
-525
-833
-706
-399
-434
-609
-728
-837
-1031
-1306
-1373
-1101
-802
-642
-370
-16
168
206
233
336
434
545
825
1074
1143
1181
1228
1141
836
550
403
263
222
292
238
53
-67
-114
-197
-232
-210
-389
-680
-630
-374
-261
-76
208
280
221
243
232
163
255
380
323
197
108
68
10
-40
-79
-322
-609
-613
-511
-499
-498
-450
-356
-320
-458
-585
-587
-742
-1064
-1171
-954
-740
-664
-495
-257
-237
-482
-755
-888
-987
-1051
-873
-581
-249
189
459
397
132
-39
29
131
150
85
93
268
507
779
949
1030
930
382
-106
7
323
442
617
909
953
882
837
521
213
212
98
-232
-480
-506
-373
-392
-557
-584
-726
-1165
-1477
-1533
-1458
-1208
-1061
-1146
-1071
-854
-786
-671
-339
-153
-258
-397
-544
-742
-838
-698
-451
-229
-71
-38
-71
-198
-325
-189
51
229
423
584
705
758
838
994
970
730
395
210
279
300
202
137
184
296
320
337
478
548
598
751
744
690
777
779
750
797
639
234
20
-4
-149
-269
-190
67
251
194
59
-170
-502
-735
-728
-613
-489
-238
-17
-21
-56
15
-28
-109
-69
-106
-112
64
228
164
90
309
499
399
277
234
31
-248
-287
-182
-131
-92
-36
-209
-635
-833
-903
-1065
-1073
-1016
-851
-569
-536
-763
-930
-846
-655
-479
-268
-212
-427
-582
-528
-399
-333
-376
-331
-330
-589
-647
-243
251
575
718
758
838
962
908
723
697
819
968
1016
954
993
1146
1191
1045
1007
1147
1196
1213
1259
1299
1373
1433
1555
1679
1549
1411
1402
1089
555
276
221
131
-3
-177
-554
-942
-1103
-1241
-1271
-1223
-1345
-1422
-1352
-1206
-1077
-1025
-1104
-1315
-1371
-1271
-1165
-933
-597
-355
-313
-536
-908
-1188
-1312
-1304
-1151
-840
-721
-835
-686
-446
-339
-143
16
13
80
220
160
29
167
463
641
769
845
731
633
648
634
549
475
546
728
821
852
946
949
828
710
632
658
698
646
511
363
352
386
300
301
550
795
683
259
-41
-141
-146
73
420
734
926
835
566
239
-195
-467
-325
-82
-115
-207
-70
40
60
91
-28
-95
29
-65
-203
-23
78
6
8
-101
-297
-367
-408
-333
-195
-137
50
209
188
98
29
4
-24
105
231
203
193
25
-245
-301
-335
-505
-503
-414
-571
-639
-504
-509
-634
-733
-717
-527
-142
180
271
410
393
-30
-295
-93
232
481
671
775
764
591
212
-79
-36
73
170
228
193
284
389
213
-130
-273
-271
-324
-350
-319
-125
146
186
56
8
-35
-201
-289
-204
-45
87
128
126
249
481
544
413
221
-15
-326
-594
-641
-558
-489
-467
-417
-368
-400
-424
-507
-637
-710
-810
-951
-1062
-1043
-882
-735
-629
-545
-547
-448
-170
51
175
227
275
423
595
728
735
779
991
994
666
382
415
599
622
492
395
439
551
632
724
856
923
877
869
920
832
554
255
61
-190
-562
-810
-855
-745
-630
-642
-581
-491
-551
-616
-681
-784
-845
-920
-969
-853
-697
-594
-419
-273
-139
-21
-196
-486
-598
-557
-418
-167
207
514
502
307
95
-183
-278
-77
154
282
395
564
632
624
734
809
784
742
697
912
1342
1540
1461
1309
1163
960
760
666
495
230
-16
-355
-699
-776
-640
-524
-468
-489
-667
-946
-1186
-1239
-1025
-726
-674
-876
-928
-750
-639
-653
-611
-510
-582
-735
-693
-599
-698
-693
-345
-87
-67
-90
-81
-4
106
253
348
343
365
461
594
668
591
515
469
314
149
14
-173
-274
-67
230
247
143
121
110
92
120
173
163
52
-74
-11
158
143
-67
-343
-516
-581
-618
-581
-442
-263
-151
-51
33
115
141
-34
-110
-113
-263
-328
-360
-374
-197
26
90
56
159
260
189
212
376
415
325
302
375
458
402
129
-164
-158
17
-5
-41
38
55
30
153
444
660
811
903
784
679
739
660
368
158
104
37
-183
-539
-887
-1089
-1140
-1164
-1096
-853
-688
-674
-488
-177
-78
-118
-89
-89
-273
-480
-476
-453
-559
-550
-414
-299
-289
-401
-421
-271
-83
71
99
94
303
539
525
355
192
96
53
113
162
32
-115
-118
-59
-83
-50
130
218
142
84
125
127
44
-37
-114
-115
-76
-242
-513
-575
-543
-657
-796
-848
-935
-1023
-875
-550
-314
-208
-205
-285
-355
-374
-249
-18
9
-16
233
439
425
401
423
515
583
425
41
-287
-349
-292
-178
-47
-65
-105
2
167
221
122
-22
-175
-270
-143
136
242
212
340
446
275
-93
-390
-436
-326
-70
249
406
393
354
363
370
402
422
419
544
611
540
444
196
-66
-144
-152
-258
-412
-410
-383
-567
-820
-845
-586
-327
-246
-187
-111
-107
-84
-9
47
38
-53
-169
-213
-181
-187
-235
-222
-106
-67
-160
-125
-90
-202
-218
-133
-97
-1
174
278
311
223
-34
-231
-190
-134
-81
123
222
132
70
114
85
-6
69
207
351
455
416
396
426
431
459
499
543
548
450
421
556
701
806
857
856
883
770
482
247
148
243
422
501
508
425
178
-162
-372
-388
-371
-277
-141
-90
35
152
132
106
59
56
205
383
455
478
559
579
427
268
211
139
26
21
114
120
-11
-129
-174
-274
-405
-422
-329
-289
-475
-629
-514
-371
-205
130
472
750
956
935
794
724
676
697
869
1042
1041
899
759
560
205
-95
-224
-287
-339
-404
-548
-769
-1016
-1239
-1290
-1215
-1121
-975
-834
-718
-742
-952
-1232
-1424
-1274
-945
-574
1
594
966
1100
1075
941
776
714
661
514
562
836
891
750
672
501
228
80
46
29
59
96
157
322
386
218
63
78
102
24
-121
-294
-378
-344
-227
-55
148
435
780
989
845
495
317
373
526
844
1276
1398
1109
678
295
170
273
340
328
274
111
-40
-23
16
-4
67
211
221
119
61
37
146
355
424
449
489
412
222
-58
-408
-737
-873
-801
-713
-749
-840
-864
-881
-960
-1018
-848
-462
-273
-360
-323
-33
198
224
252
326
352
385
536
832
1069
1058
989
1073
1170
1144
1073
1025
1031
1057
1043
1067
1190
1175
838
565
530
357
59
-131
-241
-281
-199
-145
-160
29
345
385
190
155
217
82
-116
-231
-314
-376
-394
-371
-275
-171
-337
-729
-1081
-1404
-1588
-1471
-1241
-1069
-905
-806
-862
-904
-904
-1003
-1107
-1033
-759
-494
-387
-423
-490
-415
-206
150
602
925
1078
1104
1036
876
700
753
1026
1291
1427
1403
1300
1249
1144
948
912
939
723
296
-13
20
178
204
169
180
188
174
128
-2
-110
-73
-22
-61
-27
110
93
-48
-110
-185
-242
-267
-364
-388
-270
-232
-382
-460
-419
-405
-334
-243
-304
-535
-766
-872
-862
-802
-776
-669
-470
-548
-880
-954
-696
-382
-202
-55
154
188
140
206
225
167
84
-79
-204
-170
-89
-14
29
39
58
15
-77
-197
-346
-481
-548
-442
-305
-238
-43
232
451
560
524
517
577
470
94
-200
-130
-6
-86
-218
-301
-288
-221
-257
-252
31
412
611
660
669
643
591
512
334
154
159
164
71
89
204
353
514
541
469
423
355
332
428
528
612
641
448
59
-292
-501
-615
-593
-447
-337
-337
-411
-616
-919
-1176
-1370
-1354
-1045
-742
-664
-678
-567
-375
-259
-208
-154
-121
-102
41
252
321
266
195
193
344
577
706
672
565
520
569
558
425
347
438
535
436
220
35
-114
-210
-297
-393
-375
-259
-190
-274
-464
-631
-795
-912
-845
-705
-605
-405
-148
-41
-80
-232
-462
-630
-640
-556
-474
-364
-325
-428
-434
-334
-350
-530
-673
-541
-350
-265
-160
-126
-235
-387
-394
-264
-212
-154
-83
-131
-91
-27
-155
-218
-8
279
427
529
633
691
743
751
808
1003
1166
1144
999
943
979
987
1010
1067
1122
1087
1013
1153
1337
1273
1069
798
523
390
255
-58
-345
-435
-436
-416
-465
-718
-998
-1139
-1291
-1471
-1593
-1614
-1402
-996
-780
-872
-959
-1048
-1232
-1275
-1146
-1045
-922
-722
-558
-477
-478
-535
-544
-375
-131
30
110
31
-112
-98
45
181
123
-87
-153
-62
11
-4
-46
-56
-118
-195
-224
-266
-302
-274
-189
-74
30
-6
-51
81
228
315
313
223
193
283
493
711
838
930
1023
1036
947
816
677
639
736
820
802
705
650
580
329
58
-170
-475
-664
-586
-456
-535
-659
-602
-562
-589
-607
-630
-460
-161
-130
-336
-468
-511
-507
-445
-381
-320
-232
-162
-238
-294
-216
-217
-195
9
369
765
883
710
471
190
-101
-297
-359
-277
-118
-54
-166
-369
-583
-803
-972
-976
-873
-821
-789
-680
-456
-191
-54
-116
-321
-495
-533
-507
-487
-424
-287
-140
60
226
240
309
440
490
503
488
423
355
259
26
-164
-160
-171
-200
-82
86
170
238
296
237
138
74
-11
-85
-89
-22
87
207
363
477
445
343
328
444
501
390
324
406
442
421
424
333
234
215
113
-40
-94
-53
-45
-8
124
153
132
166
131
29
-68
-156
-279
-390
-386
-366
-403
-404
-433
-578
-673
-586
-542
-646
-708
-676
-570
-440
-383
-388
-325
-91
205
365
290
57
-126
-197
-239
-186
63
424
801
1092
1147
969
615
186
-83
-113
8
241
506
680
707
627
517
443
405
331
203
146
222
365
519
594
553
428
159
-138
-311
-419
-404
-232
-4
170
142
62
105
146
115
-26
-226
-330
-347
-361
-320
-233
-229
-308
-438
-609
-841
-1040
-1076
-1066
-993
-743
-452
-212
-43
78
221
304
311
282
285
414
560
680
720
590
428
329
281
326
349
262
244
333
472
647
748
714
604
513
420
222
-16
-106
-71
11
159
209
85
-61
-178
-335
-454
-379
-215
-60
128
268
290
247
178
82
29
125
319
428
413
387
362
285
183
137
105
38
70
189
201
87
-4
-27
-99
-226
-294
-296
-331
-434
-546
-593
-557
-516
-461
-353
-260
-242
-386
-553
-556
-517
-461
-369
-305
-140
123
272
266
167
42
-61
-120
-69
53
41
-129
-224
-142
61
220
255
254
157
-16
-91
-165
-291
-328
-268
-139
-27
-75
-216
-266
-251
-304
-401
-404
-207
32
160
330
536
578
466
369
359
419
554
661
678
702
738
769
775
701
606
488
394
379
372
430
483
425
340
200
-42
-348
-588
-669
-721
-824
-877
-832
-790
-749
-698
-804
-1005
-1042
-992
-1040
-1011
-771
-588
-536
-376
-216
-217
-297
-418
-507
-538
-541
-428
-255
-123
29
196
295
295
275
227
48
-140
-195
-225
-214
-70
-23
-95
4
113
39
13
76
105
194
350
395
395
507
602
633
717
783
737
631
539
492
498
508
459
405
422
457
438
378
357
435
569
656
658
603
472
326
231
122
42
42
45
38
68
119
134
73
-32
-125
-202
-252
-314
-438
-470
-307
-175
-213
-272
-362
-523
-588
-604
-598
-464
-315
-171
-2
40
-95
-242
-309
-353
-422
-502
-468
-364
-359
-417
-490
-544
-533
-475
-447
-510
-541
-523
-539
-494
-342
-117
155
410
539
467
323
261
195
45
-99
-254
-431
-452
-278
-110
-59
-46
-51
-138
-230
-288
-410
-434
-281
-141
33
206
188
106
100
28
-84
-97
-182
-375
-428
-372
-330
-161
98
275
383
386
305
255
253
266
295
394
572
796
917
780
512
329
261
237
252
323
337
262
213
178
86
-38
-124
-260
-415
-384
-228
-73
81
211
265
258
274
281
181
48
17
51
45
26
55
110
179
218
129
-14
-53
-67
-142
-172
-84
45
98
45
-90
-259
-386
-396
-291
-177
-115
-121
-203
-302
-373
-420
-430
-365
-221
-112
-51
101
337
425
255
39
-109
-248
-289
-161
33
235
442
610
751
820
666
460
466
520
432
327
259
164
98
54
24
78
42
-113
-138
-67
-93
-214
-253
-134
65
173
24
-219
-327
-434
-724
-1011
-1056
-926
-735
-545
-345
-129
-52
-238
-471
-496
-470
-430
-252
-73
38
124
197
289
380
390
378
499
648
665
696
740
651
582
637
660
579
484
411
398
443
469
499
510
413
255
75
-140
-258
-198
-80
8
34
-7
-100
-205
-300
-307
-185
-113
-152
-192
-234
-268
-278
-296
-248
-71
91
103
33
-36
-44
-19
-40
-29
22
-21
-165
-207
-144
-142
-125
-118
-185
-216
-199
-116
-51
-153
-266
-253
-194
-116
-19
62
79
0
-95
-64
86
202
289
377
413
410
315
160
82
103
158
178
177
151
42
-121
-241
-316
-351
-223
58
303
374
294
149
-66
-292
-445
-506
-483
-393
-227
-63
30
116
245
295
170
17
8
137
239
266
309
361
399
435
438
407
395
384
389
492
633
660
565
415
209
47
53
160
235
294
400
398
175
-99
-240
-245
-246
-298
-240
20
254
215
-45
-284
-448
-591
-582
-432
-283
-131
-72
-117
-116
-77
-71
-211
-453
-539
-418
-210
-1
160
256
298
402
596
727
771
858
970
1048
1027
859
694
586
521
516
561
709
827
761
547
338
293
323
351
484
703
886
955
857
671
581
566
456
257
114
40
-57
-178
-311
-336
-170
-83
-200
-336
-351
-259
-188
-213
-235
-173
-144
-183
-182
-141
-88
-112
-252
-380
-474
-577
-652
-617
-473
-344
-267
-169
-48
13
-18
-18
44
100
204
328
354
267
130
5
-83
-153
-284
-421
-487
-544
-513
-325
-171
-150
-92
86
284
412
471
577
680
622
565
632
648
568
521
488
434
466
556
652
844
1021
1001
936
931
818
586
354
203
158
142
136
167
197
172
56
-126
-262
-294
-250
-183
-194
-262
-313
-422
-570
-669
-769
-839
-799
-718
-689
-686
-663
-658
-631
-553
-557
-567
-443
-320
-233
-124
-77
-114
-148
-144
-97
-3
69
141
299
428
508
634
684
593
469
330
200
205
347
463
562
745
864
801
696
621
543
480
374
216
134
111
74
75
86
-45
-269
-403
-507
-643
-672
-566
-434
-346
-344
-454
-625
-727
-773
-867
-962
-985
-930
-819
-719
-679
-694
-686
-640
-604
-549
-487
-423
-288
-117
34
201
322
316
276
241
155
63
45
82
146
217
196
146
171
153
64
25
46
80
100
60
-4
5
38
92
200
242
171
70
11
6
18
16
9
9
-30
-75
-26
32
12
39
164
241
218
197
182
155
138
71
-61
-158
-173
-174
-158
-58
47
70
32
-50
-82
-18
-2
-51
-44
-63
-159
-140
-40
-44
-103
-139
-146
-190
-305
-365
-338
-339
-407
-461
-443
-441
-526
-589
-551
-508
-521
-506
-421
-351
-309
-233
-156
-107
-55
-45
-51
-27
-24
-23
-44
-121
-150
-127
-168
-264
-295
-238
-179
-111
19
173
300
357
404
469
437
262
21
-119
-73
33
57
38
80
112
97
110
131
161
185
206
289
397
455
442
397
308
118
-121
-304
-415
-479
-492
-501
-491
-442
-445
-504
-556
-541
-471
-443
-454
-451
-514
-616
-623
-595
-595
-564
-449
-304
-138
73
139
26
-50
-21
59
152
224
280
399
481
418
366
357
284
157
79
74
44
17
9
-93
-242
-303
-304
-348
-397
-332
-229
-148
-8
102
164
235
234
196
203
176
85
91
193
225
238
212
53
-131
-248
-275
-244
-244
-258
-222
-192
-238
-297
-341
-388
-365
-331
-433
-635
-802
-891
-945
-912
-714
-460
-340
-370
-452
-540
-607
-643
-623
-501
-328
-246
-261
-205
-37
135
251
332
370
377
408
455
528
604
605
533
416
302
183
44
-6
26
64
88
50
-13
-19
-1
26
106
223
324
352
308
308
401
454
445
464
415
310
330
367
298
242
236
218
132
2
-69
-17
89
96
17
-64
-177
-351
-539
-656
-680
-655
-568
-403
-274
-263
-322
-451
-628
-743
-747
-684
-603
-494
-340
-179
-74
-57
-103
-135
-152
-194
-157
18
216
343
447
598
725
783
861
956
990
941
893
925
912
795
714
619
394
131
-54
-102
-40
-9
5
91
151
164
229
278
202
73
27
44
38
45
83
54
-86
-258
-313
-229
-166
-195
-275
-378
-442
-491
-546
-516
-405
-283
-234
-288
-359
-374
-323
-268
-296
-380
-470
-620
-782
-794
-680
-582
-544
-544
-507
-388
-227
-75
2
16
45
65
69
101
116
98
121
222
322
352
375
447
548
592
555
536
591
680
707
630
495
386
343
283
179
101
29
-68
-155
-160
-92
-50
-55
-89
-174
-259
-281
-251
-206
-164
-116
-84
-76
-95
-166
-241
-253
-181
-46
90
198
258
230
119
-51
-224
-301
-311
-345
-338
-275
-269
-326
-391
-441
-444
-443
-441
-329
-163
-112
-106
-20
104
199
202
134
167
345
504
590
688
756
789
824
797
722
645
564
498
459
346
154
49
63
133
165
90
8
10
55
91
135
181
197
181
155
138
144
158
112
23
-83
-231
-329
-327
-307
-303
-315
-332
-332
-358
-392
-359
-285
-205
-104
-3
26
-25
-103
-182
-218
-169
-91
-65
-42
51
111
39
-100
-206
-206
-84
110
292
452
601
628
495
285
65
-109
-189
-140
3
143
262
385
451
418
306
157
109
183
288
351
341
280
116
-97
-163
-136
-160
-209
-238
-243
-262
-321
-391
-355
-190
-46
-32
-129
-208
-219
-239
-247
-178
-67
-22
-15
4
-55
-175
-241
-229
-188
-127
-60
-65
-79
29
213
322
381
532
723
880
1001
1017
938
896
877
750
566
479
528
600
591
514
420
334
276
281
320
289
210
176
138
66
-3
-58
-108
-192
-300
-330
-263
-218
-266
-409
-581
-687
-735
-782
-815
-787
-720
-672
-617
-535
-478
-469
-469
-430
-367
-323
-284
-212
-106
20
145
243
291
251
133
57
83
110
72
50
139
310
482
641
742
750
717
667
624
631
652
616
524
419
322
214
125
117
134
46
-139
-243
-228
-263
-355
-391
-365
-333
-351
-427
-510
-535
-500
-452
-373
-280
-274
-337
-357
-327
-275
-191
-83
13
44
4
-21
-8
-10
-12
20
54
58
36
-3
-67
-173
-235
-200
-202
-246
-226
-212
-257
-242
-68
185
395
507
525
506
432
302
179
59
-49
-110
-95
9
63
-21
-100
-85
-67
-108
-192
-328
-423
-382
-320
-324
-326
-330
-404
-496
-553
-571
-509
-392
-256
-98
24
76
103
77
-7
-17
125
311
385
388
373
245
80
18
26
64
138
237
327
371
372
354
358
380
386
403
415
371
340
350
317
213
36
-116
-139
-126
-144
-174
-207
-232
-257
-259
-197
-113
-96
-150
-189
-212
-287
-413
-564
-701
-761
-724
-622
-499
-370
-238
-140
-132
-183
-198
-135
33
286
513
623
629
583
501
374
210
66
16
60
80
-37
-232
-310
-227
-136
-81
-30
-4
-25
-81
-120
-130
-125
-128
-170
-217
-245
-258
-249
-179
-26
132
216
236
245
294
368
440
476
430
392
435
480
460
442
477
478
403
310
231
155
62
-23
-78
-131
-196
-260
-258
-195
-174
-191
-175
-176
-284
-426
-494
-551
-664
-749
-730
-692
-681
-597
-432
-231
-42
11
-52
-89
-103
-99
-16
119
259
357
383
367
304
199
146
145
105
56
73
162
230
223
223
301
424
529
646
820
1005
1075
1007
931
916
896
773
599
503
480
462
402
353
388
463
535
581
568
500
389
256
174
122
28
-48
-26
42
76
71
7
-80
-126
-158
-189
-193
-197
-188
-182
-238
-342
-446
-475
-405
-347
-368
-422
-497
-612
-690
-686
-684
-717
-717
-656
-557
-457
-392
-341
-286
-233
-167
-72
32
101
101
83
107
128
159
277
412
447
395
295
207
210
259
314
413
500
522
496
421
305
181
87
37
20
43
88
93
52
-5
-48
-43
-46
-109
-138
-60
39
90
114
114
109
145
150
47
-62
-81
-26
37
70
103
88
-23
-147
-158
-27
137
217
164
77
70
50
8
44
104
134
203
350
507
581
536
395
237
79
-108
-286
-357
-269
-117
-6
53
121
211
261
269
232
171
127
66
-6
40
211
348
408
420
404
408
433
453
426
317
206
195
264
324
359
389
337
153
-71
-200
-166
-74
-83
-168
-246
-306
-357
-424
-464
-419
-353
-341
-349
-382
-522
-725
-859
-880
-795
-666
-601
-571
-502
-441
-424
-417
-426
-427
-355
-242
-130
-5
155
331
435
431
364
264
146
27
-23
22
48
-7
-61
-43
16
61
63
48
48
36
27
49
25
-44
-31
82
170
144
59
7
4
16
-4
-34
-68
-143
-196
-156
-64
-6
-3
-1
70
202
261
205
153
153
153
124
56
-17
-4
90
150
148
103
-22
-189
-320
-403
-410
-342
-280
-277
-309
-344
-393
-491
-617
-659
-582
-510
-488
-448
-415
-404
-378
-384
-425
-434
-398
-300
-138
19
119
133
72
12
-38
-143
-257
-279
-214
-135
-65
1
26
27
76
171
277
352
349
299
254
210
194
206
166
86
19
-29
-67
-107
-110
-63
21
87
61
-3
-49
-106
-159
-164
-124
-48
30
55
67
106
133
120
15
-149
-251
-273
-249
-163
-62
-50
-81
-76
-84
-134
-177
-175
-92
52
130
141
153
63
-129
-278
-360
-444
-510
-470
-357
-272
-224
-214
-230
-243
-236
-161
-47
41
151
292
354
293
239
262
271
250
217
171
132
82
39
74
169
224
241
241
219
192
97
-74
-234
-335
-387
-411
-436
-445
-387
-312
-314
-362
-364
-339
-290
-148
24
126
157
140
107
106
159
205
173
88
59
122
193
214
167
104
91
107
116
129
171
213
239
242
201
132
15
-128
-156
-40
69
100
93
74
19
-88
-226
-380
-517
-552
-437
-266
-175
-154
-104
-35
7
36
19
-86
-206
-263
-265
-224
-182
-180
-186
-173
-169
-187
-236
-297
-276
-168
-108
-122
-161
-194
-177
-145
-143
-146
-134
-88
5
108
201
247
215
168
154
155
157
180
203
224
273
267
177
80
28
52
87
68
95
225
346
426
503
532
501
431
337
285
304
345
359
360
359
301
185
116
154
243
288
300
326
317
221
57
-114
-231
-263
-252
-244
-204
-86
106
256
272
215
176
200
256
270
241
206
166
114
64
29
8
9
28
41
55
68
63
52
6
-80
-149
-194
-221
-246
-279
-287
-274
-317
-436
-511
-469
-371
-219
-31
66
40
-19
-62
-95
-121
-92
-21
13
46
105
112
50
-3
-25
-41
-44
