49
43
30
27
39
43
45
49
46
39
32
27
24
24
25
29
27
19
17
16
4
-8
-4
3
11
16
13
10
15
29
33
21
13
7
2
-3
0
16
29
22
9
12
14
3
-4
-12
-19
-11
-2
2
5
9
9
7
11
7
3
2
-1
4
10
6
-3
-14
-17
-19
-14
-2
7
14
17
14
2
-10
-7
6
9
0
-9
-10
-4
9
11
8
7
-1
-8
-6
-2
-3
-8
-15
-19
-12
-2
5
7
3
4
0
-12
-18
-20
-22
-27
-21
-6
11
17
17
20
22
24
24
23
12
6
17
22
15
12
19
28
23
17
16
15
21
26
23
23
23
19
23
25
19
13
7
2
3
13
26
32
33
34
34
23
5
5
10
3
-4
-6
-8
-5
-1
1
3
4
4
-5
-11
-10
-9
-6
-5
-9
-19
-26
-32
-41
-37
-23
-23
-32
-37
-39
-42
-45
-41
-43
-51
-64
-76
-76
-70
-65
-64
-68
-77
-86
-97
-100
-94
-97
-102
-98
-102
-115
-122
-130
-142
-148
-149
-143
-140
-146
-150
-150
-164
-172
-165
-172
-184
-178
-174
-185
-188
-186
-187
-187
-188
-192
-197
-198
-193
-186
-186
-197
-207
-213
-218
-220
-219
-214
-209
-213
-215
-215
-216
-213
-211
-218
-222
-222
-232
-233
-226
-227
-225
-223
-224
-229
-226
-217
-222
-226
-217
-213
-217
-210
-210
-223
-226
-221
-214
-200
-195
-196
-199
-205
-209
-213
-217
-209
-202
-201
-202
-201
-196
-198
-209
-219
-215
-204
-202
-206
-203
-205
-212
-214
-207
-203
-205
-214
-231
-241
-239
-230
-213
-212
-225
-232
-226
-211
-197
-196
-204
-204
-205
-203
-198
-204
-207
-205
-206
-205
-198
-194
-203
-203
-200
-202
-195
-185
-190
-199
-196
-190
-181
-176
-181
-179
-173
-179
-181
-174
-174
-174
-173
-177
-176
-174
-178
-184
-187
-178
-164
-158
-152
-150
-162
-174
-175
-167
-157
-145
-139
-145
-144
-133
-126
-125
-123
-121
-126
-122
-104
-88
-81
-80
-82
-82
-77
-74
-73
-70
-77
-67
-49
-48
-53
-54
-51
-46
-34
-32
-37
-37
-39
-38
-24
-4
6
8
-1
-10
-6
-12
-25
-20
-9
-9
-11
-10
-11
-11
-9
-2
8
14
25
42
46
31
15
15
22
18
20
29
29
29
26
17
15
19
17
11
9
15
21
27
33
31
32
38
37
37
49
59
60
51
44
43
43
55
63
56
56
70
80
84
90
94
99
100
97
94
93
98
103
116
129
124
119
125
133
139
145
141
133
138
135
123
121
118
107
104
113
122
128
128
126
129
132
127
124
135
142
137
131
127
124
127
128
125
126
132
132
126
118
114
111
114
126
133
137
133
123
119
118
119
125
134
130
123
116
101
83
83
92
91
94
100
97
86
73
70
73
78
80
74
67
65
72
74
71
67
64
66
63
57
58
63
67
71
73
81
91
84
69
64
63
62
62
61
59
63
68
65
70
76
74
82
87
80
81
89
92
87
88
94
91
92
94
86
83
87
89
92
93
85
76
80
85
86
83
74
73
81
92
100
98
93
92
91
88
86
87
92
101
105
103
101
97
92
92
89
91
101
107
105
103
104
103
108
117
116
115
113
106
102
109
115
118
121
119
121
120
113
111
111
112
113
112
110
108
108
106
108
102
94
99
101
100
100
102
101
103
114
114
101
99
98
89
84
80
86
101
102
102
109
106
100
95
85
79
83
86
86
90
90
82
72
68
68
66
64
60
61
70
69
69
75
72
70
71
67
54
42
38
42
43
47
43
38
47
44
35
43
46
34
27
26
17
15
30
34
25
24
29
28
29
30
28
29
33
41
43
38
34
32
38
39
33
35
40
41
47
49
40
40
47
49
37
21
17
23
27
34
51
63
62
60
64
63
53
50
50
49
58
71
73
66
65
66
59
57
61
62
68
78
76
68
60
49
38
28
25
28
34
38
40
45
44
34
34
36
24
17
18
17
11
5
3
5
5
3
6
16
20
20
23
21
16
14
18
25
23
19
16
12
9
10
6
1
2
5
5
-2
-10
-13
-9
3
7
-3
-8
0
5
4
3
3
0
-1
8
15
12
5
0
-1
-5
-15
-13
-10
-22
-26
-24
-28
-23
-12
-10
-12
-7
-9
-20
-28
-28
-22
-18
-12
-5
-6
-18
-32
-35
-23
-18
-17
-6
-5
-13
-14
-13
-17
-16
-6
4
15
20
15
4
-6
-2
8
6
-5
-10
-7
0
3
-1
-7
-10
-8
-3
8
10
2
1
0
4
9
2
-4
-1
5
3
-3
-6
-17
-27
-30
-27
-14
-2
-5
-8
-3
-8
-21
-21
-9
-7
-13
-27
-34
-31
-37
-41
-37
-32
-19
-12
-11
-2
1
-4
-1
-3
-7
-11
-20
-32
-32
-20
-10
-9
-15
-12
-9
-18
-9
10
7
-3
-3
-8
-21
-30
-30
-26
-27
-37
-44
-40
-37
-37
-39
-44
-44
-45
-47
-48
-51
-50
-47
-44
-43
-48
-53
-56
-63
-65
-55
-57
-59
-45
-41
-49
-53
-57
-58
-55
-54
-51
-50
-53
-51
-52
-50
-46
-55
-75
-80
-67
-55
-58
-62
-56
-52
-48
-46
-41
-34
-34
-31
-22
-23
-32
-38
-42
-39
-21
-7
-9
-12
-8
-8
-10
-6
5
13
14
7
-4
-6
2
13
22
21
16
7
-3
-3
4
10
8
4
1
-9
-19
-15
-11
-13
-13
-16
-19
-17
-14
-11
-4
-3
-12
-21
-16
-6
-5
-4
-4
-11
-13
-8
-2
0
-6
-8
-4
-2
-3
-2
-5
-21
-36
-42
-44
-43
-38
-27
-24
-24
-21
-26
-35
-39
-43
-41
-25
-10
-9
-16
-23
-25
-23
-26
-30
-26
-24
-29
-29
-29
-36
-38
-31
-29
-27
-23
-20
-25
-33
-30
-28
-33
-27
-19
-29
-36
-27
-24
-20
-14
-24
-35
-32
-30
-43
-52
-52
-49
-45
-50
-57
-56
-52
-50
-53
-55
-48
-47
-48
-48
-48
-45
-44
-52
-57
-58
-60
-56
-60
-61
-56
-57
-62
-69
-65
-59
-50
-36
-30
-30
-34
-31
-22
-19
-25
-37
-42
-35
-30
-30
-22
-15
-17
-21
-26
-26
-27
-26
-21
-22
-25
-17
-3
-7
-13
-9
-8
-5
-2
1
10
18
32
44
46
48
49
48
45
45
46
41
42
49
48
44
43
48
54
67
84
84
80
83
82
79
75
71
70
66
65
64
63
69
74
69
67
75
80
82
90
91
82
79
80
82
88
88
79
76
68
55
53
60
60
61
66
70
73
73
71
66
58
64
72
70
75
76
74
82
83
79
87
97
92
78
71
70
68
66
56
51
59
67
68
68
76
84
84
78
72
75
74
71
73
79
87
89
85
73
58
48
47
54
60
68
75
75
71
62
53
55
65
64
59
68
69
56
52
52
51
53
46
41
48
53
54
53
48
44
43
41
35
40
45
45
52
60
56
50
51
48
42
36
28
27
24
20
21
22
23
24
27
27
21
15
15
18
26
28
25
27
21
8
7
9
7
6
4
-1
-1
7
11
1
-9
-7
-6
-14
-17
-16
-16
-13
-13
-13
-12
-13
-14
-18
-20
-9
10
17
11
12
11
5
0
-5
-4
-7
-22
-31
-36
-42
-42
-45
-56
-56
-53
-58
-54
-48
-49
-46
-43
-49
-57
-48
-39
-43
-45
-58
-75
-78
-76
-88
-100
-97
-89
-89
-97
-109
-116
-114
-109
-109
-113
-114
-116
-113
-112
-124
-133
-130
-125
-120
-117
-128
-140
-136
-136
-143
-144
-141
-136
-134
-126
-119
-124
-129
-127
-118
-117
-114
-105
-101
-106
-108
-110
-112
-112
-113
-117
-118
-110
-105
-97
-83
-84
-93
-91
-89
-83
-69
-63
-59
-55
-60
-59
-47
-39
-45
-51
-46
-46
-49
-48
-43
-39
-41
-48
-58
-63
-62
-55
-44
-39
-35
-36
-51
-55
-43
-38
-44
-38
-31
-37
-31
-19
-25
-37
-38
-32
-19
-13
-20
-21
-22
-32
-26
-8
-12
-29
-49
-60
-58
-53
-47
-46
-51
-50
-49
-53
-53
-44
-38
-46
-58
-64
-67
-66
-62
-62
-63
-65
-74
-76
-73
-82
-87
-87
-99
-99
-89
-101
-115
-107
-105
-105
-92
-81
-81
-85
-88
-86
-84
-82
-81
-87
-95
-95
-93
-92
-92
-96
-97
-92
-94
-106
-110
-108
-111
-102
-94
-101
-108
-105
-91
-86
-92
-97
-98
-93
-90
-80
-62
-60
-67
-66
-61
-62
-68
-75
-71
-62
-59
-55
-58
-70
-74
-71
-64
-62
-61
-56
-54
-51
-47
-45
-46
-53
-54
-52
-47
-40
-42
-42
-41
-47
-53
-54
-59
-65
-64
-65
-62
-49
-49
-53
-44
-39
-55
-62
-56
-53
-49
-46
-44
-38
-38
-36
-28
-31
-41
-45
-45
-47
-51
-54
-42
-31
-34
-37
-35
-30
-23
-18
-26
-37
-35
-32
-29
-29
-33
-33
-29
-26
-22
-23
-28
-28
-18
-7
-12
-30
-39
-33
-31
-33
-27
-22
-27
-36
-35
-28
-23
-15
-12
-18
-25
-25
-25
-28
-19
-12
-17
-15
-7
-9
-14
-6
3
3
3
8
23
30
29
26
23
25
25
27
34
39
26
10
16
23
28
39
39
30
27
32
33
32
27
18
13
15
18
18
21
23
17
21
35
43
50
54
49
45
45
41
33
36
44
47
46
50
55
53
58
69
71
69
75
81
91
105
106
96
93
101
100
94
96
90
80
77
79
82
80
75
75
74
68
72
79
81
81
83
87
87
90
91
89
89
89
88
92
97
91
77
66
63
68
71
72
74
72
69
69
68
72
77
73
71
79
82
75
69
81
91
86
88
88
82
85
92
97
104
106
90
76
76
77
76
83
88
81
75
85
86
73
66
70
70
61
57
66
72
71
73
82
80
64
61
70
73
76
79
75
74
87
93
92
93
88
82
77
78
82
83
75
68
62
55
54
57
63
70
71
73
77
73
63
59
56
52
58
63
59
54
48
38
37
46
47
39
32
26
20
16
22
27
21
15
11
8
8
7
12
19
11
1
6
15
18
18
13
12
13
14
18
15
12
17
21
20
24
24
17
15
7
10
29
31
18
8
10
19
23
22
18
16
13
4
7
19
24
24
17
9
5
10
23
19
11
13
17
18
24
39
38
28
27
24
21
20
17
11
3
-1
0
2
-1
-7
-13
-13
-8
-10
-13
-7
-1
-3
-3
2
8
8
-8
-17
-8
-4
-12
-18
-17
-13
-10
-8
-5
-7
-27
-40
-34
-25
-19
-19
-17
-13
-16
-16
-13
-14
-6
9
7
0
8
8
0
0
8
13
1
-16
-13
-1
2
4
2
-2
-1
-11
-23
-24
-20
-19
-14
-4
-2
-3
-3
-6
-4
-6
-2
4
0
6
20
12
-7
-14
-14
-10
-5
-4
-3
-1
-10
-24
-27
-21
-10
2
1
0
7
15
20
25
26
22
10
2
8
10
2
6
19
18
16
26
32
32
44
58
54
46
44
47
46
49
47
41
43
40
37
45
53
53
49
45
42
49
65
64
49
45
53
62
62
56
52
49
43
47
53
45
40
48
44
27
24
35
41
45
47
50
52
52
52
47
39
44
51
48
35
29
40
47
44
40
40
27
10
10
14
13
22
32
27
20
22
26
31
34
30
30
32
26
20
11
6
9
5
-8
-8
7
12
12
11
-3
-7
-2
0
-6
-7
1
-3
-8
1
1
-19
-32
-30
-21
-12
-10
-11
-13
-19
-25
-20
-7
-2
-3
-10
-24
-28
-19
-11
-6
0
5
-1
-10
-4
5
12
24
24
17
12
4
3
11
23
34
31
24
24
23
20
21
18
12
12
18
23
17
9
7
4
3
12
14
2
-6
-11
-13
-2
4
-1
2
3
-3
-6
-6
-8
-10
-4
6
9
1
-3
3
5
10
16
6
-2
-2
7
23
28
18
10
4
-1
-2
-8
-11
-6
2
7
-1
-9
-13
-17
-30
-40
-34
-29
-28
-24
-11
-5
-22
-30
-29
-39
-39
-31
-36
-43
-34
-41
-53
-43
-39
-47
-48
-43
-43
-51
-52
-47
-48
-55
-56
-49
-45
-46
-40
-35
-32
-30
-30
-25
-20
-11
-7
-7
-3
-9
-18
-23
-14
1
3
2
8
6
-8
-21
-24
-22
-12
9
17
13
14
16
11
3
3
8
14
19
22
30
37
38
39
42
39
34
41
54
63
63
61
62
64
62
59
58
53
46
46
54
60
68
78
79
70
66
75
80
77
75
71
65
65
70
79
95
104
99
89
83
78
67
67
81
90
91
91
86
78
76
83
91
86
79
90
103
105
99
94
91
81
73
72
68
70
80
88
89
85
79
68
64
63
56
55
54
50
45
35
37
49
51
45
39
39
41
42
40
42
46
42
38
42
44
41
34
31
29
14
3
6
8
14
19
10
-1
0
-2
-11
-11
-10
-18
-25
-32
-41
-50
-52
-47
-46
-42
-38
-35
-34
-37
-35
-36
-44
-47
-40
-32
-36
-39
-37
-45
-53
-44
-38
-42
-45
-41
-39
-37
-34
-34
-39
-46
-39
-26
-21
-17
-18
-24
-31
-32
-25
-22
-26
-26
-22
-22
-22
-22
-24
-25
-25
-25
-23
-17
-16
-25
-29
-27
-23
-14
-11
-16
-15
-17
-23
-17
-2
2
-8
-14
-16
-17
-17
-24
-30
-35
-39
-35
-39
-42
-45
-50
-44
-40
-46
-49
-43
-34
-33
-42
-52
-59
-58
-58
-63
-62
-61
-59
-52
-52
-58
-56
-52
-54
-51
-53
-58
-52
-53
-64
-67
-61
-58
-62
-57
-52
-60
-62
-61
-64
-63
-62
-60
-49
-46
-58
-61
-53
-59
-73
-80
-84
-76
-69
-71
-69
-69
-73
-79
-84
-91
-89
-83
-85
-82
-75
-78
-88
-96
-95
-93
-97
-94
-80
-72
-76
-85
-85
-82
-82
-78
-73
-73
-80
-83
-76
-76
-74
-63
-56
-62
-67
-59
-53
-52
-52
-56
-50
-38
-41
-51
-47
-44
-46
-39
-33
-30
-23
-16
-19
-23
-22
-13
-4
-10
-25
-26
-20
-12
-5
-8
-13
-7
-2
-10
-16
-6
3
9
18
20
21
21
18
23
33
33
22
19
22
22
30
39
35
26
20
24
28
26
33
36
35
41
42
38
41
40
35
38
44
40
35
40
44
38
37
41
35
27
22
22
25
20
16
25
34
33
30
28
27
23
27
32
33
35
29
26
33
31
23
23
23
18
17
16
13
13
14
7
-4
2
14
17
18
16
8
-3
-9
-19
-30
-25
-15
-5
2
-1
-7
-12
-27
-31
-13
-12
-23
-32
-36
-35
-33
-32
-38
-41
-43
-48
-50
-53
-54
-50
-49
-48
-56
-61
-61
-75
-88
-89
-85
-84
-92
-96
-91
-78
-69
-67
-69
-70
-68
-71
-72
-74
-82
-85
-79
-70
-66
-66
-74
-85
-81
-79
-79
-73
-68
-69
-78
-76
-60
-57
-58
-52
-52
-61
-66
-55
-41
-32
-28
-27
-24
-25
-20
-13
-18
-22
-9
9
12
17
26
18
8
6
2
0
4
13
13
3
0
0
-3
-6
-8
-6
-5
-9
-14
-22
-26
-10
4
-2
-8
-7
-12
-19
-16
-2
1
-2
8
20
17
3
-6
-19
-33
-30
-23
-23
-25
-27
-35
-42
-39
-31
-33
-43
-48
-53
-55
-49
-43
-41
-40
-40
-41
-45
-43
-30
-27
-36
-37
-38
-44
-48
-46
-45
-53
-56
-46
-39
-38
-36
-41
-55
-67
-61
-45
-37
-31
-33
-41
-41
-34
-34
-38
-30
-22
-36
-48
-41
-30
-33
-29
-16
-14
-23
-29
-32
-37
-41
-34
-28
-28
-18
-4
-16
-24
-11
5
19
28
34
34
28
25
28
36
46
54
62
67
63
51
46
42
35
41
45
51
70
79
68
64
77
82
80
83
85
85
87
89
90
88
86
87
90
95
100
109
118
113
103
107
112
107
111
122
123
116
103
94
88
83
88
97
100
102
103
99
94
95
99
99
95
85
76
77
78
76
72
70
76
80
72
68
74
70
79
98
100
94
97
96
90
93
85
70
66
63
68
74
62
49
49
59
66
67
65
55
56
54
40
39
50
61
61
56
53
56
58
55
60
67
77
86
82
68
58
53
51
59
63
61
61
55
53
58
58
51
48
50
49
49
53
50
45
42
37
35
42
48
52
49
42
38
38
54
64
57
55
64
68
62
48
36
35
38
36
29
29
28
17
10
13
8
5
11
11
4
5
13
18
17
16
9
-7
-17
-12
-2
8
11
5
-8
-18
-19
-18
-16
-11
-9
-10
0
7
1
-5
-1
4
-10
-21
-14
-11
-12
-1
1
-10
-13
-17
-20
-25
-26
-12
-10
-18
-19
-18
-22
-23
-21
-26
-26
-22
-24
-36
-51
-47
-26
-19
-18
-16
-29
-31
-19
-20
-30
-27
-21
-32
-37
-30
-26
-31
-50
-63
-50
-39
-52
-61
-55
-47
-43
-41
-43
-54
-63
-67
-58
-42
-36
-37
-39
-40
-44
-46
-44
-39
-32
-39
-54
-54
-46
-40
-39
-47
-55
-49
-39
-32
-29
-34
-48
-62
-60
-49
-42
-36
-34
-39
-44
-54
-62
-55
-47
-41
-38
-35
-31
-23
-17
-27
-38
-47
-58
-60
-55
-50
-46
-38
-27
-32
-47
-46
-41
-46
-45
-39
-37
-37
-36
-35
-34
-33
-32
-36
-36
-16
-16
-92
-123
34
105
-146
-391
-220
182
192
-134
-181
-15
-55
-265
-292
-3
255
284
386
591
698
553
58
-327
-317
-264
-219
26
354
466
233
-237
-722
-1068
-1149
-927
-541
-166
14
63
93
-17
-181
-137
-11
2
4
-19
26
252
378
338
270
195
128
123
171
156
306
720
702
204
89
234
99
-72
177
733
746
179
-137
-280
-537
-596
-432
-296
-389
-640
-643
-295
7
-51
-507
-1332
-1917
-1669
-1066
-194
1293
2621
2828
1571
-763
-2959
-3973
-3485
-1808
13
1026
1504
1751
1419
788
585
969
1494
1739
1813
1442
244
-898
-1601
-1977
-1278
-60
403
369
465
627
217
-788
-1167
-825
-605
-183
441
578
481
373
-151
-611
-555
-321
87
205
-117
-185
-362
-730
-690
-385
18
340
555
506
-150
-205
587
237
-370
823
2134
2369
2448
2144
1656
1740
1608
1233
1266
622
105
979
809
-332
-240
-150
-369
-659
-1459
-756
-217
-1983
-2551
-2366
-3059
-2105
-355
100
-271
-283
581
570
689
1481
-751
-1213
1418
-2684
-5721
-200
-24
-2898
660
1994
-737
-1798
-882
2075
5403
7936
10302
9656
7091
6488
5080
1098
-1439
-1469
-2258
-3815
-5768
-6603
-5880
-7556
-8547
-8047
-9380
-9288
-9427
-11949
-12279
-10256
-8641
-6504
-3664
-576
2839
3901
5202
7552
6169
6127
9031
9442
9282
9725
9282
8565
8069
7552
7098
7726
9031
9388
8336
6289
3611
1387
810
561
-926
-1953
-2162
-3476
-5236
-6756
-8487
-10099
-10264
-9377
-9760
-9961
-8404
-7439
-7350
-6366
-5947
-6667
-5875
-4411
-4011
-4038
-3842
-2118
-166
-216
-723
233
1738
2146
2282
3238
4285
4680
3703
2982
3630
3024
2554
3855
4977
6100
7099
6722
4955
3466
2965
2912
3657
4294
4936
5758
5298
4722
4224
3312
3046
2938
2986
3528
4099
3924
2771
1723
974
1071
1722
2060
3081
3535
2855
2423
1698
243
-1222
-1771
-1690
-1528
-1344
-2101
-3012
-2840
-3047
-3733
-3740
-3407
-3319
-2631
-1275
-663
-514
-2106
-5193
-6656
-7323
-6556
-4266
-2885
-601
2481
2011
-2708
-7097
-8351
-8054
-7006
-5250
-2953
-195
64
-2594
-5112
-5645
-4646
-3637
-2274
-1142
-1556
-2512
-2780
-2890
-2549
-1405
-695
-451
700
1883
2106
2629
2511
1825
2570
4171
5277
5700
6482
7183
7233
8140
9006
8336
6978
5063
2199
-494
-1272
-770
-379
608
1761
1429
847
911
528
994
1200
211
630
710
-480
-1346
-2250
-3230
-3335
-2692
-2480
-2138
-2911
-4164
-3400
-3577
-4760
-3973
-2592
-2104
-1801
-1724
-1816
-1625
-1107
-658
-388
825
2142
2025
1442
2289
3940
4203
3336
2416
1786
914
930
1492
1006
2042
2931
2116
1790
422
-1203
-236
1487
248
-1590
502
3246
2379
2222
4882
5218
4419
3185
1691
3055
2655
2611
4494
2617
4892
10125
5547
-1434
-1815
-1833
-2724
-2442
-3229
-1738
0
-1195
-484
-306
-1867
-2123
-2390
-4246
-7521
-7386
-5013
-6486
-8263
-6895
-5289
-5312
-5900
-6151
-6403
-7624
-8324
-7454
-6601
-5572
-3998
-1714
517
1592
2155
2610
2588
1873
1300
1888
2978
2538
1771
2428
2649
2645
2926
3061
3926
4025
3257
3191
2441
1397
645
-613
-322
797
496
893
1852
1506
558
-272
21
180
-618
686
1790
525
420
2172
4689
5946
5237
5175
4612
2869
3448
3154
1246
2246
2153
805
2677
3985
2894
2562
1144
-2678
-4372
-3918
-4939
-5771
-4609
-2440
-779
-1187
-1621
-458
-481
-1761
-1621
-1143
-1186
-653
-620
-333
972
1417
1340
692
-963
-1707
-1726
-2747
-3811
-3468
-2905
-2885
-2443
-2107
-1766
-688
-214
-132
477
856
1751
3012
2216
875
1463
2519
2898
2480
1832
1570
821
-765
-1959
-1945
-1778
-1816
-1351
-2109
-3603
-2891
-2678
-3519
-3055
-3206
-3027
-1502
-1137
-1140
-306
96
186
328
541
1771
3213
3194
2719
2738
2243
1035
500
943
797
1362
2461
1813
1678
1787
851
1268
2421
2076
1368
1969
2133
936
835
1795
1540
732
834
464
-555
-330
-55
-486
169
665
117
160
-233
-1394
-963
651
794
-665
-1753
-2578
-3267
-2319
-1264
-1320
-779
-495
-1481
-1820
-1155
-854
-646
-6
278
-103
-795
-1822
-3307
-4560
-3524
-1204
-1602
-3048
-2222
-1069
-882
129
1415
1127
713
506
-800
-1640
-979
-86
-461
-857
491
507
-1106
-1173
-1287
-2233
-1716
-650
-450
198
1124
1103
1128
1816
2202
2664
3164
2708
2332
2634
2624
2281
2084
1436
824
962
393
-151
786
1111
594
1314
1664
1348
2183
1866
572
1184
2000
1600
1715
1606
149
-1134
-2149
-3174
-3601
-3407
-3314
-3484
-3016
-2555
-2535
-1546
-247
-167
-186
473
558
150
-74
-997
-1384
-1853
-5110
-8017
-6869
-2342
2029
4224
6027
6763
3896
440
43
1427
3697
5116
4439
3475
1263
-1050
630
2644
338
-2105
-1662
-2398
-5006
-5388
-4109
-3663
-2629
-1545
-2292
-1889
-483
-501
1018
3936
4686
4754
5210
4163
3284
3877
4523
4727
4708
4915
4723
3920
2771
1347
1050
1269
1292
1581
1517
1218
338
-425
-398
-1081
-1892
-1163
-583
-1812
-2586
-2612
-3164
-3683
-4231
-4743
-4974
-4344
-3029
-2265
-2570
-3488
-4135
-4709
-5107
-4840
-4171
-3300
-2362
-1980
-2121
-2299
-2871
-2801
-1913
-1730
-1387
-367
182
753
2200
3179
2767
2497
3508
4208
3646
3813
4673
4546
3875
3284
2742
2192
1647
1455
1763
1980
1884
1872
2239
2941
2958
1808
848
1472
2230
1479
1127
1789
1872
2193
2409
856
-89
-405
-1749
-1926
-1130
-807
-920
-1250
-1506
-1988
-2189
-1593
-1009
-913
-1132
-1743
-2283
-2009
-1331
-822
-676
-1735
-3317
-3902
-4203
-4245
-3459
-2893
-2355
-1683
-1866
-1543
-696
-842
-463
461
761
1120
990
116
-172
294
752
1332
1421
244
-448
-590
-1877
-3202
-2664
-1572
-293
1638
1411
1321
2703
1679
665
2446
4013
3517
2968
2420
1860
1767
1025
1306
1917
892
28
-129
-463
-908
-1867
-2826
-2741
-1878
-676
-204
42
418
144
-50
-875
-2533
-2669
-825
449
-402
-863
680
1698
1963
2400
1388
5
475
991
-577
-1603
-360
872
1957
3015
3413
4147
4564
1589
-2231
-2488
-3392
-3254
-59
-274
1042
4340
832
-2514
-973
-1974
-3349
-1412
-355
292
1978
2259
3362
5027
3195
899
472
717
422
-276
-474
773
3176
1301
-620
2539
3551
1655
862
1938
2998
2091
1445
1980
978
-1102
-797
-992
-3174
-3170
-2516
-2608
-2484
-3161
-4663
-4878
-4005
-5647
-7706
-8007
-8464
-8662
-8789
-8575
-7216
-6455
-7063
-6399
-4390
-3971
-3737
-2053
-1042
-879
792
3210
4382
5146
5346
4308
4016
4316
3632
4849
7130
6775
7140
8923
8392
7491
7587
6543
5651
4924
3420
3437
4137
3965
4359
4884
4185
3649
3393
2777
3782
4450
2902
2005
1791
980
30
-270
-354
-762
-1231
-2724
-4336
-4094
-3485
-4140
-4240
-2919
-2454
-2383
-2113
-3545
-4662
-4603
-4848
-4687
-4035
-2982
-2025
-1614
-2083
-3459
-4540
-5056
-5780
-6491
-5530
-3410
-2662
-3046
-2543
-1936
-2293
-1996
-1102
-289
1238
1637
1287
2398
2557
1879
2238
2474
2241
2338
2775
2857
3045
3037
2725
3261
2994
2161
2637
3009
3584
4664
4932
5474
6189
5272
3930
3786
3281
2514
3011
3205
2317
1659
1519
1767
2138
1562
527
446
-111
-1634
-2112
-1823
-1921
-2108
-2126
-2120
-2179
-3000
-3791
-2959
-1498
-184
-375
-1945
-1581
-688
-930
-677
-333
-101
220
11
-1080
-1599
-944
-1165
-1422
-1051
-1576
-1945
-1390
-1894
-2562
-1237
-697
-1263
-1507
-2210
-1265
542
290
-871
-1411
-938
-241
61
207
165
661
929
98
226
1552
2757
3758
3806
2736
2049
1900
1332
957
816
1144
1991
1770
635
-823
-2018
-2611
-3147
-2917
-1719
-772
-264
172
507
746
1351
1914
1029
362
125
-535
-451
-1255
-2363
-1959
-1361
-1645
-2038
-1495
-1066
-1820
-2075
-489
500
499
559
-93
468
2323
2455
1437
513
-971
-1559
-1073
-1185
-1462
-3185
-5354
-4088
-1917
-1879
-2455
-2590
-2134
-1060
475
1296
1400
2636
4479
4300
2672
1827
1886
2701
2345
895
729
575
29
304
883
1275
1921
2459
1421
236
2100
4580
4652
4393
4008
3831
5004
5090
4149
3488
2267
638
-911
-1062
-285
-1004
-2114
-2050
-2395
-3260
-3094
-3439
-4556
-4408
-3768
-3719
-4042
-3926
-2831
-1948
-1335
-785
-1804
-2683
-1924
-2080
-3162
-3473
-2912
-2733
-4071
-4336
-2428
-891
-298
55
303
612
1169
1370
976
332
-46
460
739
212
410
1676
2899
3101
2290
1586
586
-481
324
1151
546
246
-156
-621
-149
663
943
467
97
-288
-1016
-1071
71
1279
1802
2751
3902
4529
4197
2761
1929
1861
1836
1569
1372
2313
2979
2748
2807
2858
2518
1863
723
-863
-1983
-1906
-1388
-595
344
92
-619
-1694
-3177
-3900
-5259
-6410
-5664
-5393
-7254
-7143
-3814
-2568
-2136
-1053
-2754
-4588
-3557
-3247
-3905
-1888
50
148
1240
2518
3592
5724
6927
5645
4122
3693
3005
2033
1968
2118
1659
1084
709
386
-250
-159
81
-421
-145
58
-616
-1072
-756
-429
-473
153
945
1336
1650
1365
634
209
-777
-2240
-1684
-171
149
802
1338
1050
668
-248
-658
-494
-500
9
298
-72
-180
-291
-358
-418
-1059
-624
75
-1614
-3217
-3100
-3082
-2912
-2529
-2417
-1418
-442
-758
-722
-726
-1903
-2453
-2007
-1172
133
1363
2299
2446
1170
-1096
-2530
-2267
-2122
-1993
-916
-723
-1537
-1401
-852
-1284
-1194
307
1693
2547
2768
2554
2805
3244
2985
2592
3286
3866
3775
4051
4180
3917
3267
2143
778
-266
-806
-1046
-1141
-1413
-1583
-1819
-822
745
567
716
1407
1522
2061
2240
1607
1314
1106
272
46
839
571
-841
-1991
-2915
-2909
-2342
-3015
-3629
-3113
-2836
-2423
-2067
-2890
-3498
-3115
-3200
-3454
-2825
-2804
-2876
-1893
-1504
-1615
-1429
-1358
-1041
873
2580
2551
2728
1842
938
2404
2909
2393
3791
4489
3117
2597
2401
1906
1838
1441
511
-281
68
141
-192
494
368
-588
-1102
-1599
-2036
-1214
661
796
-61
36
-116
-539
-414
302
833
1368
2055
1661
1032
421
-883
-1737
-1816
-2082
-2340
-900
1115
1243
570
-325
-1364
-1927
-2950
-3555
-2863
-1869
-520
473
219
-66
25
-744
-1204
-667
-707
-126
882
1212
2001
2496
2096
1530
1255
1409
1501
751
-668
-1358
-1072
-385
205
452
897
1503
2160
2939
3063
2453
2271
2415
2395
2607
2450
1737
616
-1354
-2165
-850
-352
-535
-119
-655
-656
692
676
-324
-136
410
445
856
185
-1702
-2299
-2511
-3328
-2879
-1612
-1826
-2908
-3283
-3118
-3190
-3497
-3399
-2854
-1570
-547
-805
-525
-110
-461
-159
163
-721
-1620
-1626
-2038
-2163
-790
-82
53
1439
2013
1112
1182
1498
1407
1682
1485
2036
3103
2479
2114
2255
1556
1964
2423
1353
1064
1414
1383
1037
165
168
1256
2419
2894
3077
4088
4318
3449
3259
2884
1831
1832
1752
790
998
-804
-3290
-1695
-1999
-3554
-805
1475
766
581
1408
866
172
146
-997
-1325
-754
-1077
-649
-120
-1175
-2387
-2326
-2432
-3970
-4349
-3661
-4292
-4710
-4740
-5026
-4011
-2843
-2356
-1015
-185
-1074
-1431
-774
-598
68
1561
2469
2646
2435
2244
1719
687
433
1085
1691
1570
1100
1781
3055
3817
4291
4164
3128
1266
-336
-647
-511
-870
-1390
-1353
-1389
-2924
-4605
-4574
-3973
-3365
-2017
-357
660
1159
1570
1695
1493
1172
1286
2237
2570
1794
2021
2420
1714
958
113
-376
-172
622
2128
2861
2495
3073
3721
2648
1867
1925
1665
1835
1616
197
-351
186
-50
-873
-1381
-1497
-1526
-2234
-3106
-2677
-1924
-2034
-1573
-592
23
405
58
-409
-813
-1819
-2857
-3084
-2430
-2366
-2708
-1888
-1623
-2697
-2819
-2079
-1586
-563
-286
-1598
-2175
-1976
-1020
641
1405
1725
1739
832
-132
-185
-557
-813
471
1606
2457
2831
1779
373
-906
-1936
-1661
-437
-218
-95
276
-476
-1005
-733
-6
533
657
1294
1772
2319
3000
2772
2142
1784
1843
2420
3238
3210
2536
2372
2666
2851
2831
2800
2066
759
-6
28
273
-333
-1271
-1285
-1057
-1382
-1782
-1687
-1057
-511
-320
-282
-1185
-2923
-3825
-3725
-2933
-1537
-642
-1007
-1692
-1713
-1476
-685
-258
-1032
-541
680
798
692
695
1271
1435
-332
-2095
-2850
-3676
-3987
-3965
-3682
-2358
-1894
-2195
-1723
-1585
-990
164
-495
-1361
-717
-876
-1543
-927
-319
92
967
1037
673
969
1347
1447
865
621
1114
1338
2661
3822
2627
1324
1898
2520
2196
3085
4081
3727
3344
3059
2871
3038
3071
2423
1664
816
-91
378
1134
1223
2089
1873
277
359
905
255
222
1421
1456
650
856
578
-317
-725
-1068
-1546
-1638
-1315
-970
-929
-1553
-1816
-1597
-1865
-1694
-1037
-1327
-2021
-2407
-2526
-1873
-1334
-1782
-2504
-2290
-1871
-2805
-3905
-3700
-2359
-1690
-2476
-3226
-2762
-2180
-2909
-2294
-661
-980
-850
50
68
232
311
-125
-604
-842
-1415
-2364
-2197
-1117
-271
566
1314
2003
3809
5289
5090
5132
5337
4629
3551
3218
3758
3798
3049
1962
944
1300
2300
2104
1621
1602
1395
1647
2556
2985
3198
2659
1208
362
-80
-530
-951
-640
-11
128
-189
-1643
-2783
-2736
-1866
-1123
-1443
-2056
-3062
-2850
-1299
-48
613
-518
-2333
-3243
-3361
-3540
-3737
-2818
-2664
-3336
-2700
-2776
-3827
-3328
-1941
-1396
-2047
-2463
-1817
-1682
-1860
-797
572
952
1011
1192
1180
851
516
999
2216
2801
2435
2212
2147
2093
1987
1220
706
939
1493
2955
3641
2191
1459
1636
1095
732
148
-677
-241
917
1687
2103
1912
398
-1296
-1406
-1276
-1865
-1529
-1072
-2103
-2725
-2211
-1965
-1405
-749
-1267
-1482
-1067
-1168
-1049
-759
-528
-814
-1800
-1483
-534
-653
-509
209
1169
2672
3462
3566
3188
1556
1059
2230
2576
2456
2965
3202
2842
2852
2564
1846
1470
629
-49
274
719
1460
2345
2049
1065
454
120
-475
-1599
-2326
-2357
-2971
-3618
-3087
-2642
-2524
-2280
-2437
-2492
-2124
-2077
-2718
-2695
-1956
-1693
-955
-103
-698
-1144
-74
440
177
391
86
64
1013
1019
985
1844
2044
2388
2772
1746
1180
1323
126
-879
-202
485
787
1532
1830
1281
1219
1243
710
414
-68
-517
91
569
-11
-2
1201
1604
686
481
1407
1922
2121
2508
2077
883
-111
-1089
-1767
-1450
-1540
-1890
-965
-152
-246
-363
-424
-1868
-4097
-4292
-3883
-4601
-4140
-2256
-1082
-636
22
492
266
-30
7
202
459
424
408
1062
1859
2010
1653
1027
607
429
-456
-768
147
422
858
2219
2747
2549
2359
1886
1768
1566
669
353
188
-575
-837
-1157
-1673
-1012
-598
-1681
-1959
-1086
-1379
-1376
-180
18
337
1342
1214
966
1666
1582
987
945
307
-93
85
-484
-1116
-1168
-1219
-1826
-2065
-1467
-942
-446
-390
-227
496
786
1000
338
-853
-935
-889
-865
-822
-1478
-1303
177
1058
1542
1727
443
-1108
-1854
-2329
-2323
-1529
-554
417
929
1113
1641
452
-833
409
991
593
476
-456
-1043
-573
-431
-260
204
279
477
1155
1872
1580
277
-296
273
1086
1561
1259
963
1290
951
752
1695
1686
1322
1712
1387
745
391
120
91
468
969
808
643
822
474
160
706
1129
754
380
9
-603
-1347
-1901
-1866
-1644
-950
-204
85
967
1508
1149
1048
708
401
902
1204
1199
1190
835
367
101
321
535
-31
-166
292
-292
-934
-610
173
1017
1258
911
498
99
-417
-387
-423
-1080
-895
-818
-1129
-251
3
-1205
-2001
-2766
-3412
-3033
-3084
-3146
-2040
-1717
-2327
-2225
-1855
-1619
-1272
-626
347
903
912
709
514
992
1336
782
527
89
-554
-13
281
183
1157
1741
1759
2606
3068
2682
2973
3477
2941
2103
1497
889
818
877
441
751
1910
1878
1026
1223
1543
1499
1850
1706
1174
1605
1604
71
-134
774
-407
-1025
112
-501
-698
681
395
-772
-529
-11
-800
-1029
-782
-2329
-3392
-2040
-1169
-1632
-1451
-942
-769
-611
-498
-742
-1121
-1350
-1671
-1692
-1776
-2106
-1921
-2274
-3340
-3128
-2428
-3003
-3491
-2953
-2096
-1436
-1175
-665
302
583
84
-341
-807
-1459
-1869
-2134
-2190
-1159
173
212
185
987
1283
1577
2191
2165
2078
2364
2608
2714
2974
3132
3133
2943
2000
1564
2132
1947
1123
733
748
577
329
910
1486
1569
1978
2267
1906
1413
1249
1516
2032
2018
1899
2414
1982
670
705
815
-257
-719
-490
-221
239
241
-439
-1087
-1587
-2268
-2413
-1737
-1602
-1914
-1265
-803
-1602
-2045
-2088
-2820
-3641
-3924
-3349
-1817
-369
-91
-79
241
-294
-1282
-1989
-2514
-2185
-1324
-1232
-1559
-1636
-1881
-2106
-1934
-1776
-1785
-1439
-639
30
253
561
1187
1460
1453
1055
281
224
938
1510
1494
1453
1418
1234
1682
2366
2179
1037
111
402
1111
937
-22
-269
202
49
-233
-83
13
441
1089
1299
1580
1719
1400
1410
1487
1358
1529
1643
1487
1648
1797
1563
1364
1249
1164
636
-520
-1355
-1582
-1486
-840
-465
-1179
-1537
-1592
-2051
-1637
-1230
-1700
-1780
-1319
-780
-626
-611
336
1258
924
818
1370
1076
447
521
368
-50
226
571
507
466
454
128
-652
-1511
-1851
-1463
-1085
-1221
-1066
-257
-171
-1185
-1747
-1916
-2071
-1554
-1300
-1670
-1581
-1907
-2476
-1480
-783
-968
-74
139
-836
-964
-732
-847
-667
-111
803
1951
2395
1821
1178
1407
1773
1552
1370
1515
1619
1155
633
1093
1837
1843
1956
1858
589
-203
-297
-697
-852
-1082
-1357
-821
-472
-642
7
604
336
617
1391
1584
1430
1089
343
-24
49
-585
-1190
-1194
-1952
-2594
-2349
-2192
-1859
-1341
-696
-88
99
354
729
695
227
182
654
583
-381
-1440
-1625
-1488
-1654
-1382
-1280
-1898
-1957
-1943
-2493
-2174
-1515
-1622
-1206
-156
289
487
821
700
168
-35
175
420
1064
2146
3240
4014
3582
2205
1276
708
390
915
1379
1476
2035
2604
2745
2454
1906
1783
1701
1059
721
1249
1601
1170
694
206
-337
-623
-1294
-1791
-1183
-580
-830
-1204
-1002
-462
47
77
-74
355
468
-211
-877
-1551
-2216
-2256
-1880
-1806
-1699
-1295
-1488
-2040
-1965
-1787
-1815
-1344
-1095
-1679
-1797
-1450
-1359
-1304
-1179
-1009
-950
-1054
-1423
-1460
-718
-255
-128
388
590
302
288
778
1565
2056
2566
2990
2403
1934
2561
2672
1811
1579
1384
599
424
458
474
1027
1548
1424
782
233
87
209
-122
-728
-436
-135
109
1310
1778
1357
1506
1458
1050
666
46
5
643
983
1033
535
-270
-491
-1112
-1842
-1541
-1474
-1787
-1381
-614
-138
-222
-918
-1513
-1316
-957
-1057
-883
-361
-274
-641
-1440
-2340
-2222
-1214
-471
311
1251
1810
2441
2548
2012
1635
876
624
1221
1232
1277
1535
1048
370
217
321
239
-174
-475
-117
-5
-1010
-1886
-1622
-1286
-1564
-1636
-1429
-1439
-1416
-1346
-1594
-2356
-3027
-2836
-2579
-2362
-1416
-532
198
1284
1995
2160
1815
1033
716
984
1326
1458
1599
1985
1875
1369
1215
712
63
130
-46
-235
2
-292
-661
-588
-368
-119
-46
-201
-519
-697
-706
-1123
-1210
-818
-1242
-1575
-1033
-807
-951
-715
-485
216
1338
1035
662
1779
2423
2110
2491
3110
2664
2371
2802
2315
1160
514
238
897
1539
844
618
1064
903
364
-488
-1274
-1193
-793
-862
-588
96
71
-506
-1119
-1694
-2207
-2464
-2564
-3049
-3096
-2274
-1891
-2012
-1833
-1323
-632
-252
-575
-484
413
761
643
858
1173
1390
1595
1449
878
666
643
423
289
324
610
625
228
196
728
763
155
563
1086
366
-154
-570
-1258
-1203
-1103
-1175
-729
-655
-748
-237
245
618
722
553
873
1279
1644
2019
1639
1367
1551
1237
640
392
677
790
768
819
400
173
334
86
-281
-308
-470
-559
-204
105
293
422
775
1354
1355
903
325
-374
-630
-431
-192
79
135
-200
-809
-1347
-1395
-1729
-2487
-2153
-1122
-696
-169
446
229
-164
-467
-990
-1130
-1067
-1226
-836
28
452
411
-278
-1871
-2995
-2917
-3008
-3176
-2603
-1928
-1354
-706
-383
-557
-549
-174
-142
-79
613
1015
836
926
1190
1347
1202
844
960
1010
731
621
115
-701
-669
-236
-414
-114
902
1352
1549
1592
757
42
162
109
254
800
736
1019
1776
1443
517
162
163
79
-161
-430
-164
532
915
1027
790
316
67
-120
-357
-666
-849
-836
-635
-341
-535
-756
-525
-496
-658
-461
-724
-1577
-1440
-665
-92
516
598
206
134
262
335
374
287
274
199
-111
-336
-546
-783
-657
16
455
420
761
1031
821
560
185
-29
-387
-1053
-1238
-1400
-1887
-1996
-1907
-1754
-1148
-980
-1329
-1061
-712
-407
395
865
803
806
744
854
1112
1030
984
1166
1727
2106
1700
1267
948
908
924
446
348
748
943
870
644
153
-598
-1351
-1781
-1415
-1111
-1353
-1260
-1186
-1139
-1076
-1538
-1669
-1203
-705
38
864
1346
1720
1896
1796
1510
815
405
559
735
1089
1383
1140
694
312
-214
-781
-1184
-1394
-1045
-603
-680
-253
512
461
413
785
739
532
361
-348
-934
-906
-1157
-1615
-1736
-1575
-991
-550
-862
-1224
-1414
-1585
-1185
-486
102
847
1413
1781
2021
1878
1635
964
-13
-790
-1702
-2068
-1498
-771
-212
146
306
100
-368
-652
-561
-265
-28
141
317
591
841
867
692
323
-143
-241
10
-171
-735
-821
-402
57
343
541
893
791
441
950
1409
1104
1159
1606
1420
893
520
247
606
862
140
-123
66
-549
-1059
-1024
-1107
-750
-14
200
254
306
-107
-543
-783
-1329
-1532
-895
-353
-21
233
374
642
588
90
-572
-977
-855
-610
-264
139
405
638
856
970
859
737
767
805
724
567
400
130
-387
-1185
-1623
-1570
-1429
-1006
-368
-1
-343
-523
20
-155
-914
-991
-1032
-1254
-1068
-1273
-1531
-749
135
499
510
36
-241
-113
-145
86
187
-448
-322
697
949
629
703
793
452
215
224
149
14
37
561
1378
1850
1888
2040
2529
2882
2580
1750
1503
1729
1351
1266
1868
2079
1968
1743
1100
548
188
-776
-1353
-981
-837
-662
-352
-221
-267
-738
-1030
-1023
-1204
-1260
-898
-203
449
541
267
-65
-473
-704
-908
-1228
-1176
-1110
-1512
-1591
-1450
-1609
-1318
-833
-512
313
1422
1942
1810
1721
1559
1365
1518
1196
444
540
1185
1326
1061
558
203
136
-373
-1044
-1169
-794
-258
122
403
584
571
395
56
-315
-490
-228
104
-121
-782
-994
-742
-1276
-2078
-2122
-2050
-2064
-1918
-1746
-1534
-1277
-1049
-742
-331
134
730
1209
1217
1274
1496
1147
774
799
638
557
685
582
374
437
879
1205
1009
906
1031
969
1162
1309
1018
938
1052
1364
1907
1994
1624
1420
1246
829
368
-111
-403
-445
-233
259
141
-71
490
208
-730
-636
-475
-767
-532
-202
-14
431
312
-181
-33
277
143
-385
-1235
-1951
-1796
-1214
-944
-676
-381
-346
-498
-514
-476
-613
-560
-376
-253
61
212
-159
-459
-429
-626
-1054
-1296
-1406
-1453
-1291
-881
-432
-132
98
210
46
46
556
805
813
1164
1437
1705
1807
1331
1019
632
13
374
977
804
685
541
292
637
866
686
968
1339
1494
1545
1084
424
-30
-565
-1112
-1128
-736
-547
-705
-819
-532
-262
-362
-550
-767
-975
-866
-680
-822
-1048
-1202
-1292
-1422
-1495
-1150
-761
-253
729
1403
1236
890
762
331
-10
312
621
737
1087
1788
2610
2822
2348
1781
1266
1018
1001
894
1158
1559
1322
1299
1520
1122
852
714
187
-160
-757
-1535
-1293
-821
-803
-541
-366
-593
-696
-1034
-1731
-1768
-1855
-2712
-3013
-2704
-2741
-2624
-2059
-1948
-2079
-1787
-1598
-1934
-2436
-2263
-1380
-960
-1242
-1054
-133
558
820
933
1079
1362
1329
936
930
1489
1734
1677
2096
2322
1897
1794
2230
2611
3201
3678
3154
2633
2459
1546
635
643
677
198
-171
-285
-502
-659
-693
-981
-1199
-830
-664
-916
-930
-865
-493
354
964
1121
1111
1051
988
469
-378
-340
29
-284
-210
503
595
149
86
56
-482
-869
-733
-661
-548
-88
5
-426
-680
-530
-369
-845
-1841
-2492
-2603
-2580
-2560
-2408
-2193
-2264
-2378
-2425
-2897
-3330
-3484
-3484
-2906
-1921
-852
46
579
1047
1422
1190
479
13
-2
-30
42
544
912
1204
1682
1741
1615
1738
1672
1642
1845
1987
2330
2583
2599
2614
2231
1791
1616
1149
485
286
296
-139
-166
749
1324
1308
1476
1356
700
238
-195
-705
-732
-667
-865
-856
-691
-636
-658
-960
-1398
-1615
-1737
-1910
-1935
-1671
-1213
-689
-446
-456
-448
-537
-647
-691
-525
-142
-38
-252
-504
-775
-831
-532
-298
-372
-537
-533
-464
-550
-643
-578
-194
213
199
275
862
1336
1023
324
-243
-627
-639
-435
-263
-56
99
164
257
357
455
486
376
310
373
369
305
249
190
4
-671
-1226
-1139
-1105
-936
-605
-876
-900
-514
-697
-596
-30
204
443
628
480
255
-228
-870
-1134
-1273
-1263
-1047
-959
-617
-308
-496
-733
-1012
-1026
-521
-418
-600
-177
306
231
-71
-77
355
696
1032
1475
1168
627
735
744
610
990
1220
1247
2059
2812
2593
1985
1385
1169
1314
1278
1142
1367
1641
1431
990
600
340
37
-525
-1094
-1531
-1569
-1266
-1200
-1211
-926
-472
-321
-759
-1126
-761
-383
-419
-475
-885
-1128
-574
-364
-539
-237
35
21
182
183
-394
-844
-783
-570
-239
-17
-160
-349
-300
-321
-547
-646
-814
-954
-546
178
698
767
647
575
555
580
324
26
86
-41
-491
-715
-734
-573
-181
-70
-298
-403
-322
-2
559
839
900
1225
1545
1455
1151
880
599
460
451
520
687
488
134
305
525
176
-389
-595
-516
-336
217
810
1185
1734
1989
1772
1806
1696
1275
1216
919
173
-416
-894
-1147
-1341
-1595
-1707
-1818
-1921
-1975
-1805
-1408
-906
-361
-273
-503
-352
80
62
-423
-579
-512
-806
-1138
-1324
-1899
-2434
-2306
-2444
-2813
-2476
-1872
-1323
-672
-386
-527
-198
489
603
674
1183
1457
1411
1439
1567
1523
1130
718
784
1099
1146
1038
1002
1123
1340
1292
1051
1155
1581
1758
1686
1527
941
556
1124
1479
952
571
952
1622
1786
1677
1574
1222
856
585
475
323
-33
-136
-190
-473
-531
-538
-967
-1252
-1187
-1156
-773
-273
-255
-348
-277
-280
-779
-1399
-1306
-1024
-1098
-1004
-847
-1021
-1068
-961
-1184
-1397
-1382
-1661
-1896
-1552
-1004
-282
399
626
570
136
-397
-607
-925
-1285
-1280
-1076
-595
-141
-351
-722
-607
-382
-482
-761
-864
-662
-126
721
1360
1627
1772
1798
1941
2133
2030
1875
1882
1886
1972
2186
2069
1585
1498
1704
1584
1518
1505
1402
1873
2215
1696
1368
1079
526
529
453
-229
-607
-762
-1210
-1390
-1472
-1979
-2209
-2066
-2249
-2342
-1806
-1459
-1556
-1472
-1559
-1789
-1520
-1236
-1482
-1696
-1186
-497
-239
75
142
-294
-515
-564
-581
-457
-492
-676
-600
-329
147
939
1290
1102
1295
1720
1653
1552
1653
1302
1251
1842
1736
1148
926
498
58
464
682
253
257
140
-173
34
-116
-493
-320
-171
-91
232
306
168
194
16
-390
-585
-664
-728
-596
-546
-629
-645
-890
-1072
-861
-710
-724
-614
-419
-281
-27
273
367
360
336
131
-298
-364
130
355
-32
-658
-998
-1013
-984
-782
-446
-94
92
-98
-396
-651
-935
-1040
-838
-579
-298
-4
144
158
-108
-229
-143
-659
-1081
-772
-711
-921
-611
-176
-114
-137
-24
80
74
52
47
215
458
581
652
376
30
249
547
509
461
513
564
517
235
41
126
37
-212
-201
248
853
1233
1237
770
396
308
-315
-1135
-899
25
352
326
591
793
873
839
515
236
243
338
407
649
881
928
1203
1327
854
403
235
-10
-219
-91
-61
-361
-507
-670
-1062
-1172
-1188
-1279
-1194
-1253
-1386
-1410
-1463
-1240
-791
-739
-986
-892
-706
-994
-1244
-958
-588
-357
-43
505
1114
1263
1055
873
660
461
293
215
199
202
456
602
401
445
768
720
309
-111
-405
-395
-343
-466
-538
-385
15
286
268
346
394
67
-238
-197
-79
-28
44
277
622
671
409
158
-151
-417
-494
-454
-303
-58
390
700
642
655
576
281
227
213
74
267
476
261
147
378
715
969
907
705
692
707
481
323
469
417
164
113
-98
-519
-794
-1040
-1072
-994
-1265
-1503
-1478
-1320
-883
-315
-60
-260
-648
-694
-462
-424
-113
367
343
210
49
-380
-778
-891
-898
-882
-599
-374
-417
-344
-149
-39
-44
-40
-14
47
211
493
947
1210
989
791
885
823
619
658
754
849
1051
1116
1071
995
685
300
294
480
407
286
390
576
679
443
-126
-374
-88
233
254
11
-277
-399
-565
-910
-793
-450
-483
-193
233
55
-80
156
141
-34
11
21
40
203
170
-19
54
233
37
-435
-838
-942
-727
-824
-1411
-1690
-1623
-1664
-1595
-1462
-1424
-1110
-776
-862
-900
-715
-601
-275
360
546
251
238
407
471
615
678
467
241
207
378
691
845
694
531
644
887
943
774
489
408
737
804
358
167
178
33
-12
-34
19
284
293
-3
-142
-139
-229
-321
-160
114
197
188
166
-16
-109
5
-137
-364
-312
-311
-363
-188
57
172
-55
-576
-767
-854
-1228
-1106
-561
-237
46
85
-3
322
460
295
574
851
843
1045
1200
1217
1221
1157
1175
1113
852
681
675
638
562
369
214
408
544
535
717
772
640
764
854
603
533
588
427
296
237
84
-198
-509
-573
-396
-325
-78
296
65
-339
-505
-808
-1180
-1452
-1656
-1673
-1427
-1329
-1435
-1395
-1446
-1665
-1764
-1677
-1452
-1204
-1252
-1295
-629
120
251
363
772
943
894
945
1148
1578
1788
1689
1541
1267
985
711
538
635
781
588
441
748
1022
1312
1779
1844
1323
604
44
-217
-467
-828
-711
-172
107
257
568
852
860
434
-75
-130
71
270
501
560
557
630
407
-18
-288
-510
-885
-1186
-1305
-1481
-1214
-474
-84
156
532
577
393
420
425
110
-244
-313
-220
-130
84
318
222
38
39
31
73
108
156
489
929
1295
1537
1614
1580
1454
1265
919
506
157
-45
73
239
319
512
682
479
-21
-330
-428
-639
-953
-986
-655
-242
-8
-130
-439
-715
-836
-955
-1367
-1557
-1196
-1006
-1202
-1476
-1776
-1765
-1494
-1548
-1663
-1388
-1169
-1190
-1030
-827
-826
-642
-315
-104
256
473
321
369
580
605
613
589
519
704
893
822
1070
1631
1754
1548
1612
1793
1563
1043
723
785
892
681
288
86
236
478
616
415
-231
-802
-1012
-985
-812
-701
-703
-453
-95
-90
-153
-133
-323
-625
-1008
-1513
-1671
-1505
-1532
-1519
-1430
-1599
-1813
-2023
-2182
-2107
-1814
-1352
-914
-580
-456
-583
-838
-1049
-898
-498
-104
82
-143
-291
-51
194
431
859
1245
1495
1813
1985
1877
1857
1953
1920
2045
2459
2516
2275
2141
1764
1285
909
516
272
106
132
466
678
614
468
268
74
51
30
-121
-320
-636
-865
-910
-977
-932
-827
-917
-1064
-1091
-1073
-1064
-1218
-1475
-1495
-1535
-1512
-1068
-723
-612
-362
-141
-23
-17
-356
-615
-594
-663
-592
-441
-421
-195
88
194
327
328
-79
-362
-83
34
-155
-119
112
487
719
649
571
603
600
463
368
294
256
348
548
958
1207
903
585
605
468
106
24
259
550
823
927
876
657
104
-351
-515
-752
-849
-602
-482
-471
-207
-131
-466
-668
-598
-655
-903
-971
-851
-870
-897
-966
-1285
-1269
-932
-958
-1309
-1621
-1536
-1124
-987
-1245
-1277
-901
-572
-243
-31
-279
-218
250
264
372
706
529
545
866
786
807
835
443
346
658
714
680
781
667
669
938
956
920
1210
1394
1002
746
1006
1001
822
679
172
-465
-850
-900
-630
-289
-168
-96
102
178
64
-258
-564
-520
-458
-604
-720
-651
-432
-265
-268
-344
-536
-863
-944
-810
-685
-414
-377
-711
-675
-270
-62
179
528
705
976
1335
1304
960
892
1086
1068
959
1092
1337
1326
910
399
258
407
318
60
344
875
681
210
79
-90
-292
-339
-451
-707
-820
-711
-724
-729
-641
-863
-1209
-1344
-1317
-1091
-747
-632
-521
-67
148
-225
-615
-615
-468
-584
-991
-1142
-827
-641
-758
-750
-523
-477
-645
-543
-182
185
639
966
976
985
958
871
821
406
-85
-66
61
-167
-435
-388
-327
-417
-430
-257
-50
-59
-142
-64
185
546
823
1009
1289
1385
1174
1153
1255
1139
968
859
893
1113
1269
1120
891
827
782
735
684
586
650
853
904
912
897
621
339
132
-275
-716
-755
-526
-596
-661
-328
-65
-53
-223
-594
-752
-484
-200
-25
303
747
1145
1447
1450
1034
444
-111
-488
-525
-605
-958
-1214
-1362
-1474
-1527
-1609
-1681
-1709
-1796
-1805
-1525
-1295
-1174
-925
-651
-383
-191
-37
30
-62
-140
-293
-396
-258
31
474
742
703
822
882
584
563
839
910
983
1025
949
1018
1070
1027
1040
1063
935
778
763
587
197
-3
143
307
332
407
493
487
381
150
-80
-206
-301
-347
-307
-66
414
662
643
827
856
468
220
11
-302
-248
36
224
355
310
10
-137
-39
-189
-476
-682
-1008
-1060
-800
-893
-1262
-1477
-1364
-1056
-1042
-1302
-1417
-1467
-1528
-1513
-1462
-1297
-1101
-910
-615
-340
-196
-242
-351
-271
-62
122
335
505
585
847
1020
829
832
1028
978
992
1281
1545
1708
1829
1947
1991
1964
1914
1648
1421
1398
1343
1367
1421
1341
1225
1061
753
672
970
930
475
268
264
197
219
259
244
412
488
290
133
74
155
143
-132
-281
-413
-658
-587
-407
-551
-701
-712
-708
-664
-549
-442
-412
-283
-325
-694
-859
-905
-1142
-1289
-1123
-890
-759
-632
-664
-793
-790
-845
-861
-556
-169
-117
-176
85
375
456
490
512
490
403
397
515
598
647
745
949
1146
1215
1078
764
526
413
325
150
83
376
620
572
358
-34
-322
-510
-860
-942
-583
-183
-30
-183
-178
329
822
746
301
-192
-646
-698
-317
-21
181
476
588
396
121
-72
-221
-533
-865
-865
-757
-818
-815
-623
-365
-167
-218
-319
-153
-46
-165
-101
111
126
104
243
352
301
267
264
185
232
382
538
761
780
529
443
602
662
607
636
745
908
1155
1150
697
330
205
119
31
-186
-276
-124
-80
-97
-157
-461
-747
-839
-974
-995
-823
-710
-592
-592
-786
-842
-715
-559
-501
-545
-494
-434
-656
-969
-1029
-990
-1053
-1045
-882
-703
-401
-42
-102
-213
228
734
915
901
763
680
706
602
340
277
365
166
-23
46
-83
-188
22
47
-14
289
439
204
194
228
108
188
127
-103
50
351
444
480
408
133
-198
-334
-150
-80
-297
-311
-94
7
-70
-273
-448
-386
-262
-370
-519
-506
-636
-999
-1230
-1107
-811
-570
-263
152
341
15
-538
-906
-1108
-957
-496
-333
-408
-317
-200
-131
-55
-118
-258
-229
-61
94
103
17
69
182
315
611
761
522
282
277
294
387
642
717
620
635
672
580
398
277
193
59
-15
-36
-112
-195
-252
-350
-428
-531
-644
-672
-713
-666
-503
-483
-753
-1133
-1353
-1403
-1301
-1072
-842
-732
-810
-957
-1114
-1283
-1224
-897
-477
-187
-237
-335
-268
-188
-19
259
545
742
735
701
702
486
309
475
461
173
149
193
168
450
740
777
808
650
315
276
468
562
641
691
636
602
498
437
508
437
238
80
26
53
160
291
234
46
-52
-54
-60
-162
-236
-49
54
-83
-5
27
-200
-315
-380
-394
-219
-110
-191
-249
-150
1
96
144
45
-89
34
178
159
234
247
45
4
110
-59
-405
-476
-373
-441
-541
-550
-584
-586
-531
-469
-477
-686
-894
-852
-625
-461
-541
-552
-349
-313
-437
-440
-188
148
126
-111
-114
-62
-166
-202
-108
-18
-50
-62
214
546
668
682
622
430
218
99
6
-70
28
314
602
849
988
970
948
971
1049
1221
1401
1465
1476
1543
1563
1430
1313
1287
1181
1005
802
570
394
184
-152
-438
-626
-836
-925
-789
-604
-499
-517
-712
-1046
-1257
-1278
-1390
-1548
-1505
-1384
-1351
-1356
-1275
-1065
-922
-877
-639
-389
-500
-618
-626
-895
-959
-508
-291
-316
-95
-112
-522
-704
-592
-460
-236
87
320
498
522
295
234
424
549
684
957
1165
1169
1043
836
541
260
155
240
367
435
604
921
1100
961
674
458
374
355
169
5
162
370
616
981
1091
948
774
460
86
-181
-248
-9
297
433
371
314
456
548
452
209
-64
-128
-182
-349
-266
23
249
424
393
163
-35
-290
-605
-835
-895
-807
-708
-389
55
99
69
251
150
-108
-73
45
78
5
-174
-160
-15
-3
-55
-211
-515
-775
-863
-804
-681
-563
-316
109
356
258
26
-225
-437
-488
-394
-73
496
840
879
922
904
705
349
21
-127
9
210
125
179
503
504
183
-23
61
279
336
202
38
-78
-146
-259
-396
-407
-335
-401
-648
-700
-453
-236
-56
116
198
137
-59
-166
-149
-144
-274
-545
-652
-473
-351
-359
-204
-105
-273
-289
-149
-162
-108
22
-87
-252
-255
-271
-389
-412
-274
-181
-160
-120
-152
-320
-479
-521
-498
-360
-148
9
172
433
661
686
725
868
922
897
722
320
-31
-63
24
-6
78
356
626
856
975
920
842
712
468
373
397
347
367
347
62
-251
-416
-549
-643
-826
-1189
-1343
-1157
-983
-1015
-1109
-1105
-1032
-1030
-1055
-908
-719
-649
-557
-369
-157
-2
140
338
376
285
345
272
81
251
512
644
727
493
227
392
625
716
880
930
728
518
361
283
390
624
823
762
573
638
885
961
708
302
-22
-263
-445
-479
-482
-504
-342
-170
-276
-538
-635
-581
-705
-854
-746
-564
-415
-306
-222
-84
-140
-427
-495
-456
-713
-914
-774
-554
-432
-392
-303
-209
-219
-157
13
24
-125
-6
409
618
545
499
541
593
484
215
17
-22
74
99
120
368
604
693
638
380
161
187
116
-312
-619
-488
-268
-133
-89
-273
-438
-326
-245
-265
-202
-119
35
97
-128
-262
-276
-438
-547
-641
-889
-953
-680
-288
-46
-20
76
272
191
-71
-41
215
400
402
312
474
718
568
278
284
469
549
518
402
223
248
397
346
270
259
170
181
351
420
413
489
495
472
583
574
285
-99
-319
-288
-194
-194
-329
-602
-874
-983
-967
-991
-1007
-859
-692
-554
-254
73
264
429
439
227
61
-129
-462
-659
-671
-674
-655
-532
-428
-470
-444
-273
-40
241
326
200
117
-6
-241
-407
-434
-365
-188
142
443
453
402
442
331
125
-116
-349
-246
37
155
295
489
514
383
205
20
-214
-474
-712
-939
-955
-740
-584
-408
-209
-245
-309
-265
-376
-593
-699
-624
-415
-227
-97
-81
-129
30
188
78
-13
28
122
259
309
339
398
345
373
593
551
101
-313
-490
-562
-592
-469
-226
-32
186
378
281
-35
-253
-279
-293
-276
-112
40
136
212
184
120
145
225
279
325
383
463
511
408
321
443
537
439
280
174
124
50
-40
-174
-481
-696
-557
-423
-366
-138
-26
-173
-309
-390
-335
-104
-75
-206
-91
68
-59
-216
-152
-9
120
119
-55
-128
-138
-253
-232
-37
32
-50
-182
-326
-449
-653
-775
-578
-319
-159
38
198
234
139
-114
-376
-388
-158
-15
28
166
265
329
452
430
250
164
231
469
738
765
814
1037
993
764
743
814
827
824
836
847
788
664
574
538
473
336
139
-119
-334
-340
-202
-96
9
46
-180
-434
-367
-34
283
433
480
516
567
571
441
239
117
146
269
337
316
213
-19
-184
-172
-250
-402
-361
-208
-128
-117
-177
-344
-510
-550
-456
-231
93
417
637
683
551
353
220
127
132
410
715
704
519
381
297
182
56
52
118
164
150
21
-148
-311
-434
-519
-648
-835
-1008
-1057
-1092
-1174
-1123
-1022
-924
-685
-447
-319
-259
-290
-292
-155
120
436
652
805
917
971
1001
977
838
553
300
233
261
331
311
121
48
200
255
139
189
378
405
350
330
244
114
90
76
38
245
528
504
355
262
75
-60
-62
-139
-93
222
504
580
527
483
520
519
403
362
412
345
239
217
197
86
-78
-154
-165
-203
-187
-15
254
418
434
423
423
444
458
506
629
601
497
520
380
30
-237
-500
-824
-962
-921
-823
-669
-560
-484
-302
-119
-87
-77
-66
-141
-178
-104
5
97
191
289
362
422
414
408
564
752
876
961
889
652
416
397
589
727
776
845
832
691
439
81
-167
-162
-34
134
352
466
330
167
135
163
199
246
335
359
291
199
52
-51
-114
-321
-545
-527
-365
-253
-226
-275
-337
-484
-887
-1321
-1453
-1423
-1318
-1107
-947
-826
-723
-720
-788
-869
-967
-986
-722
-420
-297
-27
378
573
626
808
1094
1343
1491
1421
1279
1220
1022
772
774
910
922
792
722
722
726
805
727
482
448
503
376
173
16
-50
-39
7
134
248
290
304
184
31
-67
-250
-409
-450
-453
-404
-419
-562
-598
-506
-436
-451
-578
-653
-581
-444
-288
-195
-167
-152
-181
-276
-452
-722
-974
-1004
-855
-743
-697
-663
-553
-310
-74
45
75
79
16
-141
-161
28
178
186
109
-96
-286
-237
-198
-263
-110
115
176
230
254
208
226
239
227
322
390
291
268
374
349
210
74
-25
-19
8
-47
-136
-239
-189
137
371
300
202
213
210
183
171
185
215
171
137
233
311
219
8
-166
-217
-205
-173
-123
20
328
567
612
551
394
269
180
37
21
141
174
143
57
-182
-415
-513
-545
-506
-391
-295
-252
-343
-558
-545
-337
-351
-393
-158
74
166
172
12
-102
-89
-149
-189
-143
-70
18
23
51
127
122
185
268
235
269
345
356
337
233
105
96
166
122
-73
-160
-84
-135
-282
-416
-678
-847
-733
-611
-569
-478
-408
-453
-477
-419
-515
-670
-582
-465
-496
-497
-469
-480
-509
-535
-509
-334
-92
-32
-80
-36
31
10
-45
-42
-126
-265
-286
-277
-204
-72
-48
-125
-180
-155
-89
62
228
231
155
175
325
506
605
653
701
715
732
779
767
686
680
840
1020
1065
1081
1140
1095
1016
1068
1080
989
883
748
577
385
247
120
-37
-126
-252
-482
-627
-701
-883
-995
-888
-816
-871
-951
-997
-986
-969
-963
-947
-878
-827
-905
-1029
-1125
-1169
-1122
-1045
-1054
-1057
-890
-624
-347
-147
-135
-224
-229
-115
-63
-113
-128
-124
-119
-127
-232
-304
-175
-90
-186
-163
-42
-7
31
-79
-333
-333
-120
25
104
126
80
97
179
184
99
82
239
444
596
748
824
777
808
888
896
968
1075
1076
1067
1087
971
784
629
478
394
242
-7
-162
-294
-491
-646
-712
-774
-767
-643
-525
-443
-402
-368
-420
-592
-565
-396
-359
-392
-411
-363
-305
-299
-172
68
179
122
25
-88
-258
-366
-274
-136
-47
83
202
210
149
54
-172
-459
-599
-602
-617
-633
-535
-394
-346
-380
-357
-287
-345
-481
-543
-525
-497
-493
-499
-462
-420
-500
-538
-460
-407
-269
-60
113
274
361
351
360
337
170
60
155
325
400
363
339
324
230
126
126
201
290
326
289
345
482
538
561
494
253
90
92
104
151
212
190
158
212
191
42
33
65
-127
-267
-135
48
71
-36
-64
-18
-48
-6
170
195
21
-84
-90
-77
23
65
-80
-115
-22
-119
-209
-166
-236
-322
-373
-492
-569
-604
-683
-705
-583
-388
-254
-288
-342
-224
-108
-93
-34
35
103
359
707
799
722
748
768
680
596
476
326
317
414
462
431
403
385
348
371
441
490
534
533
390
188
94
12
-161
-243
-234
-228
-89
77
62
-48
-128
-172
-240
-278
-144
75
228
254
130
-37
-171
-250
-180
-107
-221
-400
-542
-585
-574
-694
-792
-763
-691
-491
-284
-224
-203
-146
3
165
221
327
486
549
615
733
748
577
336
231
294
312
222
209
237
224
327
591
825
835
653
466
349
298
185
-27
-87
-41
-42
-9
-10
-119
-271
-406
-445
-352
-250
-240
-291
-309
-183
14
122
189
317
418
425
371
263
182
102
-53
-167
-189
-162
-36
162
228
179
200
168
-36
-184
-120
45
198
320
410
396
283
175
37
-59
-6
-33
-282
-506
-525
-410
-334
-347
-335
-215
7
184
194
189
210
97
-23
-13
-26
-92
-132
-207
-330
-401
-458
-549
-666
-776
-725
-583
-440
-176
18
48
112
112
-20
-107
-162
-296
-461
-513
-385
-253
-227
-231
-258
-220
-84
-50
-86
62
399
714
853
879
938
998
982
960
963
943
876
730
589
569
591
566
539
563
610
506
228
16
-111
-235
-228
-98
-60
-195
-422
-644
-829
-1040
-1227
-1337
-1410
-1340
-1247
-1231
-1040
-788
-678
-550
-436
-410
-386
-425
-522
-552
-530
-501
-470
-403
-319
-269
-191
-80
-86
-250
-437
-489
-356
-125
153
356
319
234
206
48
-124
-196
-277
-255
-94
39
166
311
428
571
722
755
695
691
724
746
854
1019
1131
1110
935
689
467
354
336
330
325
328
368
470
555
562
508
412
344
327
328
358
381
338
275
230
129
5
-162
-379
-424
-317
-229
-238
-318
-308
-279
-393
-496
-473
-501
-593
-633
-624
-577
-565
-550
-470
-291
-35
-41
-284
-438
-554
-653
-663
-649
-590
-462
-349
-322
-338
-320
-334
-394
-375
-315
-327
-335
-251
-124
5
109
174
185
127
91
129
202
253
208
57
-134
-262
-290
-262
-216
-232
-390
-570
-635
-592
-424
-258
-242
-227
-136
10
235
376
313
183
110
48
-54
-131
-184
-200
-107
-76
-198
-245
-140
37
308
593
797
938
935
792
678
589
469
380
257
145
235
384
378
222
79
93
108
-26
-140
-130
-143
-231
-236
-119
-57
-127
-207
-186
-115
-95
-113
-104
-69
-55
-14
126
240
240
198
167
153
95
-52
-227
-334
-317
-180
-26
40
111
225
229
81
-150
-364
-434
-340
-203
-77
68
178
217
189
64
-121
-194
-141
-153
-217
-198
-100
53
209
301
335
279
136
-4
-58
16
143
241
338
419
442
396
335
308
236
177
232
220
165
268
327
193
-27
-293
-446
-445
-402
-213
34
113
100
-4
-273
-545
-685
-741
-751
-736
-713
-565
-277
-118
-173
-231
-255
-362
-477
-488
-446
-402
-327
-208
-89
34
154
270
437
588
544
348
263
360
472
514
591
736
927
1119
1089
841
533
147
-133
-141
-98
-26
166
223
154
170
70
-197
-342
-302
-158
33
137
57
-33
-4
4
-53
-143
-237
-243
-151
-63
-62
-91
-105
-122
-130
-111
-21
62
-33
-179
-201
-253
-361
-338
-241
-217
-209
-182
-155
-133
-144
-134
-114
-162
-194
-227
-280
-193
-78
-70
18
181
214
169
147
112
45
64
292
539
544
413
347
298
184
72
35
81
148
118
34
63
186
267
245
192
208
218
120
22
50
72
-34
-157
-238
-296
-326
-413
-499
-384
-193
-108
-13
98
163
251
281
90
-179
-201
12
172
211
223
213
204
258
367
461
484
458
414
348
311
311
333
387
448
520
550
458
357
330
288
180
-37
-339
-514
-418
-209
-128
-171
-153
-40
62
121
87
-22
-87
-177
-321
-359
-259
-106
-11
-21
-71
-150
-243
-291
-279
-102
228
467
558
557
474
461
538
626
836
1047
1044
915
674
325
106
118
213
334
548
760
822
758
672
601
550
583
724
878
934
865
706
534
409
315
263
257
259
211
22
-217
-288
-220
-164
-148
-172
-250
-295
-260
-274
-321
-291
-221
-176
-268
-440
-454
-359
-355
-360
-271
-162
-120
-226
-351
-267
-122
-81
-16
151
339
415
279
-9
-256
-407
-512
-508
-433
-362
-230
-125
-172
-276
-341
-405
-443
-329
-153
-60
95
381
519
488
578
698
686
679
661
570
598
799
951
981
968
892
774
751
780
718
648
603
531
504
446
275
157
161
194
209
198
171
156
136
-15
-287
-426
-421
-440
-440
-393
-380
-483
-673
-798
-836
-783
-609
-437
-304
-215
-264
-363
-380
-405
-517
-601
-562
-449
-349
-272
-167
-69
-15
28
46
75
138
148
157
293
434
459
536
683
663
498
431
510
597
618
527
381
384
502
612
717
715
554
345
187
21
-187
-262
-222
-248
-275
-282
-374
-513
-641
-759
-810
-856
-960
-947
-789
-665
-639
-678
-723
-732
-744
-747
-664
-578
-561
-518
-418
-321
-222
-117
-73
-75
-77
-48
68
158
153
231
375
401
326
294
314
234
74
20
51
89
171
273
300
221
102
42
4
-75
-122
-118
-75
48
177
213
187
92
-22
7
110
164
171
146
114
38
-45
-38
-21
-55
-85
-74
6
126
186
166
92
-23
-98
-145
-268
-361
-350
-264
-82
19
-78
-108
-34
-105
-285
-413
-450
-386
-247
-130
-54
82
182
96
-75
-215
-300
-359
-450
-510
-478
-362
-221
-236
-409
-523
-547
-567
-569
-536
-474
-379
-243
-48
109
96
-17
-121
-184
-242
-340
-408
-359
-234
-111
29
133
107
49
10
-60
-83
-31
34
143
278
347
360
293
164
120
170
206
160
25
-90
-44
112
229
328
512
740
850
747
550
383
234
90
-79
-272
-380
-456
-601
-683
-638
-558
-528
-609
-705
-700
-674
-692
-686
-622
-547
-500
-485
-434
-345
-315
-362
-369
-295
-256
-206
-75
11
55
166
328
444
502
545
551
557
598
544
322
126
93
17
-146
-210
-261
-321
-313
-401
-492
-368
-248
-234
-143
-49
-57
-64
-60
23
278
490
477
363
259
217
246
177
2
-56
25
106
98
-8
-89
-95
-142
-238
-262
-154
-9
-13
-158
-266
-307
-380
-500
-550
-527
-592
-713
-772
-814
-813
-700
-598
-561
-477
-395
-388
-363
-275
-189
-172
-216
-205
-80
47
118
219
370
459
412
316
244
171
107
129
283
434
420
327
310
347
335
302
276
194
97
38
-10
-9
34
52
93
128
92
101
181
201
136
111
176
210
201
239
266
263
282
278
251
192
-10
-232
-272
-218
-111
65
96
-52
-119
-91
-104
-165
-250
-316
-275
-158
-120
-147
-123
-136
-267
-434
-579
-669
-623
-497
-420
-352
-297
-277
-196
-163
-178
12
322
501
569
631
674
674
681
726
766
773
754
656
490
362
289
252
176
-3
-159
-169
-103
-27
82
169
218
258
190
26
-85
-154
-267
-358
-325
-204
-112
-100
-80
28
130
94
-57
-126
-70
-101
-208
-225
-180
-161
-170
-166
-149
-126
-124
-198
-338
-436
-394
-351
-482
-594
-509
-426
-453
-516
-572
-531
-401
-275
-189
-155
-144
-157
-228
-285
-251
-192
-147
-64
50
122
143
187
262
326
377
401
367
313
322
371
391
377
369
391
365
251
191
241
266
241
217
128
-17
-67
4
99
191
235
208
176
170
137
-3
-190
-286
-289
-280
-283
-259
-213
-200
-174
-91
-34
-56
-67
-61
-71
-57
-90
-200
-294
-376
-445
-405
-340
-387
-481
-520
-460
-371
-334
-267
-138
21
184
203
112
143
230
264
324
396
473
571
608
599
607
576
493
437
445
439
301
110
75
174
274
354
417
454
438
345
273
285
314
325
295
237
231
181
-41
-282
-348
-331
-358
-345
-245
-148
-133
-174
-169
-127
-134
-133
-83
-81
-99
-66
-37
-57
-117
-163
-162
-204
-296
-331
-315
-255
-126
-13
95
236
317
345
340
234
88
38
119
233
239
176
128
15
-149
-222
-185
-107
5
102
186
348
478
457
349
248
233
240
186
142
100
15
-36
-144
-382
-510
-416
-231
-117
-127
-144
-120
-94
-49
-51
-101
-62
-45
-153
-188
-109
-45
-8
1
-36
-84
-136
-220
-289
-245
-75
106
166
151
210
356
472
529
622
728
749
693
643
692
773
748
675
618
492
326
206
111
140
350
514
518
446
365
309
242
143
103
109
73
34
2
-52
-74
-146
-336
-483
-529
-563
-643
-781
-854
-738
-522
-347
-262
-289
-384
-452
-528
-611
-508
-296
-181
-53
106
144
103
38
-76
-154
-177
-179
-93
52
168
303
486
625
665
656
663
685
674
633
631
650
589
451
351
345
326
205
91
81
114
111
70
19
-46
-154
-315
-497
-583
-489
-326
-194
-108
-159
-282
-349
-498
-697
-708
-622
-552
-386
-212
-119
-8
88
168
217
89
-117
-212
-231
-182
-91
-144
-263
-302
-355
-359
-217
-93
-69
-85
-131
-150
-128
-89
-14
67
150
236
232
148
139
208
221
136
-25
-186
-236
-150
8
123
134
88
58
17
-40
-27
-29
-123
-176
-205
-304
-408
-484
-522
-499
-459
-415
-360
-311
-258
-198
-98
35
103
112
142
159
37
-153
-192
-113
7
200
320
297
268
283
299
274
215
190
254
372
461
482
486
542
576
520
402
197
-52
-187
-183
-171
-217
-255
-263
-311
-369
-335
-238
-109
42
148
225
271
191
-8
-240
-427
-544
-637
-679
-614
-554
-549
-537
-509
-407
-256
-143
-12
121
156
168
244
315
378
473
547
549
455
306
169
13
-171
-268
-211
-116
-82
-79
-85
-87
-70
-105
-233
-302
-223
-134
-75
17
63
12
-49
-117
-187
-166
-90
-4
123
241
319
352
294
206
195
227
250
274
295
330
395
504
611
619
524
362
189
89
29
-82
-179
-182
-186
-242
-248
-195
-160
-167
-205
-263
-366
-548
-729
-731
-544
-340
-186
-100
-163
-347
-517
-582
-493
-299
-123
31
153
202
201
122
23
20
59
42
-29
-59
-21
27
108
211
266
280
286
303
365
457
532
645
792
890
922
880
822
755
626
553
585
610
625
657
682
723
720
592
453
400
362
302
254
239
222
160
114
177
255
219
113
71
114
76
-73
-189
-244
-247
-273
-387
-447
-414
-394
-406
-453
-529
-581
-591
-549
-447
-373
-438
-544
-562
-569
-609
-624
-615
-554
-402
-273
-223
-132
-31
15
76
139
164
228
318
305
244
262
336
384
358
305
304
284
176
91
84
97
116
156
254
358
356
273
181
108
96
133
116
51
14
-1
22
95
150
142
95
-4
-136
-170
-107
-94
-107
-26
124
217
213
152
96
90
75
29
41
130
198
202
179
159
139
77
-49
-171
-184
-73
85
223
302
264
100
-30
-6
103
184
169
92
96
177
153
41
7
38
78
116
82
36
101
198
238
258
292
367
441
458
466
512
547
506
396
271
170
111
113
171
206
196
190
173
126
81
35
-45
-83
-52
-57
-102
-147
-253
-362
-374
-395
-460
-480
-509
-546
-506
-502
-640
-770
-763
-707
-704
-718
-653
-523
-432
-378
-266
-93
55
117
66
-36
-64
-23
13
92
203
226
186
134
33
-12
75
163
161
123
137
176
131
-4
-103
-66
46
115
116
83
38
-28
-115
-161
-85
55
107
67
55
94
129
90
-36
-131
-160
-203
-210
-136
-50
43
134
138
66
63
165
232
200
172
187
195
195
180
138
99
85
41
-14
-5
-6
-95
-218
-341
-453
-528
-579
-601
-562
-507
-497
-508
-472
-368
-289
-318
-364
-290
-182
-168
-190
-198
-219
-229
-225
-259
-316
-337
-274
-172
-105
-50
-55
-138
-147
-56
49
137
174
172
201
259
321
341
260
132
50
-17
-114
-178
-167
-122
-53
-11
-69
-109
-35
22
30
56
21
-83
-145
-129
-45
40
34
13
53
73
26
-46
-84
-46
40
118
125
79
58
67
53
-37
-168
-230
-197
-151
-129
-117
-129
-180
-202
-168
-189
-246
-273
-363
-447
-415
-368
-337
-244
-125
-41
-6
-51
-129
-135
-80
-9
53
99
161
217
239
215
154
132
146
137
100
99
173
268
307
269
178
72
-25
-132
-282
-425
-475
-475
-471
-399
-288
-225
-210
-235
-286
-314
-318
-279
-140
40
151
185
194
201
186
129
36
-26
-28
-12
-3
-6
24
188
405
423
253
146
187
242
214
186
212
226
213
184
118
26
-72
-164
-247
-374
-515
-537
-450
-362
-311
-260
-192
-124
-82
-81
-99
-119
-146
-166
-161
-142
-140
-116
-40
23
9
-55
-104
-151
-221
-280
-265
-154
-3
116
190
168
27
-105
-158
-215
-290
-304
-271
-199
-70
-12
-30
5
51
43
21
16
23
43
64
87
99
61
4
-4
44
105
147
189
225
217
174
125
109
197
369
524
617
632
559
468
392
314
289
305
300
329
339
231
123
52
-52
-76
-2
22
-14
-21
29
80
108
163
233
325
493
632
642
570
433
286
218
149
41
21
33
-52
-142
-158
-134
-48
59
94
89
69
19
-33
-120
-271
-418
-541
-621
-601
-522
-447
-376
-322
-324
-385
-451
-485
-507
-465
-305
-126
-9
81
143
157
157
130
23
-94
-106
-55
-19
8
