15
6
-3
-8
-8
-8
-7
-14
-19
-17
-21
-35
-49
-48
-43
-46
-52
-52
-49
-50
-53
-63
-67
-61
-58
-62
-72
-82
-83
-80
-82
-87
-89
-86
-82
-83
-85
-86
-89
-93
-96
-97
-100
-100
-92
-92
-103
-108
-99
-88
-91
-101
-103
-100
-101
-99
-86
-70
-58
-56
-59
-64
-71
-80
-85
-79
-69
-64
-62
-60
-58
-61
-61
-60
-64
-56
-44
-44
-50
-52
-50
-47
-38
-37
-50
-63
-63
-56
-48
-39
-36
-43
-51
-52
-51
-52
-51
-45
-38
-44
-47
-41
-40
-42
-43
-44
-40
-33
-28
-26
-19
-5
5
3
-3
-4
-1
-4
-13
-16
-13
-9
-4
0
-2
2
13
15
14
21
32
29
20
21
28
39
53
63
66
59
46
42
48
51
47
49
57
62
64
63
67
70
68
72
75
71
64
54
45
45
57
67
77
86
77
61
59
67
67
63
69
75
73
64
56
51
50
49
54
69
79
79
78
79
73
60
57
68
79
83
72
57
54
58
61
62
59
53
54
63
65
59
58
63
56
49
54
57
52
52
59
59
63
74
81
80
80
78
74
78
81
81
83
83
84
85
88
89
92
93
94
98
94
82
78
87
102
111
109
103
94
90
101
115
117
109
105
104
100
99
104
104
95
94
99
94
85
82
86
90
93
95
86
72
70
77
80
84
84
77
72
75
80
75
67
67
67
70
69
70
71
63
51
40
39
45
47
48
50
59
62
53
46
39
27
21
21
23
19
16
23
25
19
12
6
4
6
3
-5
-8
-6
0
-2
-8
-7
-7
-6
-6
-8
-11
-12
-17
-22
-18
-17
-24
-27
-26
-28
-28
-20
-13
-15
-17
-16
-19
-23
-30
-37
-40
-37
-32
-35
-43
-56
-63
-62
-57
-49
-51
-62
-64
-58
-64
-74
-74
-71
-70
-68
-59
-58
-73
-88
-93
-93
-93
-92
-85
-83
-92
-105
-111
-103
-94
-91
-95
-100
-96
-93
-88
-79
-75
-81
-91
-93
-86
-81
-85
-93
-97
-93
-87
-90
-94
-87
-89
-97
-100
-102
-108
-113
-115
-118
-119
-113
-108
-109
-108
-108
-116
-125
-123
-112
-105
-114
-129
-131
-121
-112
-111
-108
-103
-105
-112
-117
-114
-110
-111
-117
-121
-119
-114
-109
-110
-111
-108
-106
-104
-108
-111
-105
-103
-108
-108
-105
-106
-107
-101
-89
-83
-89
-98
-102
-98
-86
-79
-82
-83
-85
-93
-100
-105
-104
-97
-85
-70
-65
-71
-74
-68
-63
-66
-69
-66
-65
-70
-72
-72
-72
-73
-75
-77
-77
-74
-72
-66
-55
-47
-48
-55
-60
-62
-60
-64
-68
-60
-48
-47
-49
-48
-48
-49
-55
-58
-50
-42
-37
-40
-42
-37
-29
-23
-30
-37
-34
-31
-31
-26
-11
-9
-21
-29
-30
-31
-35
-36
-32
-32
-33
-29
-25
-28
-33
-34
-35
-38
-40
-45
-54
-62
-60
-53
-46
-46
-49
-45
-34
-27
-28
-23
-16
-13
-6
2
10
17
20
15
15
22
16
7
4
4
7
11
16
25
35
38
34
35
45
51
50
45
39
36
31
29
38
49
50
46
50
49
37
34
42
40
31
32
37
37
36
34
33
28
29
43
51
44
39
42
48
52
57
59
56
60
63
67
75
77
74
74
72
70
73
76
72
71
79
85
86
82
71
65
74
92
99
97
105
109
101
94
99
105
104
103
103
98
93
94
97
98
100
103
100
96
99
109
110
100
99
99
98
103
105
102
94
91
91
88
90
95
103
106
103
101
108
115
111
104
103
106
110
111
104
88
82
88
97
100
98
98
99
102
102
99
99
102
115
125
121
109
101
99
96
88
78
77
85
87
87
87
86
86
85
84
85
92
101
107
106
100
96
101
111
113
114
119
124
127
126
121
110
108
117
127
129
124
121
118
114
114
109
98
93
87
78
73
79
87
85
82
81
79
73
57
45
48
58
65
65
59
54
51
52
51
47
46
42
35
35
37
29
15
17
27
27
18
8
2
-4
-4
6
8
0
-9
-19
-30
-40
-45
-46
-48
-56
-67
-70
-59
-39
-32
-40
-43
-44
-50
-50
-46
-51
-62
-69
-78
-82
-77
-72
-68
-71
-76
-79
-77
-76
-79
-77
-84
-100
-108
-100
-86
-85
-92
-108
-121
-114
-105
-107
-117
-124
-120
-114
-114
-125
-132
-135
-140
-141
-138
-132
-118
-108
-115
-118
-117
-125
-137
-137
-134
-135
-132
-125
-123
-129
-131
-132
-134
-120
-100
-89
-84
-81
-91
-108
-119
-122
-117
-114
-122
-129
-123
-112
-112
-121
-127
-127
-121
-106
-96
-99
-96
-86
-77
-73
-70
-67
-68
-62
-62
-65
-57
-48
-46
-44
-33
-26
-27
-30
-27
-15
1
4
5
19
32
34
34
39
42
37
37
42
48
55
56
53
53
62
73
75
74
76
83
90
85
70
49
33
36
45
41
37
43
50
53
53
52
48
40
32
25
25
29
35
37
36
35
30
24
25
29
34
39
42
45
43
36
28
18
14
19
14
7
7
4
-2
-4
1
5
3
0
2
2
1
6
-2
-19
-31
-43
-47
-47
-41
-34
-40
-52
-62
-71
-73
-72
-77
-89
-92
-86
-85
-86
-77
-68
-71
-73
-71
-70
-65
-63
-66
-70
-67
-65
-63
-56
-51
-56
-60
-55
-51
-57
-65
-60
-47
-43
-50
-54
-47
-37
-34
-42
-45
-28
-6
3
1
-8
-21
-28
-20
-11
-14
-20
-19
-14
-14
-13
-12
-12
-9
-3
9
18
16
12
8
16
28
27
16
14
24
31
33
31
29
30
26
29
29
20
19
32
42
37
29
28
28
30
31
25
21
22
25
29
29
27
25
23
27
32
36
31
22
26
36
39
36
25
17
12
0
-8
-9
-11
-12
-8
-6
-15
-23
-30
-41
-38
-26
-28
-36
-35
-32
-36
-45
-51
-55
-51
-51
-58
-58
-50
-41
-35
-38
-49
-57
-60
-64
-58
-47
-46
-53
-57
-53
-46
-41
-40
-37
-33
-34
-42
-50
-51
-50
-50
-39
-24
-13
-6
-9
-17
-21
-17
-9
-6
-19
-29
-24
-20
-20
-19
-16
-12
-11
-13
-10
0
4
-3
-10
-13
-22
-29
-21
-7
-4
-7
-12
-20
-24
-20
-6
10
17
15
4
-5
-8
-13
-13
4
24
26
20
13
-1
-16
-20
-9
1
-6
-19
-22
-16
-14
-16
-15
-15
-19
-20
-7
5
-5
-23
-22
-13
-7
-4
-1
6
9
13
15
14
14
21
34
34
26
20
13
11
11
13
13
18
21
12
9
15
21
28
34
33
30
34
35
29
30
34
29
24
22
18
16
24
30
35
37
32
29
34
39
35
32
32
32
34
39
45
52
48
34
28
34
43
48
46
41
42
47
44
40
41
43
40
36
38
37
34
34
31
29
30
30
26
33
50
59
53
48
57
64
64
60
54
51
48
43
46
54
52
48
55
61
59
51
40
43
58
70
72
71
75
70
66
67
67
68
68
67
69
74
78
87
102
105
94
85
83
83
81
80
78
77
79
84
93
104
111
108
98
96
110
124
122
112
101
94
95
95
93
93
93
91
88
96
108
116
118
112
107
97
82
77
79
83
88
93
90
79
69
66
68
69
70
73
75
74
69
60
58
63
66
62
55
52
52
52
51
53
59
60
52
46
40
38
46
50
45
42
49
53
50
46
35
29
33
32
28
26
24
19
9
4
9
10
-3
-16
-13
-8
-9
-4
-2
-1
0
-7
-9
-10
-13
-14
-18
-18
-10
-5
-9
-10
-5
-3
-11
-21
-19
-16
-12
-4
9
16
6
-4
-6
-3
-3
-6
-4
2
9
12
15
17
8
2
-2
-5
1
2
-2
-5
-4
-3
-6
-2
2
0
-5
-12
-13
-11
-7
-1
4
8
11
12
10
15
18
16
21
31
39
37
31
25
16
11
17
34
40
37
34
36
38
37
41
40
35
38
45
50
54
56
59
58
55
52
45
48
54
54
52
56
61
56
49
51
54
52
51
53
54
52
50
51
60
66
62
59
57
52
46
41
41
35
25
19
18
22
19
8
0
-9
-21
-27
-23
-15
-11
-8
-9
-10
-11
-17
-26
-30
-31
-37
-45
-49
-46
-41
-35
-31
-34
-38
-39
-40
-35
-33
-42
-54
-55
-50
-46
-50
-53
-54
-63
-68
-63
-62
-64
-63
-57
-55
-56
-45
-35
-38
-41
-40
-41
-42
-37
-31
-29
-33
-42
-52
-59
-51
-42
-37
-27
-28
-44
-57
-54
-51
-51
-48
-46
-46
-48
-49
-50
-53
-61
-65
-59
-59
-58
-52
-47
-52
-59
-54
-47
-45
-47
-53
-60
-60
-53
-43
-40
-49
-61
-69
-73
-72
-66
-59
-56
-54
-53
-52
-47
-44
-47
-46
-35
-31
-31
-29
-27
-26
-31
-24
-10
-7
-11
-16
-29
-39
-30
-18
-20
-27
-35
-38
-38
-34
-25
-24
-25
-29
-28
-28
-38
-53
-67
-75
-76
-77
-75
-75
-87
-99
-93
-73
-59
-58
-55
-49
-54
-62
-64
-60
-56
-61
-72
-80
-82
-86
-95
-91
-82
-84
-90
-91
-96
-108
-113
-109
-103
-99
-96
-101
-114
-127
-136
-134
-130
-135
-142
-145
-142
-131
-118
-110
-109
-106
-91
-78
-72
-69
-72
-81
-91
-106
61
235
-138
-594
-343
413
83
-2370
-4555
-3429
804
4461
4633
3454
3189
2898
3357
3766
1789
272
-2192
-5945
-6095
-5073
-2702
-558
-1894
-4270
-7474
-7500
-5093
-3843
-202
1522
-187
2338
7183
10212
9165
458
-6333
1620
14090
17495
12447
3300
-5058
-8962
-4746
-1135
-4923
-2479
3130
1305
-1275
196
6695
9883
7018
4767
1468
-4805
-17073
-29594
-29794
-23062
-10267
6659
18895
26387
20797
12338
11531
11385
8341
4791
6628
9578
5981
-2828
-9412
-11544
-12878
-16204
-9629
8484
22506
26946
25333
13360
-7825
-20733
-26073
-30594
-31976
-30670
-28033
-20878
-7108
6228
12217
10541
7661
7341
9040
11107
12033
13405
16542
20815
23410
21349
14548
5758
-2837
-9373
-12266
-11007
-5712
1005
4916
4074
874
-1648
-3178
-4867
-6507
-7223
-6775
-5120
-3536
-3081
-3062
-2470
-1457
-333
1126
2401
2779
2309
1736
879
-715
-2510
-3641
-3469
-2646
-1809
-874
-85
203
16
49
447
724
917
1097
1204
824
-2
-459
-170
570
702
-388
-1715
-2365
-2300
-1890
-1377
-595
182
923
1582
1863
1953
1690
921
-139
-1175
-1548
-1086
-512
-125
306
566
523
674
952
707
397
658
1150
1639
2082
2085
2088
1978
791
-332
-327
-522
-1631
-1620
413
1377
-569
-2568
-2201
-956
-1090
-1456
-511
283
927
2452
2879
1127
0
556
1244
1242
398
-610
-774
-528
-1213
-2090
-1767
-791
54
612
587
211
-433
-1945
-3728
-4309
-3560
-2615
-1154
1538
3925
5051
5886
6135
4991
3491
2226
1026
467
-95
-1478
-2501
-2758
-3416
-4466
-4244
-3102
-2949
-2522
-752
775
1322
1146
1181
1531
1282
1056
1485
1584
441
-115
934
1258
627
792
1631
1528
934
874
342
-370
-491
-708
-1385
-1531
-728
-131
-143
-160
-93
-227
-464
-338
369
997
986
705
490
223
-118
-324
-341
-74
444
682
485
381
597
711
377
-128
-383
-326
-242
-319
-273
-94
50
163
124
-22
-186
-177
1
-80
-273
-57
216
-129
-553
-551
-470
-237
17
-90
-201
-86
29
113
-77
-610
-1062
-1245
-972
-380
222
615
131
-632
-530
251
1016
1071
573
-472
-1717
-1234
449
870
303
157
-59
-860
-987
72
929
1219
1291
694
221
459
324
-593
-1171
-655
-31
-84
-265
154
873
898
70
-1022
-1452
-846
-359
-454
-595
-778
-661
-592
-1208
-1746
-1660
-524
936
1265
1244
559
146
843
-87
-1219
-1803
-1766
138
1308
2044
3022
2223
500
276
884
-541
-1422
-867
-3210
-4972
-3593
-2586
-1045
1234
1840
1928
2849
3096
2856
3531
3572
1894
-264
-1601
-1691
-1568
-1700
-1602
-1369
-645
1082
2460
2183
1501
1145
5
-1764
-3644
-6004
-7574
-6564
-3814
-665
2097
3717
4714
5115
4893
4320
3136
2121
1823
1360
-62
-1520
-1717
-1384
-1303
-704
-112
-681
-1010
-195
323
254
360
74
-789
-1396
-1648
-1402
-665
-283
-282
-37
419
795
910
757
671
841
898
948
1115
757
231
-174
-1035
-1845
-1823
-908
69
115
-384
-395
346
946
354
-1045
-1885
-1551
-774
-438
-405
-335
-92
31
-374
-652
64
1265
1863
1813
1305
1130
1851
2294
1565
701
756
647
-68
-510
-538
-75
444
137
-99
521
784
570
572
349
-262
-722
-972
-1248
-1384
-1488
-1202
-204
689
870
724
300
-621
-795
231
1171
1460
1666
1242
-154
-902
-520
-543
-1900
-2555
-2223
-2574
-1738
155
1568
2822
2346
82
-1777
-2302
-2350
-1929
-199
711
-1512
-3940
-1728
1589
-618
-4763
-5816
-4638
-2310
10
1963
3229
3421
2807
1933
1523
-166
-2830
-3327
-1685
629
3484
4875
3219
1782
3140
5098
3246
87
1354
3112
1882
349
415
801
-164
-1986
-5026
-6902
-6287
-4191
-835
1361
2580
3611
3545
2238
767
909
645
-2926
-5616
-3610
1010
5020
6019
3933
777
916
3553
4099
2745
1515
829
-1304
-3907
-4714
-4908
-3997
-2257
-1740
-1438
-687
496
2284
2746
332
-2308
-1476
1509
3793
3890
1806
-51
170
2057
2242
-118
-714
1146
2416
1904
70
-1787
-2288
-1222
-283
-596
-1935
-3705
-3563
-2212
-1877
-1872
-1968
-1392
296
2958
4982
4927
5331
5612
2983
-631
-2475
-2721
-1730
-112
160
-570
-832
-1861
-4440
-6287
-5744
-2645
1668
3527
1995
339
40
-102
-142
508
1045
32
-905
636
2469
1935
77
-290
1358
3407
5077
4224
428
-2716
-4439
-6343
-7716
-7584
-6873
-5417
-1887
2473
5570
6151
3585
410
16
2255
3886
3069
2572
3612
3330
565
-2646
-3640
-1519
1990
3857
3113
603
-1953
-2736
-2426
-3496
-5814
-6056
-4758
-3888
-1589
2324
4336
3388
2589
2781
3353
4826
4652
2605
945
-1162
-2294
-2590
-2599
-918
-82
-464
-1563
-2845
-714
2481
2001
-794
-2107
-1401
-1164
-1008
-1052
-1214
78
871
225
-219
180
299
-141
-1171
-3143
-3771
-2642
-1917
-1489
-694
370
1271
1841
1690
993
1494
2112
728
-1377
-2410
-1835
-809
-286
885
2298
2630
2570
3066
2998
1615
1727
1536
-3243
-8091
-6056
628
1352
-3619
-2279
4564
5127
-884
-2156
1745
-338
-5090
-785
5778
1556
-5778
-1985
4038
-2506
-9829
-2596
6173
3108
-1152
1983
5387
3389
922
2860
4206
2104
1493
2935
1071
-4385
-6475
-3631
-1552
-1625
-929
-265
-971
-1956
-3127
-5757
-8596
-8495
-6215
-2592
1951
5542
7904
8196
6337
5391
6458
7135
6774
6341
4629
1245
-1008
-1585
-2480
-3635
-4490
-6062
-8564
-8389
-4673
-2623
-1360
1534
2251
1786
2381
1720
-490
-3764
-7760
-8063
-1884
2550
-1168
-4322
-3021
-2377
-650
2386
3232
3598
5779
7760
8080
7607
5703
885
-4557
-5548
-2602
1861
5584
4570
842
-1164
-920
857
2597
2015
-891
-3044
-3630
-4903
-5260
-4737
-4648
-3436
-1883
1299
5153
4938
1846
587
1748
2407
2724
2270
358
986
2118
-674
-1185
2079
-525
-7988
-8899
-5866
-7416
-6738
-743
-591
-3533
2334
10007
9791
7929
10912
12272
5295
-6619
-14881
-11902
-1277
4664
3812
3595
3149
-547
-1687
1570
4215
4686
3590
555
-3638
-5905
-7057
-11194
-14499
-13631
-11776
-7914
147
11155
19783
18643
9941
3199
1223
-279
-2953
-2935
445
2510
2440
3113
2906
830
-245
-1517
-5585
-7599
-2277
2089
-1583
-4903
-3489
-2251
-998
1310
3867
5679
4422
4030
6768
8023
6409
2129
-4505
-9645
-10132
-8783
-7142
-3054
392
847
2167
4833
6607
5995
80
-6831
-5097
424
-2415
-6993
-1677
4431
145
-4358
-3297
-8051
-10782
3679
13843
3848
-1731
8412
15188
10241
4010
-578
-5461
-7698
-4345
2586
6613
3963
-1482
-5187
-8319
-9265
-6554
-285
4634
3822
2629
4016
5749
5419
1164
-7445
-13420
-11624
-10243
-11743
-8400
-668
3396
2916
4946
7458
6488
5649
6200
8852
10928
10118
7903
3688
-2347
-7488
-5686
1605
4028
-1225
-4241
-478
597
-2231
-6205
-13709
-17343
-10950
-2563
641
468
-631
-1206
1235
3127
628
-1851
-2086
257
6212
10094
6753
2937
4117
4384
1809
1916
5293
6460
4143
1949
265
-1841
-2295
-1634
-2876
-3232
-517
-593
-3574
-3001
-797
-1331
-3017
-2852
-396
1624
1295
915
1649
2514
3254
3124
2572
2667
1810
-2035
-5982
-6413
-4850
-4388
-4326
-3629
-2175
2633
8140
10122
8926
7108
6799
4438
-1407
-6551
-8320
-7472
-4499
-747
-1276
-3990
-1788
3776
7054
6389
3842
2052
2249
3251
1723
-2850
-7164
-7671
-5014
-3793
-3869
-3750
-3371
-850
1422
349
-2728
-3707
-1890
-714
410
2264
2765
2851
5496
8576
10139
10264
7380
4117
1080
-2872
-5027
-5555
-5939
-5433
-3921
-2801
-1959
-924
-1532
-430
4418
3856
-1250
-1879
-395
-569
-932
-632
-1252
-943
2044
2601
-1537
-3374
665
3639
212
-3015
3330
10337
5255
-7437
-16148
-14869
-5920
8212
16454
1385
-14836
-2509
17197
14531
-594
-1287
6768
5583
-6845
-18735
-12870
4296
11577
747
-13047
-10766
-986
1979
419
2037
7083
7298
4010
2258
-1040
-5579
-9026
-10176
-7420
-4902
-5165
-3973
1604
7390
7005
2985
-63
-1052
1218
5392
8994
9110
4817
54
-3050
-5459
-6253
-4491
-1250
1504
1988
2645
3021
1845
3295
5387
5665
5286
2856
888
3342
3460
-6371
-11267
5332
20211
10740
-4386
-14723
-27618
-24423
8182
29038
8731
-17431
-13712
5429
10466
7274
9460
8780
3700
56
-3275
-2610
2661
1870
-8824
-16859
-6974
11881
19090
12682
4608
903
-3125
-7722
-8932
-8643
-8885
-8179
-8009
-8882
-6618
-2933
-718
1347
5622
11862
14944
10166
-1433
-8774
-4705
1809
810
-4264
-5288
-2406
-278
693
1251
776
954
1771
1579
-116
-879
3479
9178
7682
-1035
-7419
-5850
-772
3463
3804
-966
-4182
-1557
604
-1947
-2703
3512
8213
3365
-3324
-4506
-1415
4189
8209
5821
-2856
-9892
-6628
2011
6040
6154
4359
-1128
-5030
876
8729
7642
3133
-701
-3194
-2605
-304
1778
1472
249
-1581
-5145
-7563
-5902
-1652
-279
-3826
-7211
-4333
3367
7737
6749
6654
8647
7086
45
-4493
-1596
2003
3130
5655
7329
936
-7607
-4838
3514
-1207
-13733
-12394
865
10174
14840
15347
6059
-4392
-7590
-6959
-4724
-1134
616
316
1057
882
-624
-621
2524
5138
1842
-3611
-2147
4773
4957
-2561
-9556
-16890
-22343
-16247
-1731
8005
10041
4934
-3214
-649
9677
15285
14280
7539
-47
-3167
-6739
-15085
-19243
-12866
-1626
9889
18532
18431
11105
5915
3413
-3993
-12235
-12026
-7091
-5160
-3860
2721
8684
7122
4477
3219
-2285
-8777
-7086
-259
1377
1600
6974
9698
3733
-4295
-7404
-7306
-6240
98
8841
10848
6713
1947
340
1992
1546
-2026
-5071
-7556
-6953
-2541
18
-272
-1981
-4744
-5440
-3485
-2468
-2442
-1364
-146
1875
6397
8527
5907
3242
-1089
-6954
-5802
4117
13362
11345
2250
-984
2083
6250
7607
2720
-3201
-3171
-1615
-5513
-11355
-11331
-5674
-803
1122
1691
2861
4776
6694
8750
8589
4276
-1349
-2497
304
486
-1021
-768
-2308
-7117
-8846
-2898
4856
7766
6910
3673
-2148
-5239
-765
3557
2249
-835
-5369
-9566
-8181
-2232
2004
1885
-2067
-6872
-7451
-3937
266
4391
6871
5498
3738
4015
4992
4342
476
-2120
-1751
-424
2381
5198
4646
2532
4158
5562
1477
-2428
-2919
-4049
-6377
-7869
-9057
-9020
-5450
-1592
-2136
-4804
-3919
1201
5158
4820
2337
-92
-1396
-1440
-1431
-1683
-322
1275
-411
-2813
-1167
3842
6993
7625
7530
5871
4205
3207
978
-1794
-1454
1064
9
-4875
-8639
-9261
-8487
-6928
-3626
-988
-1601
-2619
174
4987
5027
1240
-32
943
2523
3845
1406
-3523
-4902
-2497
-1678
-2594
-821
1704
1835
2686
6716
9688
6536
148
-3847
-5029
-5146
-4158
-1864
-998
-2903
-3412
-513
2068
1098
-376
1350
3916
5792
7296
7238
3816
-1107
-1831
187
-284
-3396
-4484
-1079
1798
1923
601
-802
-742
-1527
-2428
-1686
-656
1584
3129
2375
105
-3513
-4924
-3492
-2307
-1892
711
5430
6162
3679
2761
613
-3830
-4065
1318
4291
1277
-1640
-1065
27
511
924
604
-1132
-2917
-3625
-5390
-7305
-5605
-3218
-4434
-4724
-2711
-2737
-1635
2736
3008
-2214
-2911
2278
5904
7535
7568
4914
1996
836
190
-1937
-3527
-2342
458
2097
1980
3545
5382
3144
-141
288
1646
1246
915
-1286
-3841
-1876
2568
4484
559
-5293
-7161
-5239
-2125
195
2810
3931
2217
501
-2081
-4499
-4738
-3213
-957
972
3326
4215
4733
8547
8906
2771
-961
-2419
-7429
-8377
-388
2499
-5741
-10928
-5446
2925
8973
11206
8605
7583
9212
6088
-2446
-7527
-3127
1786
-2012
-8809
-7764
-379
1082
-1606
920
-132
-9579
-9407
3458
10386
8445
2923
-6627
-17480
-20260
-10496
437
4209
3032
2530
2300
-560
-1393
297
361
740
3439
7185
14390
20741
18081
8605
-2320
-12546
-18062
-14419
-6036
-984
-366
-2573
-5883
-4992
1970
9614
11459
7162
1008
-5159
-9980
-10519
-5278
-181
-2907
-6024
-2125
2453
3628
1618
-1769
-3837
1267
9287
5164
-4090
-3880
1394
2892
2002
3606
5272
3599
351
-2472
-2037
3609
7781
3698
-3401
-2294
6717
8115
-798
-6216
-3866
701
-223
-5130
-3707
2266
3864
-33
-3123
-85
6862
11865
11765
6134
-3950
-11714
-10308
-4664
-2796
-2089
-26
-2442
-6869
-2861
6493
8225
4464
4985
2666
-6420
-11247
-10428
-10838
-11055
-4395
2907
52
-4044
1955
12267
14229
7022
356
-1146
1645
4138
1922
-3702
-7314
-4896
-1848
-4466
-6541
-1497
2842
-435
-3662
-281
4843
5191
2141
-1474
-4396
-4753
-1568
2993
2475
-1466
-1558
2969
5726
4007
2804
492
-4805
-7945
-5213
1413
4343
1956
1384
3499
2703
-676
-129
4056
5811
3681
-1580
-4741
-1134
4337
5510
802
-4980
-5129
-2694
-1782
-433
803
-68
-402
1530
1764
43
3
2211
3747
3567
4744
5450
1748
-2758
-4412
-4143
-4305
-4978
-2617
691
0
-627
3891
8352
7222
2599
-1709
-2236
798
2926
2250
3147
4765
-1163
-8379
-5715
1307
3201
1081
-1120
-5352
-7409
-680
5456
3042
753
3748
5184
2979
4039
6858
1880
-8001
-11096
-5838
-725
-157
-355
-785
-1780
1023
4931
2395
-5773
-9256
-3366
5019
10599
11206
6214
-1134
-4878
-3511
-2621
-2870
-718
1003
-1037
-4330
-5375
-2893
2096
5669
4091
535
2005
6718
6058
-304
-5451
-7912
-8051
-3450
2793
4326
1973
1464
3049
4093
3524
-225
-4772
-6194
-5499
-5803
-7236
-7696
-5481
-1859
-606
-327
2456
4809
4361
4475
3334
-590
-2476
-1533
1435
3874
3108
111
-2425
-2914
-2026
946
4679
7088
7048
5130
4000
2536
299
341
1069
-2190
-6075
-6191
-4857
-3871
45
6496
4876
-4712
-10048
-5489
3762
6650
2939
-292
-2951
-5837
-4728
981
4162
3625
4676
5437
1656
-1921
721
5332
4068
-2326
-7241
-8260
-6384
-1915
3217
6015
6373
6660
7924
7456
2737
-2127
-2098
-2079
-7996
-11211
-5312
967
2912
2794
2453
1545
-275
567
4577
7734
4386
-4275
-8646
-6223
-4415
-7827
-9545
-3162
4038
1638
-4127
-1706
3714
4064
628
-3235
-3605
1798
6762
3529
-2588
-2253
1134
-423
-4521
-2468
5126
8761
5047
-1263
-2835
1261
3884
1994
-1866
-2923
393
3440
2273
-137
606
-50
-3915
-4308
-607
3010
3374
-1705
-9415
-12540
-7873
-2619
-3095
-6592
-6377
775
5445
2247
-322
1509
4663
8761
10467
2903
-7165
-6323
1233
3386
1856
3790
6930
7448
6605
5735
4257
2748
2181
799
-2758
-6369
-6243
-3971
-4208
-5639
-6092
-7794
-8140
-2044
5871
9050
7389
3161
-987
-2767
-1310
2258
4598
2964
-1663
-4842
-4726
-4331
-4812
-2574
3409
7673
7359
6188
5482
2431
-1557
-3484
-5793
-8295
-5997
-1747
-595
-699
-1481
-3099
-2943
214
3455
3332
2157
1794
324
-580
606
1214
-186
-1866
-1555
-1505
-5164
-6163
1105
8814
9716
6711
5546
5775
3714
158
-4070
-7968
-6796
-413
2781
-910
-3880
-1474
2058
2905
859
-1475
12
5411
7282
1249
-5345
-5953
-2056
930
220
-719
2021
6223
5098
-728
-3848
-3058
-2118
-2552
-3936
-5224
-5472
-4143
-1305
424
1030
2481
3201
2668
1588
-808
-4412
-6635
-7171
-5738
-580
3646
2359
259
2454
5646
6635
6448
1856
-5799
-6323
-2336
-2192
-2945
-3042
-4872
-6248
-2615
3040
5559
5317
2204
40
2084
4235
4579
4657
4041
1601
-2198
-3992
-461
5839
10003
10451
7769
1357
-4583
-2222
3175
1810
-4061
-7876
-7949
-6936
-6845
-5614
-1956
-268
-1282
-282
697
-774
-2038
-3008
-3481
-1756
-145
-195
3431
9350
6179
-1774
-1793
-62
-3928
-4149
4265
6935
-1206
-5709
-3509
-342
3637
7791
7753
3937
2587
3829
3654
56
-3818
-5640
-6933
-5717
-3796
-4326
-2249
2399
2361
-1010
-1577
1070
1922
1810
3784
3799
765
-2817
-3632
-2709
-2323
-1343
-463
1505
4065
4420
2551
1340
4033
6348
2396
-2943
-3322
-2197
-2033
152
3558
2993
-845
-2185
-2411
-3638
-4099
-3408
-1829
714
3978
5741
5962
5941
4964
2837
1097
565
-133
-265
-208
-2785
-6619
-8196
-8689
-10039
-7302
-1440
-678
-1111
2960
7891
9726
6108
-332
-4018
-3542
-1342
-341
580
3309
5836
5707
2109
-2439
-3489
-986
1730
3924
4930
3244
2956
4407
135
-7336
-8553
-5371
-4585
-4785
-3234
-3008
-3958
-1513
3189
5388
4700
4330
4521
2729
-412
-2159
-3744
-5638
-4362
-2560
-3553
-2931
1876
5065
4437
3848
1509
-585
-1401
-3889
-3141
834
3000
2186
-151
-1419
-1669
-309
2502
3838
4286
4461
3830
2615
997
-324
-1501
-2343
-3035
-3347
-1381
3990
7919
6405
4342
2613
-690
-3358
-4686
-6087
-6547
-2916
1012
-456
-3800
-3494
-1049
-440
240
3486
6376
7825
8605
6198
211
-4254
-5034
-4604
-4483
-6111
-7220
-4094
380
4127
6271
4487
3314
6116
7434
4492
1626
26
-1635
-1348
-356
19
225
-675
-2424
-3786
-4808
-6156
-5322
-3456
-3283
-3754
-4673
-4859
-3828
-2621
-2129
-2051
-1276
-63
2386
7149
9770
5252
-892
-931
2221
1326
-2819
-3866
-744
2773
3167
846
-827
-1319
40
2714
1667
-2442
-2319
2595
4432
1174
-1322
-1978
-3342
-3564
-977
3184
7229
8539
6368
1418
-3748
-4646
-2993
-2873
-3364
-2138
-513
-551
-1119
-1064
210
907
267
1922
4619
4780
4370
2730
-1319
-2432
291
1459
-250
-1379
-23
1748
2132
1858
1783
648
-1198
-228
2415
1974
-1889
-5162
-5036
-2960
-1113
66
1908
5847
8717
6895
1632
-3985
-7464
-7777
-4597
-174
645
-2332
-4595
-3990
-2279
-690
777
846
944
3525
6845
7942
5537
1839
-1420
-4642
-5693
-2984
3251
8639
7990
4605
1850
-214
-129
835
-968
-4754
-5508
-2762
-998
-1047
-177
374
-1642
-3038
-1640
576
1097
-1179
-5332
-8125
-4539
2541
5633
4688
1598
-1915
-2663
98
2859
3444
4312
4527
1999
141
-711
-3662
-6619
-4508
695
751
-1662
1575
4995
592
-4911
-2943
519
-1002
-2674
-599
1760
1399
-1255
-4961
-6150
-2413
2151
3502
2257
-749
-4140
-3180
1976
4723
3722
2057
1103
1044
1704
2062
1079
-359
-2193
-2339
1232
3303
1886
2131
4395
1913
-3632
-3351
1873
5647
4436
-945
-5152
-4179
128
3201
3074
191
-3553
-3406
643
3894
5052
4069
723
-2414
-2659
-1383
139
2298
2573
-2268
-9595
-11340
-5756
-2032
-3478
-3781
-981
1539
1759
1289
1690
2763
4050
3829
820
-2658
-3376
-830
2580
1531
-3620
-4105
842
3248
2594
3199
3134
890
685
1644
-253
-2588
-1993
127
1479
2272
1500
-651
-1056
367
339
-1928
-1927
1245
1700
-2209
-4234
-1890
-914
-1738
731
4116
4203
3073
2582
621
-2670
-4398
-4346
-2583
156
1125
311
282
465
-1577
-2696
167
2363
907
-1852
-3083
-888
2663
4599
2879
-1454
-3225
-1714
828
3257
3351
746
-1561
-2009
-2090
-3007
-3262
-1137
1937
3451
2206
297
1277
3396
3294
2208
1295
535
1028
2293
1776
-1479
-4143
-3539
-1764
-764
6
487
1632
4062
5764
4855
712
-3172
-4007
-3639
-4292
-5502
-4835
-3026
-1148
675
877
149
1493
4593
4307
866
-173
1176
1239
-1237
-3837
-3803
-1089
2677
5080
4277
1740
1016
2109
2949
2730
314
-2354
-2302
-729
404
-823
-4076
-5434
-1792
3503
4286
1006
-2682
-3735
-2821
-3145
-4315
-5741
-6631
-5077
-1811
1861
5358
8178
9449
8145
4837
1573
1168
2036
628
-1485
-1500
-872
-3676
-7070
-5759
-2604
-1306
-1550
-1569
546
3158
2725
125
-1377
-1447
-1412
-2399
-3782
-2974
-1315
-1028
204
2436
2158
217
861
2450
1418
1747
5742
7282
3262
-1446
-2154
-870
-1699
-3548
-3758
-3662
-3807
-2302
-656
-938
-339
2725
3855
2435
3788
6637
5533
1496
-1869
-3757
-4706
-4279
-2602
-911
-689
-1386
-275
905
286
-76
1218
4043
5434
3094
-62
-2111
-4414
-6556
-7391
-7701
-7041
-3527
-265
-186
1495
6355
7555
2570
-1552
-47
2226
2655
3324
2047
-1688
-2773
-128
1252
208
114
1461
1470
226
1323
3286
641
-6002
-9307
-5661
284
4159
4951
3293
1402
802
1151
521
-1138
-267
2831
3932
2586
-907
-5489
-7119
-5039
-2079
271
1658
1927
2380
3482
2509
176
677
2584
1064
-2709
-2476
-77
-1139
-2388
-550
700
-964
-1337
790
1946
3290
4842
2289
-2463
-3002
722
4072
4505
1881
-1970
-4227
-5218
-5599
-3514
422
2889
2170
-212
-1472
-458
360
-269
278
857
-155
445
2333
1354
-2022
-4416
-5112
-4387
-2357
-97
1193
773
-251
-64
1032
1926
1808
345
-339
1330
2807
2498
2802
3301
1058
-1924
-3352
-3877
-2875
695
4971
5884
2653
-1155
-2894
-1665
2786
6104
3227
-1664
-2151
-549
-706
-1785
-2604
-3503
-4159
-2554
830
2183
1257
1776
3229
1766
-1168
-1781
-907
-572
-415
-568
-1457
-2177
-2592
-2744
-2251
-1853
-1391
-125
990
313
-1162
-599
461
1436
3775
4451
3760
4605
5320
3430
-38
-3051
-4024
-1275
1420
401
-1686
-2428
-590
3692
7081
5964
2150
-317
-1951
-2359
-1066
-410
-842
-2184
-4127
-6096
-6599
-3333
1305
3553
4278
5167
5689
4747
3118
1703
810
1319
1813
1171
864
1337
776
-1465
-2587
-2507
-3828
-4121
-1343
572
-917
-3665
-5783
-7264
-6965
-4680
-2879
-1562
-681
-1909
-2457
-649
554
1136
2685
3765
2236
919
3119
4471
1062
-4253
-6679
-4440
-239
3061
3258
33
-2197
-1937
-2339
-1683
3050
6715
5128
1604
-2096
-5125
-3964
-73
720
-1047
-710
1421
2973
4007
4660
4286
2312
62
73
1975
4009
5249
3059
-2448
-5789
-4136
-1448
-1762
-2224
-90
1891
965
-1546
-1934
351
2511
2891
2612
2735
1716
90
1262
3555
2268
-843
-1373
177
2449
4280
4720
5285
5326
2280
-2573
-4333
-1322
1975
309
-4264
-4248
-554
374
-216
201
538
1508
2765
1478
-2451
-4795
-4715
-5245
-4845
-2069
571
420
-2302
-3851
-2436
565
2257
854
-1395
-2007
-273
1762
1300
-758
-2205
-2122
-647
1353
2454
2014
1669
2133
2281
1877
1139
644
595
1166
2400
2069
-196
-1426
-1160
-1430
-2119
-1426
336
750
-721
-1440
296
2019
1069
-383
-249
389
998
316
-2612
-5521
-5563
-1704
3616
6517
5736
2803
52
-2144
-3733
-3521
-1556
283
1352
3073
4476
3924
1891
-212
41
2262
2859
1712
1961
2679
516
-2833
-4023
-3673
-2653
-474
1157
734
-431
-1590
-2097
-2280
-3657
-4354
-2264
144
-628
-2410
-1430
47
-872
-1655
1166
4981
5193
2605
-730
-3141
-2023
1136
3000
3686
3342
2078
1794
2078
665
-2037
-4063
-5955
-7195
-3939
1450
3457
3778
4759
4306
831
-2142
-986
1522
2534
2231
-119
-3310
-3290
-1219
-1589
-3633
-3407
-443
2672
5038
4749
487
-3047
-1735
1951
2466
7
148
1034
-1331
-2314
34
708
-1550
-2706
-607
2404
3285
1438
-1880
-4882
-5620
-3121
-609
-1461
-2055
-198
913
480
368
2100
3602
2290
-116
-1487
-1952
-733
2404
2900
-902
-2136
2166
4588
2360
264
-536
-828
398
2670
3358
2491
1473
-370
-3384
-5001
-2993
-300
-432
-1957
-1907
-267
1045
920
-996
-2479
302
4084
2360
-2207
-2622
47
1188
1497
538
-3116
-4696
-962
3507
3529
69
-2360
-2634
-1512
314
-102
-725
3323
7636
5001
-2631
-5425
-540
3202
2679
1909
1053
-480
512
3566
2795
-1899
-4217
-1665
937
267
-1377
-2291
-3538
-5362
-4092
15
1668
1469
1966
891
-2413
-3620
-1914
-2370
-4574
-3160
1139
3589
3492
3019
2043
115
-372
742
-95
-2011
-968
1588
883
-2574
-4074
-3366
-2520
-238
3400
4458
1370
-1086
1574
6240
6859
3135
-392
-1762
-2537
-3323
-3621
-3211
-929
2758
4347
3257
2766
3164
1306
-2382
-3192
-932
-48
7
1859
3599
3595
2828
1391
-538
-456
1724
2468
1931
2668
3569
2343
-720
-2833
-1999
-91
552
-738
-3145
-4483
-3789
-2685
-3259
-3499
-728
2546
1812
-1967
-2905
-55
1960
611
-1830
-464
4698
6629
1868
-3457
-2751
507
-201
-3661
-4337
187
5992
7439
4523
953
-1950
-4046
-4902
-5438
-6109
-5748
-4237
-4433
-5373
-2289
2032
2358
1090
1992
3871
3887
2145
-114
-1626
-488
1550
1492
-651
-2019
-334
2206
2568
215
-2103
-1494
1841
6165
8619
7009
2569
-390
-1094
-2865
-5025
-5548
-4755
-2035
1503
2171
609
978
2832
3603
3859
3828
2884
1324
-1082
-4530
-6760
-4935
-1104
311
-87
-143
-136
374
1123
1018
1191
2806
4128
3742
2422
57
-2303
-2418
-1122
-414
-794
-1875
-3045
-2546
604
3381
2265
-1323
-3020
-1348
1975
4833
4942
2154
-409
-1579
-2777
-3551
-1730
1305
1977
1014
0
-1371
-1943
-1045
-1097
-2991
-3608
-1520
533
-221
-1697
-143
2344
2166
97
-1376
-1210
350
2620
2431
-590
-1472
156
-44
-1992
-1330
2433
5204
4277
496
-2560
-2193
938
2957
1206
-1323
-724
1432
481
-2559
-3610
-2117
873
1894
-1411
-5620
-6203
-2709
720
731
-1546
-2916
-859
2528
3124
2729
4325
6476
6081
2169
-1530
-1900
-1188
-1686
-2125
-1789
-1494
-1755
-2011
-1093
741
2008
1421
-315
-723
1457
3817
2224
-2047
-3656
-2176
-370
1713
4596
5536
2780
-906
-2520
-1866
-948
-892
-1760
-2538
-1004
1462
2126
1452
229
-1669
-3945
-4875
-3599
-1359
288
-148
-1659
-2112
-1043
1454
4282
5516
4008
1606
1820
4058
4056
929
-2260
-3778
-3273
-501
2453
2880
1656
1274
1148
-651
-2494
-2260
-886
-184
-1242
-2839
-2720
-951
-98
-1136
-1931
-1687
-1241
-770
313
2147
3224
3139
2159
28
-1116
-135
530
-713
-2267
-2133
-281
3008
5671
4688
681
-2777
-2266
1102
2882
1826
88
-1075
-1940
-2283
-2403
-2481
-2216
-2344
-3370
-3944
-2344
-14
1925
3531
3466
2469
2473
4278
5665
3736
500
-1164
-1906
-2985
-2904
-1182
-900
-1810
-1243
-717
-1919
-2234
36
2343
2452
657
-1848
-3711
-3577
-2255
-1826
-1155
745
1388
230
117
2096
3808
3194
924
-1015
-1175
-52
663
24
-1030
-917
-58
410
-288
-1937
-2814
-2389
-2208
-2792
-2342
-690
358
944
1276
665
589
2029
2879
2008
1241
1940
2758
2284
923
-771
-2066
-2235
-1528
-608
450
2350
4113
3525
1244
-1208
-3181
-2965
-1095
-398
-1540
-2439
-1361
709
1710
823
-443
-161
1610
3333
3895
2622
-223
-1980
-1884
-1208
-4
1214
1088
-1230
-3978
-4496
-2428
421
1960
1811
368
-1327
-1549
-6
993
-315
-1810
-1797
-1313
-1483
-2992
-3914
-2340
-131
1809
4109
5983
6124
5358
4690
1823
-2810
-4753
-2976
-619
125
-26
483
1974
2250
-292
-3775
-4676
-1905
1711
4419
4743
1498
-1818
-2793
-2675
-642
4510
7814
4760
-276
-2050
-453
2081
2388
491
-343
832
1498
-470
-3353
-4316
-4017
-4509
-4585
-1992
738
453
-94
271
-1204
-2589
-1358
-291
-903
-77
2895
4341
2977
1441
1337
936
-847
-1059
1170
1727
489
366
782
488
-850
-2744
-3757
-3084
-1499
-464
-769
-1980
-2314
-468
2005
1711
-1112
-2308
-861
1085
2363
2520
1664
1396
1606
316
-1248
-1954
-3168
-3718
-1595
1050
1687
2192
4212
4835
2460
669
1368
1935
1205
1359
2575
2345
1140
11
-2618
-5786
-5950
-2838
240
699
-1153
-2682
-591
5675
10222
7407
1693
312
1541
537
-1343
-2122
-3011
-3075
-1430
-790
-1924
-1837
750
2684
1798
762
847
327
-370
599
1958
692
-2278
-4030
-4513
-4495
-3193
-382
1562
1062
1069
2646
2575
1274
1260
1771
841
-1619
-3487
-3082
-890
1018
1640
2044
2745
3415
2985
954
-981
-1936
-2649
-3399
-3312
-2310
-2014
-1276
1430
3553
3342
1537
-639
-2224
-1901
780
1326
-2521
-5608
-4430
-149
3448
3231
861
305
3066
5755
4628
1284
-512
-138
47
-1079
-2300
-2309
-1053
-371
-1056
-1497
-157
2066
1948
-737
-2485
-1189
2149
3857
1483
-2303
-2834
492
3345
2311
-1089
-1800
1522
3034
288
-1480
200
2137
1893
-609
-3192
-2461
1105
3173
1153
-2459
-3913
-3052
-1308
-422
-1555
-2860
-1505
2268
4962
4005
191
-3529
-4494
-2251
1385
2760
574
-1652
-2123
-2924
-4146
-3106
161
2591
3640
4456
4670
4630
4531
3334
1443
260
387
652
115
-878
-2875
-5270
-5572
-3521
-1715
-818
1659
5005
5829
4686
3110
8
-4014
-5672
-4419
-2897
-1721
-368
344
857
1995
2682
2621
2469
1854
1156
1215
1068
374
166
-382
-2213
-3890
-3593
-1555
-67
-105
27
901
1283
1010
665
238
-191
-564
-1476
-1891
-1146
-1173
-1490
150
2980
4342
2916
476
-643
-299
362
24
-1974
-4618
-5122
-2730
-330
108
-410
-1169
-2670
-3235
-1023
1389
1208
560
765
-200
-1011
136
1123
821
610
999
1487
1685
320
-2058
-1642
1857
3809
2375
869
2339
4643
3667
-8
-3262
-4178
-2787
-1437
-1337
-1264
-29
1604
1433
-1366
-3882
-2663
755
2184
561
-1860
-3930
-5360
-4594
-1832
549
1407
2062
3112
3336
3355
4568
5316
2814
-969
-1651
-224
522
842
723
-225
-526
132
-356
-1770
-1932
-1495
-2603
-4232
-3898
-2877
-2782
-1492
1063
1778
321
-1490
-2294
-1400
465
2550
3603
2551
1184
732
-246
-2003
-1359
1403
2064
1459
1910
1749
-255
-1754
-1406
-590
-127
-694
-1806
-2242
-2043
-2220
-3553
-3786
-1772
-550
-1089
-810
647
1046
625
1343
2972
3792
3018
834
-820
464
2683
2001
-544
-1241
281
943
-670
-1547
742
3994
5127
3461
297
-2688
-4418
-4619
-4428
-4279
-3345
-1422
410
607
-102
144
1871
4130
4031
822
-818
243
-1148
-4300
-4076
-1760
-1040
-970
759
3426
4386
2988
1415
781
644
1008
586
-1004
-1315
51
950
177
-1393
-1743
-747
-511
-1360
-1631
-763
634
1161
358
-405
-367
62
222
-438
-1875
-2624
-2054
-1496
-1458
-1101
-103
471
462
717
808
589
1530
4265
6115
3981
-387
-2737
-2521
-1789
-644
905
947
-809
-2198
-1689
-346
210
363
720
770
927
1631
1687
977
1193
1878
435
-2023
-1430
1877
3506
1764
-801
-1311
267
1720
1204
-405
-854
-14
680
-225
-2427
-3028
-903
1356
2371
2712
1386
-317
682
2709
2502
286
-1424
-1911
-1748
-1199
-1552
-2473
-2297
-1122
38
653
1250
1850
1249
-14
-478
-249
171
395
204
-430
-1333
-2126
-2601
-1973
-823
-1318
-2337
-1462
682
2051
1667
178
-1469
-1763
-85
1305
428
-978
-163
1138
527
-169
717
1607
817
-668
-1639
-2372
-2403
-377
2443
2831
1121
767
2730
3631
1424
-1146
-2249
-2073
-421
1232
614
-1499
-2226
-1265
284
2453
4215
3831
1451
-759
-596
1007
735
-1483
-2278
-364
1268
414
-600
-216
-382
-1623
-1689
-261
919
1547
1519
294
-1563
-2808
-2840
-2448
-2113
-1395
-1122
-1679
-1008
1262
2594
1801
226
-457
112
952
776
-371
-838
-85
594
810
711
117
94
1014
1589
1634
1663
1735
1217
-498
-2491
-3642
-3361
-2038
-1367
-1739
-1871
-721
1070
1619
875
279
41
-59
-356
-1277
-1086
1495
3735
2968
895
90
-75
204
1482
1317
-784
-1914
-1356
-56
1356
1917
1607
1674
1787
643
-540
-654
-1249
-2124
-1665
-223
1136
1232
-57
-952
-695
-582
-1066
-888
161
966
965
494
764
1517
973
24
545
1625
2078
2413
2160
246
-1548
-836
422
-679
-2096
-1555
-723
-983
-1340
-872
-376
70
1386
2769
2519
780
-987
-2446
-3342
-2443
-202
753
235
616
1989
3217
3665
2315
-109
-1207
-485
119
-246
-142
481
270
-367
-82
830
823
34
-180
521
1611
2156
1496
327
-123
-172
-1027
-2407
-2229
211
2116
1500
216
-191
-327
-214
-120
-1508
-3532
-2625
868
2055
247
-1020
-450
904
1891
2024
1586
1235
1149
500
-959
-1383
6
727
-412
-1371
-1206
-646
455
1281
94
-1760
-2037
-1397
-1343
-1465
-265
1950
3131
2536
1063
-348
-289
1704
2524
10
-2540
-2177
-593
369
1149
2108
1702
-721
-2292
-1061
1087
2231
2585
1484
-1349
-3335
-3193
-2039
-1132
-878
-376
902
1952
2025
1496
226
-1442
-1469
-247
-401
-1070
-48
1968
3028
2231
361
-1438
-2467
-2301
-981
632
1654
2480
2991
1984
51
-350
1338
2758
2117
527
-63
283
481
96
-400
-358
16
-256
-1932
-3924
-4000
-1599
1229
1966
596
-1072
-1481
-211
1224
1015
-665
-2526
-3219
-1775
580
1188
-171
-1107
-915
-619
355
2020
2450
1397
294
-895
-2032
-1439
101
249
-125
808
1786
924
-790
-1265
-823
-896
-1110
-957
-564
934
3264
3323
522
-1264
-678
106
440
498
-29
-271
186
89
-759
-1195
-1126
-1626
-2379
-1987
-887
140
1280
1529
-156
-1704
-397
1797
1389
-232
-347
115
-61
-411
-849
-1037
-268
509
-300
-1440
-521
1926
3357
2557
1213
554
30
317
1006
130
-849
-367
-452
-1573
-1757
-485
826
474
-1751
-2983
-923
1434
1269
400
571
1206
1852
2529
1958
-127
-1417
-1311
-1389
-1751
-925
753
950
-397
-843
292
1538
2471
3126
2574
963
214
1126
1883
825
-751
-1140
-961
-765
2
961
934
451
688
1209
1395
1453
675
-2335
-5377
-4770
-2062
-1513
-3083
-3263
-1502
50
970
1675
1803
1289
646
-184
-1117
-961
-36
-263
-1213
-939
63
680
1672
2556
2150
1462
1498
1404
698
779
1339
693
-49
189
388
26
-506
-777
-753
-789
-1313
-2246
-2763
-2492
-1476
94
1143
1209
913
391
-308
-182
1222
2242
1503
-181
-1446
-1897
-1242
471
1456
574
-956
-1370
-801
-365
195
693
256
-15
1518
3347
2903
905
-962
-2396
-2469
-1018
-219
-715
-503
594
582
-646
-1058
-17
754
125
-847
-779
29
287
-755
-2439
-2785
-1166
401
467
417
1909
3752
3610
1621
258
570
600
-1140
-3389
-4198
-3055
-776
926
910
253
158
-20
-581
-771
-723
-423
406
513
-668
-1409
-618
142
-407
-987
-940
-1389
-2121
-1637
-4
1172
1257
1058
791
465
997
1952
1778
549
-139
683
1398
254
-1328
-1185
3
197
-428
-710
-765
-742
-326
463
1357
1840
1196
-826
-2672
-2088
-183
-397
-2631
-3303
-1761
-485
358
1675
2320
1568
448
-373
-855
-719
44
198
-1006
-2071
-2020
-903
1101
1873
187
-711
1095
2479
1812
1054
736
247
235
-131
-1338
-1285
-168
-127
-843
-660
251
789
1233
1770
1168
-751
-1808
-755
511
666
596
-98
-1611
-1595
212
1355
1653
2223
2066
602
-280
393
948
49
-1569
-2724
-2847
-1981
-576
272
-374
-1160
-589
336
187
-801
-1464
-1413
-1041
-495
-105
-364
-674
-605
-889
-1315
-568
755
452
-1285
-1732
516
3117
3182
1062
-1018
-1336
386
3167
4743
3049
-216
-1771
-2170
-3406
-3784
-1441
700
93
-1168
-1127
-69
1418
2398
1877
296
-656
39
1194
985
-200
-1356
-2438
-3066
-2198
145
1895
1721
480
-409
-397
-269
-472
-567
-387
124
358
6
-262
-122
472
731
239
-238
-152
800
1958
1974
509
-1135
-2038
-2936
-3363
-1642
1745
3965
3258
523
-2312
-3315
-1854
67
528
184
-317
-782
-289
1408
3105
2469
-688
-3330
-3416
-1459
986
2293
1451
-747
-2010
-1131
797
1806
970
-161
-329
-1050
-1661
304
2687
1934
-727
-2197
-2352
-2332
-1901
-1125
-502
502
1877
1632
-1340
-3594
-1905
636
816
577
1782
2865
2324
1270
7
-1924
-1945
624
1771
320
-407
1170
2980
3069
1492
-830
-1795
-64
1826
852
-1923
-3246
-2361
-805
693
2174
2977
2747
2301
1968
979
-967
-1906
-680
17
-1472
-2776
-1939
-134
1027
1173
602
-188
-452
468
1493
957
-442
-1048
-1116
-1416
-1128
131
1275
1696
1097
-737
-2304
-1803
-290
15
-350
318
1230
879
227
1075
2644
3047
2394
1355
250
254
1547
1707
-703
-3489
-4364
-3710
-2840
-1818
-119
1108
499
-807
-1049
24
1708
2536
1577
-262
-1049
-186
395
-501
-1501
-1023
575
2045
2624
1870
548
86
545
756
481
190
-149
-24
533
496
-127
-544
-802
-731
588
2321
2955
2895
2547
925
-1513
-2807
-2566
-1952
-1632
-959
232
1209
1800
1546
187
-625
145
794
31
-1214
-1601
-793
296
610
-123
-832
-129
1194
1023
-474
-1013
-497
-941
-2026
-1440
513
1560
1105
-199
-1514
-1822
-1011
-567
-851
-433
686
1699
2306
1911
986
903
1327
1062
325
-6
569
2015
2605
1150
-724
-1743
-1864
-1294
-376
847
1558
1139
804
1487
1812
426
-944
274
2480
1964
-219
-711
178
541
118
-643
-1307
-1023
73
998
1743
2135
1153
-868
-1923
-1395
-645
-396
-506
-881
-1209
-1033
-473
-415
-1174
-1914
-1754
-481
927
923
-124
-412
-361
-1328
-1656
21
1501
988
-48
427
1706
2072
1762
1785
1716
978
579
577
-94
-721
-454
-364
-884
-501
538
166
-934
-819
-83
-284
-1092
-1567
-1909
-1868
-1360
-968
-539
-289
-829
-1477
-856
1060
2596
2773
2197
1181
111
-282
23
604
818
294
-799
-1672
-1192
433
1391
524
-761
-905
-702
-748
-85
1034
1123
514
505
742
438
460
1175
1148
403
449
1328
1741
1206
576
663
1197
1110
538
419
547
656
581
-339
-1908
-2711
-1883
-360
207
-399
-715
-69
617
853
983
1153
1002
9
-1437
-2028
-1239
-390
-830
-1692
-1678
-674
545
837
892
2371
4184
4268
2936
1255
-452
-1763
-2489
-3013
-2784
-1328
16
65
-482
-417
139
256
-338
-853
-797
-233
592
234
-1634
-2886
-2373
-1342
-905
-1023
-1385
-954
382
828
46
-62
868
1168
367
-40
694
1110
313
-650
-996
-940
-285
478
-137
-1024
105
2297
3189
2221
520
-496
-379
31
-338
-862
0
1291
651
-636
212
1743
1171
-886
-2217
-1766
131
1652
776
-1640
-2748
-2258
-1913
-1643
-645
390
1199
2063
1585
-702
-1928
-486
1172
1205
453
92
483
927
851
819
1103
907
352
91
-331
-1037
-1303
-526
450
13
-1063
-333
1769
1979
8
-1384
-1100
353
1932
1948
-98
-2284
-2414
-611
1197
1641
644
-737
-603
1087
1793
455
-1003
-1265
-1023
-893
-725
-198
491
700
-1
-942
-1211
-1320
-1395
-1052
-1064
-1517
-764
1731
3519
2423
177
-406
-233
-1303
-2272
-1704
-707
-132
168
264
8
-554
-698
157
1551
2406
2088
971
65
-126
-101
-179
-447
-1015
-1819
-2848
-3410
-2563
-472
2098
4254
4528
3025
2015
1774
748
-733
-1473
-1816
-2035
-1560
-1124
-1673
-1982
-936
264
556
868
2088
3021
2655
1895
1407
1167
930
-62
-2145
-4292
-4527
-2425
-143
414
-455
-1213
-689
1159
2895
2805
1491
663
314
-190
-417
73
186
-555
-722
-318
-439
-204
1555
2850
1341
-816
-774
233
157
-377
-490
-697
-921
-794
-830
-1223
-1239
-543
199
499
404
334
1062
2457
3132
2401
981
-592
-1815
-1557
45
1284
1492
1075
93
-1150
-1419
-337
159
-943
-1481
-590
-388
-1293
-1809
-1951
-2306
-1976
-733
44
-199
-313
432
950
714
571
596
147
149
1677
2930
2160
528
-228
-110
-298
-1314
-2159
-1360
680
1849
1571
918
49
-787
-574
503
1240
717
-976
-2517
-2686
-1506
34
483
-650
-2140
-2866
-2744
-1756
-200
966
1174
367
-938
-914
1075
2121
780
-532
-682
-314
377
916
740
566
1097
694
-1286
-2083
-395
1273
723
-826
-952
570
1890
1348
-705
-1932
-1324
-529
-279
520
1745
1582
-193
-1200
-219
1249
1742
1198
-44
-1213
-823
718
751
-940
-1659
-347
1659
3174
3330
1461
-1032
-1694
-923
-892
-1195
-351
710
719
502
624
-75
-1171
-794
382
770
830
1368
1669
630
-1084
-1653
-684
541
1154
1417
1489
1426
1399
848
-374
-1197
-922
-166
181
197
186
227
-138
-1263
-1789
-1581
-2112
-2776
-1976
195
1867
1745
348
-954
-518
1596
2730
1294
-825
-1061
547
1764
1384
334
-435
-768
-1026
-1710
-1927
-549
968
646
-786
-1296
-429
618
930
268
-1052
-1978
-1670
-535
131
101
112
119
177
764
1230
1032
1151
1603
1217
245
-652
-1664
-2270
-1513
-501
-847
-1221
-274
708
933
730
132
-277
78
179
-694
-1341
-797
289
862
734
433
352
497
689
900
1112
893
-100
-1498
-2391
-2496
-1950
-585
913
1563
1625
1587
1418
1515
1856
1292
-216
-711
397
724
-592
-1321
-537
-91
-883
-1138
-132
102
-1042
-1139
462
1236
278
-491
-52
550
267
-559
-808
-76
853
909
-54
-1060
-783
850
2000
1542
370
-473
-26
1712
2365
439
-1835
-1831
-549
-425
-845
-197
529
439
397
477
34
-542
-482
-3
-172
-1530
-2908
-2730
-1476
-665
-666
-512
762
2307
2629
1961
1634
1841
1666
929
413
717
1001
465
125
423
314
-133
328
1266
950
-513
-1546
-1379
-440
254
-40
-821
-1092
-854
-417
28
75
-470
-1226
-1113
48
911
1004
966
933
948
1220
1022
53
-362
374
962
551
47
81
270
288
448
1154
1661
688
-1350
-2211
-961
546
487
-318
-560
-380
5
446
535
363
555
1030
646
-604
-922
95
772
331
-454
-503
374
1180
1091
205
-922
-1274
-139
1082
692
-333
-417
122
359
117
-43
-32
-334
-314
746
2063
2340
1904
1987
1704
119
-1200
-1042
-566
-996
-1869
-2245
-1649
-345
403
85
-149
121
523
921
740
-70
-669
-885
-1038
-866
-289
69
-199
-763
-1108
-1156
-1166
-732
809
2436
2953
2606
2057
1716
1622
1505
668
-801
-1491
-622
686
964
535
481
713
568
419
815
1026
472
125
594
546
-805
-2164
-2285
-1644
-1088
-770
-800
-879
-590
14
655
979
811
138
-512
-522
223
1185
1233
429
-163
-281
-145
351
1012
730
-605
-1517
-1612
-1851
-2411
-2278
-1182
-358
-440
-599
10
675
55
-921
-582
122
3
-229
-252
-624
-1248
-1397
-885
197
1440
1749
1230
804
666
860
1126
932
56
-1196
-2208
-2423
-1779
-1097
-1074
-1555
-1368
433
2186
1935
1150
1757
2773
2736
1625
88
-1171
-1322
-420
-312
-1274
-1098
430
1435
1376
1166
1051
674
145
-494
-1216
-1454
-657
471
263
-1170
-1378
434
1744
881
-826
-1583
-631
1278
1827
150
-1564
-1295
190
703
-115
-345
502
648
-226
-350
917
2154
1906
273
-1492
-2278
-1887
-1175
-1002
-890
-20
721
130
-822
-733
-55
261
264
226
73
200
600
233
-753
-907
62
821
590
28
-239
-693
-1691
-1904
-764
389
874
757
60
-813
-1098
-574
-64
-28
2
248
189
-498
-1078
-1130
-1267
-1632
-1570
-612
822
1741
1592
822
591
1438
2444
1937
40
-882
-229
220
-397
-1358
-2084
-2403
-1865
-768
47
553
1136
1690
1403
182
-616
-234
533
706
-326
-2102
-2813
-1869
-555
363
1108
1660
1773
1704
1858
2030
1689
442
-1388
-2186
-1042
349
53
-1419
-2123
-1172
230
595
426
680
721
-277
-1516
-1602
-432
948
1413
851
18
-592
-703
-467
-709
-1525
-1900
-1294
-272
386
690
808
489
61
98
480
882
1247
1227
485
-256
-277
-119
-331
-363
124
240
-359
-569
76
705
505
-395
-1188
-1253
-492
641
1341
959
-328
-1482
-1754
-1406
-1064
-865
-520
188
806
802
558
608
752
338
-534
-1017
-982
-1036
-1411
-1664
-1365
-568
323
1155
2042
2496
1886
613
-327
-887
-1801
-2721
-2547
-1218
371
1291
1113
115
-623
72
1331
1140
-226
-541
650
810
-1131
-2764
-2708
-2013
-1379
-837
-683
-466
788
2255
2436
1837
1344
514
-542
-948
-755
-460
-223
-220
-489
-555
-113
469
918
1252
1618
1826
1221
130
-503
-883
-1299
-1300
-1213
-1467
-1254
-224
610
884
1304
1737
1413
732
341
-239
-890
-840
-719
-1648
-2846
-2672
-1452
-439
324
952
987
894
1415
1458
104
-890
-144
477
-426
-1451
-1844
-1802
-666
1185
1947
1196
617
1282
2101
1703
246
-530
37
212
-568
-825
-200
57
-426
-1138
-2181
-2699
-1387
656
1272
752
851
1403
1150
89
-702
-572
-133
-67
99
791
1298
1005
128
-849
-1336
-951
-70
646
998
974
670
494
471
-117
-1625
-3012
-2780
-1147
200
307
-384
-434
617
1208
308
-1330
-2298
-1626
377
2098
2165
949
-362
-921
-519
261
724
619
304
275
347
-16
-509
-409
-145
-118
365
835
267
-218
442
771
-312
-1050
-84
735
-90
-1147
-1029
79
1423
1912
1024
241
988
2182
2068
837
-65
4
440
218
-842
-1552
-961
45
19
-840
-1159
-339
655
326
-988
-1239
-15
1050
1102
517
-254
-809
-909
-506
326
1049
1074
847
1351
2019
1746
1111
756
129
-1109
-1873
-1270
-290
165
228
-6
-297
-357
-402
-480
-130
517
456
-593
-1306
-844
-644
-1668
-2176
-980
292
341
313
831
772
-16
-448
-265
95
655
917
-69
-1397
-1477
-576
193
489
479
61
-693
-1031
-528
476
1615
1894
289
-1763
-1604
660
2373
1906
-178
-2007
-2192
-1140
-152
26
-372
-822
-1104
-950
11
1257
1703
1143
539
624
776
600
482
419
284
174
131
89
76
329
686
649
359
242
225
156
371
1159
1932
1772
625
-323
38
1080
1507
948
-189
-1107
-1320
-1051
-753
-392
203
420
124
261
920
1263
1389
1822
1537
-102
-1395
-1311
-785
-524
-623
-1453
-2422
-1848
232
1922
2338
2293
2214
2081
2346
2499
1460
-185
-992
-1014
-1295
-1877
-1989
-1440
-542
538
1301
1093
402
250
480
409
224
-42
-710
-1134
-1113
-1572
-2218
-1541
204
1097
918
1031
1667
1833
1050
-158
-1040
-1380
-1436
-1264
-782
-139
403
779
1029
982
700
531
522
317
-198
-542
-777
-1574
-2451
-2172
-956
-100
243
774
1452
1721
1612
1501
1261
869
413
-195
-534
-407
-423
-1055
-1662
-1224
-119
179
-836
-1739
-1275
-52
993
1547
1475
1017
606
6
-723
-413
780
1071
138
-520
-210
230
250
181
499
1019
1114
989
905
583
205
115
207
34
-397
-163
925
1556
1011
58
-587
-816
-602
-128
246
474
559
173
-601
-1140
-959
-191
531
751
481
-46
-646
-891
-521
-259
-521
-584
-133
241
299
670
1227
698
-606
-758
252
754
725
781
440
-273
-712
-981
-1347
-1132
401
2344
2714
938
-1073
-1224
-181
315
253
173
106
365
1046
1136
313
34
577
520
-140
-155
390
287
-259
-256
-31
41
334
770
955
937
669
39
-359
-192
-81
-576
-1408
-1548
-538
529
344
-1020
-1973
-1291
89
707
730
1084
1572
1188
-42
-853
-192
1362
1760
174
-1690
-2033
-965
75
-51
-994
-1355
-487
375
-105
-996
-775
44
109
-488
-590
-175
-79
-228
-78
495
1156
1428
1055
445
454
1282
2171
2036
414
-1845
-3123
-2422
-182
1682
1550
330
-166
145
121
-584
-952
-485
-112
-433
-864
-609
281
880
670
124
-124
133
836
1523
1368
422
-144
134
378
9
-524
-752
-770
-635
-453
-674
-1029
-1081
-1346
-2000
-2250
-1535
-258
747
1019
657
328
591
932
557
-68
-3
213
-296
-790
-437
270
644
822
1228
1545
1195
433
-65
-309
-556
-426
-169
-737
-1818
-2214
-1512
-526
-333
-1025
-1750
-1403
186
1620
1631
559
-350
-489
-233
104
473
803
1064
1065
814
771
1103
1256
682
-213
-333
664
1530
1081
-19
-554
-648
-946
-1183
-928
-501
-590
-1273
-1900
-1992
-1271
164
1237
1049
44
-879
-1131
-510
306
459
48
-551
-1136
-1146
-380
298
312
88
41
96
192
638
1327
1259
2
-1442
-2051
-1641
-613
226
223
-427
-645
-96
0
-813
-1217
-656
-109
132
507
564
-3
-155
296
81
-695
-522
560
1001
448
-220
-168
880
1886
1551
165
-907
-879
-50
531
428
342
314
-382
-1388
-1377
-298
249
-227
-589
-477
-398
-283
134
466
343
121
171
391
384
-234
-1230
-1615
-768
516
1169
1071
806
871
1176
1412
1218
487
-391
-954
-902
-333
69
-437
-1414
-1493
-368
767
817
0
-483
52
442
-769
-2297
-1793
67
863
168
-611
-363
816
1652
1169
160
-85
501
1026
848
158
-652
-1218
-1142
-626
-10
724
1376
1512
953
237
-4
230
508
196
-848
-1950
-1980
-604
858
1206
704
201
121
187
-84
-579
-805
-761
-545
12
535
502
121
-411
-1086
-1449
-1121
-591
-465
-485
-438
-488
-443
-289
-439
-924
-1035
-480
33
267
435
414
355
373
144
-291
-451
-236
59
480
990
874
-10
-641
-236
689
1127
1067
970
783
348
-198
-435
-174
87
-18
-315
-763
-1179
-898
214
1106
762
-195
-520
-338
-278
-255
-201
-245
-148
240
394
258
617
1199
815
-357
-847
-217
515
697
485
88
-316
-598
-697
-526
-185
88
419
977
1318
792
-354
-1053
-855
-30
786
901
361
-236
-236
299
468
-23
-419
-205
201
413
611
678
312
-340
-962
-1146
-333
1155
1545
178
-1154
-1084
-343
-44
-21
287
354
-186
-157
1060
1792
745
-789
-1300
-934
-274
484
1039
870
-14
-1081
-2038
-2482
-1701
-13
1112
1324
1434
1127
99
-435
214
1163
1399
732
-140
-115
844
1332
462
-772
-888
13
684
562
58
-165
-83
-394
-810
-708
-804
-1123
-517
774
1341
851
113
-141
465
1418
1451
238
-1096
-1404
-904
-339
398
1231
1284
533
107
373
690
879
819
171
-320
152
685
279
-296
-287
-371
-866
-959
-276
524
698
43
-898
-1102
-145
1018
1073
206
-138
620
1432
1404
916
470
111
-95
-145
-80
182
501
732
974
1010
809
940
1252
926
45
-578
-702
-662
-725
-880
-808
-408
23
260
312
436
876
1373
1368
812
69
-639
-1122
-1258
-998
-347
276
379
69
8
462
748
332
-337
-625
-432
-24
295
437
341
-13
-365
-363
199
994
1400
1034
28
-678
-402
233
152
-826
-1725
-1583
-644
64
229
295
54
-648
-717
214
850
391
-386
-605
-373
-54
85
5
10
172
162
-27
113
638
1006
798
19
-862
-1326
-1326
-1371
-1568
-1126
71
719
-11
-934
-533
774
1489
922
-243
-698
-28
709
439
-182
61
710
470
-608
-1243
-852
-63
543
772
522
245
521
911
587
-216
-663
-680
-666
-644
-682
-1037
-1329
-928
-184
28
-355
-639
-336
464
1118
709
-818
-1891
-1133
425
1006
679
469
744
1025
803
398
182
-35
-294
-362
-381
-672
-853
-555
-244
-192
80
912
1503
938
-212
-857
-915
-922
-993
-960
-830
-760
-834
-590
319
1286
1548
1110
409
49
577
1573
1972
1333
385
-46
-129
-188
-125
-91
-532
-1080
-869
-55
590
683
352
-140
-648
-1011
-1170
-1173
-999
-794
-751
-827
-1046
-1119
-398
701
910
124
-412
59
926
1254
844
252
-58
-333
-849
-1289
-1063
-185
309
-188
-795
-683
40
1073
1647
1072
-35
-541
-368
-400
-736
-644
-151
23
-291
-587
-633
-395
210
742
714
240
-138
177
915
1156
884
755
731
441
54
-156
-136
-8
-232
-766
-658
348
1095
654
-468
-1242
-1410
-1420
-1535
-1461
-885
-7
686
830
258
-675
-1039
-382
530
679
196
-40
274
802
1046
449
-602
-550
854
1787
1178
-8
-598
-611
-575
-681
-844
-695
-123
431
630
479
177
-138
-311
-343
-442
-463
-396
-460
-448
-188
30
-104
-455
-748
-944
-883
-420
154
406
372
568
1033
1096
360
-610
-1007
-848
-548
-183
450
1157
1086
-93
-1421
-1792
-1122
-214
140
-233
-964
-1112
-193
562
-44
-1120
-996
185
885
628
182
-28
-155
-140
142
346
205
61
316
747
864
718
515
159
-211
-248
-177
-435
-781
-938
-1132
-1355
-1220
-528
515
1297
1315
725
9
-346
-154
-20
-578
-1156
-659
373
511
-257
-761
-448
358
1010
823
-46
-424
249
934
594
-201
-427
-21
396
263
-442
-1235
-1592
-1403
-985
-528
-117
-139
-509
-409
296
728
554
268
15
-200
-63
328
421
39
-431
-462
-63
263
408
682
1084
1256
1021
683
710
945
688
-201
-1126
-1624
-1535
-718
312
570
123
64
700
1103
700
-12
-305
-97
-36
-601
-1284
-1306
-637
144
448
241
11
257
934
1169
442
-508
-862
-539
-55
-84
-499
-423
387
1129
1088
384
-269
-303
-67
-173
-433
-236
533
1159
957
159
-683
-1273
-1209
-538
-269
-654
-657
5
514
437
-16
-554
-506
418
1039
562
-47
147
540
373
-48
-429
-816
-948
-537
-14
4
-160
70
555
916
995
928
1041
991
-142
-1933
-2623
-1756
-548
123
50
-634
-933
-93
983
1198
689
-46
-505
-257
376
461
-352
-1181
-1261
-915
-403
502
1452
1742
1381
847
325
-272
-619
-317
203
145
-599
-958
129
1769
2064
890
-132
-57
647
1205
1076
190
-795
-1124
-809
-428
-317
-257
84
430
392
356
657
867
547
-310
-1210
-1352
-598
264
484
195
-94
-318
-536
-458
199
1036
1385
1121
484
-84
-135
273
539
302
59
192
379
434
571
806
586
-178
-502
210
1272
1535
744
-165
-143
625
893
207
-447
-330
-60
-215
-386
-215
126
350
216
-172
-138
653
1391
1101
13
-766
-708
-132
495
647
26
-788
-894
-352
158
334
134
-198
-315
-214
-16
-11
-513
-1224
-1632
-1576
-932
234
1234
1403
889
389
244
-44
-752
-1115
-390
825
1242
639
-265
-756
-476
226
565
280
52
378
826
674
-145
-781
-693
-331
-216
-110
453
1060
840
-162
-852
-598
30
325
165
-62
131
643
703
-36
-742
-675
-331
-408
-807
-1060
-950
-658
-388
-62
377
680
722
629
369
209
559
1004
857
150
-469
-420
216
739
593
74
-144
24
157
118
174
314
188
-287
-813
-922
-356
557
849
-104
-1458
-1973
-1386
-351
102
-303
-564
251
1574
2151
1683
909
473
287
257
528
827
672
139
-358
-731
-1018
-994
-372
588
1108
920
443
73
-24
244
819
1296
1076
-19
-1136
-1183
-451
-144
-279
46
733
1174
1218
833
254
-103
-176
-398
-848
-752
57
640
438
-179
-683
-686
-57
437
-10
-607
-260
415
536
428
307
-149
-707
-812
-597
-381
-12
438
689
929
1161
775
-109
-342
113
-202
-1331
-1525
-540
30
-289
-525
-241
255
626
579
285
309
673
845
572
62
-434
-812
-1037
-1064
-786
-105
734
1140
742
-128
-683
-592
-254
-99
72
602
1264
1547
1113
325
6
68
-100
-184
309
894
869
291
-385
-892
-1152
-1190
-1090
-708
147
941
914
312
-25
79
249
382
527
360
-346
-1093
-1167
-624
-231
-354
-572
-235
741
1675
1808
1101
387
142
96
177
338
309
81
-98
-96
31
189
292
270
154
60
16
-153
-520
-834
-1005
-1108
-1002
-590
-77
182
85
-37
73
346
645
773
724
744
729
340
-288
-633
-439
136
769
1177
1316
1160
636
122
72
130
-285
-859
-993
-818
-596
-205
315
609
505
325
463
698
584
280
139
113
-61
-521
-979
-926
-386
29
65
98
333
467
199
-260
-444
-289
-66
24
-61
-180
1
469
522
-106
-648
-445
232
680
753
748
644
319
-127
-590
-866
-597
16
263
-22
-262
-18
314
45
-678
-1041
-666
117
589
226
-568
-920
-644
-270
-410
-1075
-1369
-740
-28
-55
-344
-127
449
693
472
141
-119
-284
-380
-388
-309
-332
-626
-820
-441
44
-88
-457
-104
774
1124
852
528
366
340
144
-412
-739
-485
-250
-292
-140
292
638
798
756
445
70
-217
-430
-321
196
425
-272
-1098
-806
74
164
-325
-361
66
624
1241
1484
1057
322
-305
-712
-896
-949
-1100
-1404
-1402
-648
293
548
347
259
289
410
586
583
351
80
-67
-148
-272
-348
-413
-606
-545
20
523
639
625
502
141
-214
-191
80
139
-14
-22
-87
-654
-1143
-807
-277
-401
-928
-1107
-570
267
528
0
-499
-233
491
741
357
216
525
368
-592
-1375
-1017
187
1128
938
-38
-538
-82
636
795
247
-485
-755
-288
490
787
178
-1019
-1821
-1504
-442
247
65
-248
-114
64
-178
-708
-864
-357
209
331
140
15
50
89
211
249
-54
-269
-27
294
432
567
463
-91
-455
-151
307
346
36
-354
-610
-566
-279
-56
-178
-610
-968
-808
-218
176
134
-10
-31
10
-134
-497
-604
-327
-213
-452
-471
178
894
661
-431
-1277
-1062
-32
882
1096
817
541
292
-133
-519
-489
-136
38
-150
-353
-177
189
77
-458
-533
85
568
353
-134
-384
-346
-112
237
462
206
-205
-42
467
680
656
520
173
-33
155
222
-183
-693
-964
-918
-407
391
659
166
-167
-4
3
-211
-159
13
-98
-178
28
-68
-618
-789
-453
-565
-1088
-873
77
728
759
414
-108
-472
-385
61
411
438
287
-11
-285
-278
-180
-241
-290
-85
171
316
542
793
785
535
340
227
9
-241
-456
-668
-701
-484
-311
-373
-397
-15
724
1264
1059
306
-236
-264
-272
-683
-1183
-1102
-353
371
495
25
-553
-659
-328
-173
-363
-293
204
447
53
-603
-909
-710
-421
-306
-237
-110
5
47
95
84
-145
-407
-470
-274
241
785
773
217
-195
-152
-2
132
410
657
571
78
-454
-502
-93
360
511
345
155
86
125
428
985
1278
949
265
-306
-395
34
326
-233
-1243
-1563
-779
387
875
448
16
321
910
905
312
-68
107
433
432
17
-464
-711
-802
-824
-643
-38
880
1383
1175
883
825
640
248
9
-38
-26
112
204
59
-192
-435
-622
-702
-621
-286
241
673
755
461
42
-76
298
772
877
573
-177
-1135
-1453
-852
-42
406
527
470
307
229
324
313
-57
-341
72
735
903
739
486
-61
-816
-1370
-1504
-1240
-646
208
1002
1235
846
376
215
286
496
658
486
102
-85
-120
-301
-422
-325
-340
-432
-226
-18
-228
-282
343
888
560
-211
-591
-337
149
357
112
-244
-57
573
662
79
-174
140
233
30
224
831
1144
849
442
429
724
939
642
-148
-688
-432
232
484
111
-320
-355
-174
-23
293
673
587
93
-252
-285
-352
-597
-685
-381
60
216
174
288
401
308
266
262
-55
-432
-286
153
232
-53
-276
-244
-44
39
-240
-606
-454
141
439
300
128
-73
-393
-692
-874
-812
-454
-191
-337
-615
-716
-468
179
711
737
694
896
975
704
370
255
282
199
42
64
177
124
49
134
168
96
198
320
65
-312
-300
-201
-595
-1062
-966
-513
-126
45
11
-55
56
245
194
-8
36
270
323
101
-43
212
418
-99
-837
-639
334
813
386
-332
-737
-431
397
737
138
-489
-381
7
153
320
632
664
342
-31
-352
-543
-544
-527
-604
-557
-198
234
431
476
420
67
-485
-832
-851
-815
-755
-484
-255
-413
-599
-142
845
1576
1643
1147
388
-96
-73
16
-158
-319
-113
225
238
61
108
340
446
336
231
383
565
310
-208
-356
-75
44
-181
-313
-159
44
84
22
96
321
471
445
308
223
316
622
890
596
-81
-303
-82
-194
-659
-615
185
802
708
376
118
-69
-160
-286
-584
-734
-358
98
-73
-648
-814
-464
-172
-249
-558
-653
-219
330
390
90
-68
21
241
467
421
-14
-392
-202
239
185
-242
-281
188
481
190
-145
52
490
590
322
95
247
686
900
466
-420
-1043
-861
-139
297
131
-85
113
674
1195
974
49
-558
-379
-15
28
-84
-158
-136
21
104
38
231
799
1074
652
-2
-508
-820
-749
-402
-370
-745
-686
131
818
814
451
153
124
385
667
543
-3
-530
-733
-642
-373
-118
-101
-160
90
560
680
215
-476
-996
-1148
-903
-420
-61
-104
-199
153
719
831
290
-343
-532
-291
22
-99
-614
-812
-365
220
380
204
15
-143
-127
259
615
306
-499
-1099
-1309
-1269
-893
-148
517
579
159
-234
-270
-32
-2
-500
-1142
-1184
-565
-121
-287
-404
12
426
456
500
741
719
183
-407
-500
-194
-94
-422
-551
73
844
835
260
-97
-118
-175
-344
-447
-439
-297
-150
-309
-661
-783
-815
-1097
-1167
-576
-13
-105
-173
417
975
701
-52
-454
-314
-44
-25
-300
-509
-270
223
451
284
62
63
191
173
-101
-432
-564
-439
-144
22
-246
-642
-616
-285
-97
-68
11
219
558
832
705
115
-492
-579
-298
-265
-570
-623
-97
514
599
219
-146
-213
37
383
309
-358
-1058
-1250
-918
-372
-59
-155
-405
-581
-644
-483
86
894
1213
663
17
102
564
574
60
-497
-808
-780
-462
-74
205
299
226
71
-37
30
84
-176
-588
-772
-644
-430
-347
-294
-146
-182
-407
-159
550
779
329
-82
-69
193
375
265
71
133
258
98
-191
-323
-321
-337
-462
-732
-1060
-1143
-721
80
788
1048
932
590
167
64
302
295
-41
-158
86
324
401
303
-124
-489
-178
415
519
333
561
1056
1069
424
-391
-890
-882
-388
199
406
278
9
-497
-1008
-811
123
931
992
495
35
-134
-200
-324
-510
-658
-587
-250
117
228
-57
-592
-889
-659
-110
473
945
1065
633
-19
-335
-205
25
55
-38
-8
148
206
162
197
341
440
339
125
11
23
-100
-402
-534
-402
-206
-26
116
99
-83
-251
-235
71
493
592
304
110
261
471
333
-232
-658
-453
-21
83
63
278
531
556
343
88
266
854
982
297
-496
-877
-927
-683
-228
-26
-282
-459
-178
183
274
237
139
-161
-410
-143
385
464
-56
-754
-1213
-1146
-479
301
465
129
129
608
846
477
-57
-312
-309
-103
200
220
-188
-637
-678
-419
-361
-465
-237
178
224
37
147
502
596
186
-421
-713
-420
350
1060
1172
786
336
-8
-309
-515
-398
37
425
499
484
651
801
695
337
-230
-913
-1342
-1088
-356
138
67
-252
-322
36
597
985
905
492
274
440
576
254
-362
-729
-613
-197
248
561
662
572
472
424
292
203
450
784
596
-73
-453
-164
302
349
-2
-257
-59
398
580
296
-144
-412
-453
-356
-226
-49
332
912
1319
1169
508
-299
-800
-769
-471
-312
-390
-455
-222
258
509
178
-255
-76
567
927
630
34
-333
-340
-199
-206
-268
-48
359
650
839
1046
1144
969
661
528
540
329
-189
-640
-729
-530
-300
-217
-293
-409
-276
298
915
948
404
-161
-412
-495
-678
-922
-785
-53
770
1035
723
352
296
429
431
169
-196
-335
-186
-153
-373
-493
-426
-354
-317
-189
158
510
474
87
-228
-181
206
714
979
722
80
-456
-463
-86
198
265
313
319
120
-75
127
698
1087
893
434
120
-101
-250
-149
122
239
127
22
29
80
160
316
561
746
582
-53
-675
-630
-95
175
-101
-506
-559
-121
598
1027
765
300
316
517
359
50
-2
153
267
252
128
8
-17
-73
-249
-296
33
417
302
-172
-365
-69
347
492
321
-28
-390
-546
-429
-252
-150
37
370
644
743
678
448
262
343
368
-92
-675
-631
50
516
124
-696
-1092
-783
-162
109
-149
-417
-301
-73
-70
-85
78
173
-6
-338
-556
-448
29
565
670
350
75
144
428
608
532
311
155
105
-46
-325
-421
-233
-33
9
-10
-55
-173
-326
-401
-370
-380
-473
-414
-65
332
428
120
-346
-583
-493
-247
31
208
194
57
-65
58
558
1079
986
241
-486
-725
-531
-184
48
132
127
-25
-255
-311
-98
172
267
211
110
41
67
90
2
-82
-90
-125
-141
-56
-66
-212
-98
388
789
692
89
-599
-818
-431
92
162
-255
-673
-666
-277
135
324
228
-44
-223
-103
217
401
252
-68
-278
-224
-64
-108
-279
-235
62
367
521
496
247
-126
-364
-419
-315
4
324
354
81
-233
-198
157
347
167
-163
-490
-625
-271
212
114
-424
-729
-562
-123
277
398
173
-183
-323
-254
-252
-372
-450
-382
-176
60
151
64
-80
-169
-92
81
67
-123
-138
12
-136
-722
-1197
-995
-400
-180
-563
-1019
-943
-316
361
560
216
-231
-390
-337
-374
-564
-703
-625
-432
-385
-466
-287
402
1116
995
129
-388
-119
231
162
-84
-240
-189
94
401
498
306
-83
-434
-598
-544
-232
110
16
-417
-567
-279
47
69
-199
-394
-259
-22
65
60
28
27
173
314
239
128
240
483
540
283
-108
-356
-332
-149
29
148
218
259
276
199
-116
-521
-537
-62
362
361
237
285
230
-123
-279
127
579
461
-33
-359
-463
-458
-309
-207
-309
-354
-108
209
229
-88
-425
-463
-330
-422
-702
-818
-643
-302
-18
50
-80
-281
-442
-501
-414
-93
385
557
143
-344
-310
42
158
-82
-426
-521
-202
180
173
-141
-279
3
418
607
546
312
-154
-799
-1221
-1048
-381
275
491
285
32
49
187
163
106
168
68
-378
-775
-714
-284
206
462
293
-15
42
385
586
598
548
339
46
-7
128
81
-218
-527
-677
-572
-174
233
261
3
-93
3
-106
-469
-714
-673
-501
-268
12
163
124
111
125
-58
-166
297
959
1031
581
211
33
-198
-466
-566
-480
-408
-460
-510
-379
-18
370
534
455
242
57
83
218
94
-289
-441
-200
-3
-95
-239
-231
-72
217
547
747
761
663
491
197
-218
-583
-678
-532
-461
-568
-520
-104
478
788
505
-145
-550
-399
37
276
176
6
8
49
-73
-194
-83
213
484
524
261
-122
-317
-255
-151
-195
-365
-449
-154
569
1218
1213
564
-253
-810
-927
-638
-257
-183
-318
-187
117
113
-83
-47
175
189
-160
-466
-184
544
897
423
-374
-721
-474
-133
-97
-165
33
448
755
687
272
-69
86
511
620
431
435
649
662
366
15
-215
-286
-137
122
266
436
711
668
132
-460
-706
-522
99
801
956
567
175
25
-24
-17
63
41
-104
-18
477
964
947
463
-90
-311
-56
401
675
651
389
25
-191
-149
-60
-71
-36
51
-56
-281
-226
173
516
542
483
603
825
948
782
233
-397
-592
-362
-241
-392
-463
-307
-80
106
204
189
147
283
631
836
573
92
-96
-60
-186
-331
-149
251
579
719
573
126
-247
-102
307
280
-166
-419
-366
-270
-190
-133
-160
-171
-82
17
168
429
605
534
326
211
242
242
120
-17
-30
100
192
78
-160
-268
-100
230
468
344
-124
-513
-519
-249
144
581
817
625
263
211
377
355
219
98
-173
-411
-207
278
427
70
-297
-247
124
412
375
145
-52
-190
-389
-598
-526
-143
155
183
165
165
89
-9
-186
-532
-765
-602
-169
224
359
224
-51
-226
-49
398
712
620
301
106
81
-2
-249
-496
-581
-517
-304
42
382
594
593
425
386
646
827
456
-193
-354
32
226
5
-126
-3
118
125
68
87
372
659
359
-340
-430
412
1179
933
43
-471
-262
143
288
332
443
448
311
248
339
454
383
86
-161
-146
38
257
400
278
14
90
517
783
747
632
458
162
-99
-195
-275
-505
-768
-805
-604
-475
-568
-535
-153
211
250
163
282
677
1007
846
295
-45
92
243
-73
-662
-976
-833
-433
3
315
482
544
417
125
35
298
469
263
-88
-395
-693
-949
-1030
-904
-649
-378
-215
-123
98
427
540
292
-4
68
447
504
-117
-839
-909
-384
153
239
-149
-426
-22
728
1025
704
271
30
-180
-346
-246
-22
-60
-383
-661
-760
-757
-610
-245
251
633
663
405
225
272
302
252
335
450
331
72
-76
-71
-38
-88
-217
-330
-321
-173
-10
80
140
156
16
-240
-399
-348
-145
20
-112
-564
-945
-863
-380
101
269
89
-269
-424
-85
470
676
315
-364
-857
-772
-297
-68
-345
-748
-951
-940
-669
-150
302
389
152
-167
-371
-330
-79
27
-251
-621
-641
-272
113
142
-180
-497
-563
-437
-164
181
328
122
-263
-516
-484
-302
-201
-230
-310
-383
-331
-89
147
196
112
-3
-128
-245
-316
-257
-14
258
319
131
-107
-93
279
630
512
9
-377
-297
83
300
137
-97
-82
-42
-220
-369
-293
-146
-49
22
126
216
82
-252
-493
-535
-438
-179
136
211
-47
-404
-616
-595
-379
-148
-47
-16
-53
-229
-343
-209
17
186
287
257
76
-76
-90
-82
-119
-91
66
132
-127
-468
-483
-261
-184
-313
-460
-445
-188
147
319
257
107
13
-55
-41
144
253
-19
-453
-535
-205
121
151
46
214
713
967
510
-178
-320
37
308
198
-102
-245
-161
-93
-218
-386
-329
-37
248
343
315
334
365
247
-56
-415
-662
-756
-757
-683
-567
-456
-328
-173
-119
-259
-432
-374
-110
65
51
5
-91
-274
-308
-114
53
77
64
26
4
84
122
-39
-218
-155
62
159
14
-276
-434
-205
221
302
-77
-434
-411
-179
-73
-192
-402
-430
-169
86
126
77
5
-153
-303
-276
-145
-69
-24
33
-22
-198
-197
86
285
142
-179
-408
-438
-346
-218
-147
-332
-767
-1044
-843
-344
75
239
192
77
30
129
344
450
196
-207
-328
-185
-33
120
342
541
630
664
649
448
45
-321
-504
-632
-654
-449
-307
-380
-324
-15
242
279
248
257
206
-24
-401
-702
-672
-418
-299
-313
-144
305
797
996
708
196
26
306
512
302
-60
-157
39
152
-68
-343
-299
-56
72
137
283
329
203
190
310
207
-113
-236
-114
-142
-413
-529
-276
61
206
146
-40
-210
-165
20
32
-110
-123
29
180
309
469
530
344
-13
-290
-272
-53
61
-33
-125
-50
76
27
-158
-177
41
226
166
-52
-174
-41
264
435
281
-29
-202
-191
-151
-113
6
207
368
391
376
402
327
93
-210
-502
-560
-207
207
203
-88
-217
-131
-86
-156
-116
234
727
969
713
158
-118
30
50
-337
-636
-420
5
181
111
76
226
386
269
-85
-222
131
531
349
-238
-499
-166
370
653
632
555
586
663
627
489
422
426
318
46
-221
-346
-373
-354
-223
-31
-3
-105
-48
213
387
266
-16
-148
-53
-33
-242
-376
-194
109
269
306
297
236
217
276
258
113
-6
-48
-110
-206
-191
11
158
63
-66
1
195
312
269
93
-74
9
282
347
91
-56
131
243
64
-3
248
407
164
-187
-245
32
383
506
272
-209
-543
-332
202
401
167
44
228
362
289
212
234
242
161
104
103
-38
-306
-391
-245
-175
-293
-336
-73
395
759
787
557
373
360
307
59
-213
-246
-75
9
-114
-244
-189
34
332
575
583
376
200
92
-157
-428
-357
-24
223
332
313
72
-158
12
411
550
401
207
48
-12
87
180
70
-166
-297
-225
-91
-26
61
211
223
17
-201
-223
-50
180
363
411
202
-170
-343
-224
-121
-120
2
241
306
39
-381
-646
-636
-528
-531
-520
-280
-4
38
33
214
485
657
566
190
-171
-183
-28
-113
-377
-495
-401
-247
-88
102
336
595
715
511
116
-71
111
354
286
-72
-424
-562
-398
-2
359
477
420
375
440
586
694
672
561
411
109
-327
-579
-441
-84
196
277
234
169
141
185
215
62
-202
-322
-233
-38
141
146
-36
-168
-101
-31
-191
-401
-290
117
415
346
78
-108
-162
-206
-312
-345
-139
163
245
77
-121
-286
-416
-379
-198
-104
-160
-199
-131
2
134
181
170
153
12
-264
-392
-252
-103
-116
-202
-301
-411
-382
-139
83
101
51
99
222
310
266
142
126
193
74
-226
-261
175
616
531
-53
-657
-819
-499
-135
-114
-355
-525
-413
-107
152
255
229
61
-168
-223
-70
25
-130
-359
-360
-139
29
38
107
302
318
-10
-401
-473
-120
412
698
518
79
-327
-625
-765
-588
-75
464
665
480
152
-104
-218
-168
-42
50
146
284
388
381
328
253
17
-262
-253
-15
47
-151
-303
-233
15
290
356
135
-97
-89
-29
-164
-366
-454
-474
-416
-151
225
474
503
352
134
41
153
291
276
120
-85
-275
-390
-369
-232
-29
169
228
108
24
130
192
-13
-327
-521
-513
-342
-224
-299
-352
-171
37
-12
-171
-66
326
551
254
-263
-454
-292
-171
-268
-368
-263
-22
138
115
11
18
143
140
-100
-331
-275
-13
192
264
234
38
-318
-551
-386
74
452
420
-12
-439
-497
-260
-38
13
-74
-228
-342
-225
143
405
239
-211
-528
-515
-328
-180
-186
-353
-553
-578
-350
-68
57
33
-73
-220
-295
-203
7
178
107
-245
-571
-544
-235
13
49
-22
-99
-70
132
340
340
170
49
60
91
3
-184
-295
-236
-114
-44
-2
61
67
-41
-154
-184
-189
-220
-240
-248
-233
-109
82
143
-33
-327
-446
-218
144
333
308
125
-159
-316
-235
-158
-252
-366
-361
-252
-3
357
551
433
203
-18
-324
-585
-494
-116
188
281
277
307
397
366
56
-372
-629
-627
-471
-301
-212
-172
-93
-34
-89
-146
-81
-4
-29
-110
-247
-482
-667
-559
-215
59
123
72
40
97
237
318
157
-168
-390
-421
-382
-297
-8
405
536
248
-94
-180
-106
40
265
409
384
293
145
-59
-140
-23
33
-129
-228
18
433
590
327
-116
-423
-446
-283
-150
-145
-235
-327
-261
33
398
583
491
221
8
31
123
32
-144
-161
-49
14
46
192
449
591
442
94
-172
-124
160
330
139
-299
-601
-438
39
282
130
16
197
404
429
385
401
512
594
467
170
-51
-34
118
193
106
-50
-96
23
169
250
343
470
525
442
279
94
-88
-202
-246
-320
-435
-427
-231
4
241
517
674
535
223
-19
-113
-50
107
147
-21
-174
-129
4
86
131
121
-3
-150
-153
20
230
262
-38
-557
-908
-855
-562
-264
62
458
641
354
-115
-282
-99
88
57
-64
-68
85
264
263
60
-95
-77
-81
-202
-280
-235
-201
-291
-386
-281
-3
166
62
-138
-187
-75
14
-71
-246
-301
-177
41
191
145
-16
-44
78
62
-114
-125
107
285
257
171
95
-23
-115
-78
64
270
517
589
288
-170
-361
-215
-41
19
112
319
538
626
546
375
197
90
99
189
327
462
429
128
-243
-419
-419
-370
-256
-65
100
149
113
48
-52
-171
-221
-105
149
340
345
291
311
345
289
134
-5
12
132
148
-9
-171
-136
100
370
481
396
232
53
-107
-195
-258
-336
-329
-150
88
213
153
-68
-276
-275
-101
111
325
487
500
382
212
-1
-246
-406
-353
-86
218
295
141
106
311
429
226
-165
-439
-354
-5
263
294
209
114
-33
-216
-301
-219
-58
51
45
-43
-99
-35
52
19
-21
121
328
395
408
486
486
323
175
119
66
64
174
240
192
183
241
251
214
197
177
174
284
384
254
-14
-163
-180
-196
-192
-63
174
375
416
314
186
142
187
229
214
173
119
63
63
70
-43
-217
-272
-158
13
110
97
48
77
178
210
151
142
190
116
-102
-258
-276
-262
-226
-128
-26
74
274
520
539
338
269
405
426
216
12
-59
-111
-191
-213
-135
6
165
288
292
237
318
504
479
132
-254
-413
-355
-200
-53
-4
-89
-165
-126
-164
-370
-450
-223
34
126
181
231
222
233
285
297
277
316
416
454
339
182
197
349
373
182
-25
-27
198
438
359
-63
-343
-146
179
123
-276
-521
-305
154
371
120
-318
-513
-395
-198
-52
78
218
318
305
177
24
-11
136
286
171
-177
-357
-129
181
108
-328
-653
-517
-49
362
469
352
176
-50
-279
-314
-113
62
-22
-286
-459
-431
-289
-112
16
-2
-150
-286
-274
-97
137
227
58
-206
-303
-205
-115
-166
-293
-379
-386
-380
-401
-370
-277
-235
-245
-145
77
206
121
-87
-246
-229
-29
204
282
155
-40
-103
14
149
140
-1
-142
-143
55
276
242
-37
-266
-234
-40
56
-41
-175
-146
54
239
198
-133
-550
-749
-595
-219
105
274
333
280
173
142
202
229
145
16
-64
-85
-61
52
201
189
-23
-260
-331
-191
11
20
-210
-372
-199
149
329
294
231
163
1
-210
-323
-214
86
292
146
-225
-428
-293
-71
-101
-329
-385
-135
187
256
10
-224
-218
-154
-221
-289
-200
-67
-55
-185
-357
-446
-446
-456
-452
-238
203
583
687
614
499
333
92
-201
-496
-663
-542
-194
80
111
6
-78
-101
-76
30
194
286
271
198
63
-80
-96
-24
-49
-133
-51
199
414
504
442
192
-85
-132
-35
-49
-160
-188
-64
103
158
72
-48
-73
-12
1
-123
-295
-344
-295
-245
-135
59
253
413
478
332
58
-126
-185
-241
-326
-328
-227
-136
-139
-232
-270
-125
116
243
196
123
142
217
253
165
-18
-174
-268
-302
-229
-122
-168
-369
-448
-234
48
134
40
-104
-179
-134
-30
21
-48
-159
-172
-35
168
238
79
-144
-241
-246
-302
-369
-290
-111
-6
-47
-149
-187
-160
-112
-52
-8
55
212
307
73
-360
-533
-308
0
138
64
-173
-348
-227
59
134
-73
-262
-227
-17
230
380
327
132
-47
-194
-360
-450
-347
-176
-118
-97
-7
106
203
251
173
25
11
155
229
94
-181
-458
-592
-485
-231
-74
-106
-219
-308
-303
-130
154
331
269
82
-63
-97
-26
117
249
266
164
30
-39
14
149
228
210
206
254
250
113
-136
-406
-568
-511
-340
-272
-261
-89
176
216
-9
-254
-367
-356
-287
-202
-40
181
237
54
-127
-99
65
125
28
1
153
262
99
-222
-430
-457
-338
-125
43
47
-34
-26
70
131
100
20
-14
21
42
-34
-137
-95
114
277
272
265
368
420
236
-91
-274
-159
84
180
121
150
336
449
308
-6
-240
-199
64
268
240
148
186
311
397
381
229
-20
-165
-20
270
339
59
-287
-335
-43
263
261
1
-215
-193
10
171
139
32
15
41
6
-51
-52
-30
-11
40
100
143
233
354
359
234
131
91
39
-30
-90
-141
-151
-79
40
99
59
50
150
205
56
-197
-300
-173
-25
-65
-217
-241
-71
149
302
380
423
461
432
259
82
109
203
59
-267
-405
-216
51
102
-96
-288
-216
76
340
412
332
262
292
333
274
221
285
323
161
-117
-294
-252
-69
42
3
-48
-24
28
116
332
623
753
564
159
-176
-242
-125
-55
-104
-161
-85
94
171
60
-98
-156
-120
-36
101
289
485
574
431
100
-218
-358
-289
-106
46
100
131
181
119
-74
-178
-96
15
42
5
-129
-320
-345
-174
-54
-54
-23
67
162
279
371
291
63
-94
-53
144
353
372
129
-135
-140
8
22
-140
-282
-263
-142
-65
-91
-174
-251
-270
-234
-191
-166
-123
-48
-9
-2
21
-33
-223
-321
-99
256
414
318
104
-107
-251
-351
-444
-482
-408
-219
23
155
63
-137
-236
-166
-36
-5
-77
-129
-125
-161
-310
-453
-396
-122
186
339
317
263
289
297
133
-155
-341
-274
-66
89
143
156
147
59
-78
-87
120
297
192
-33
-91
-47
-175
-474
-650
-519
-174
205
465
534
477
363
172
-39
-74
69
93
-169
-539
-750
-687
-419
-144
-7
70
265
537
630
450
170
-34
-186
-351
-441
-368
-271
-366
-588
-608
-300
67
208
147
103
215
408
413
103
-242
-309
-147
-18
-58
-130
-40
144
215
162
163
324
551
644
479
184
-28
-177
-318
-299
-36
210
168
-32
-110
-22
81
134
172
189
156
74
-50
-218
-368
-404
-334
-225
-93
27
8
-190
-373
-307
0
311
431
375
289
273
278
168
-38
-133
-34
61
-8
-70
80
301
312
96
-148
-253
-184
-72
-62
-121
-167
-260
-397
-390
-202
-60
-60
-70
-83
-203
-278
-103
146
152
-53
-145
56
393
515
192
-358
-604
-331
85
227
141
75
94
154
241
267
114
-135
-234
-99
121
276
303
220
148
232
451
525
247
-194
-440
-363
-110
70
48
-64
-80
13
117
190
237
271
271
244
230
208
144
78
94
199
306
331
209
-27
-162
-42
185
275
211
141
203
391
424
15
-587
-784
-415
82
284
178
-44
-177
-121
15
73
34
-22
-75
-135
-157
-122
-44
28
-24
-200
-259
-72
144
166
45
-39
48
293
446
285
-35
-165
-61
10
-84
-156
-12
249
377
235
-71
-278
-233
-62
31
19
9
48
26
-134
-299
-256
-34
54
-157
-383
-290
0
136
46
-94
-132
-32
135
267
348
372
243
-34
-253
-268
-160
-83
-79
-140
-224
-227
-132
-47
-6
72
162
158
63
-60
-182
-271
-256
-109
54
57
-86
-145
6
203
254
151
14
-35
31
132
214
325
460
501
372
142
-124
-426
-653
-604
-243
186
393
332
142
-28
-68
38
210
345
374
257
54
-62
-44
-77
-247
-373
-332
-233
-117
101
311
310
141
-13
-90
-121
-106
-86
-127
-145
-37
75
36
-52
-6
151
230
73
-273
-524
-445
-136
126
222
183
7
-245
-387
-358
-252
-158
-110
-127
-163
-156
-153
-207
-244
-179
-69
-16
-19
7
80
91
-45
-233
-325
-314
-282
-204
-38
55
-23
-40
218
530
503
110
-294
-406
-312
-245
-234
-191
-117
-119
-214
-273
-162
97
308
326
199
66
17
30
-13
-167
-327
-389
-372
-333
-277
-165
6
124
73
-59
-46
153
324
243
-53
-287
-261
-78
28
-5
-59
-100
-213
-338
-262
34
338
510
531
370
73
-181
-316
-414
-469
-400
-247
-86
87
237
250
115
-10
-8
71
86
-63
-291
-375
-211
19
88
22
-17
33
118
157
84
-76
-177
-156
-123
-155
-169
-63
98
120
-26
-113
10
215
340
370
304
128
-37
-57
69
232
302
241
116
30
27
53
44
15
5
-8
-4
123
322
380
250
80
-45
-88
17
182
220
147
92
39
-31
-17
88
126
29
-76
-90
-33
84
224
248
101
-62
-120
-151
-188
-129
10
123
202
256
216
76
-24
4
110
229
300
257
155
85
-9
-153
-195
-80
1
-50
-81
11
138
154
24
-131
-127
49
204
204
99
-42
-174
-199
-64
141
279
264
99
-113
-252
-279
-235
-151
-53
54
236
503
684
619
411
266
202
116
-15
-178
-388
-545
-541
-428
-329
-271
-186
-33
114
129
30
-37
-8
55
69
7
-89
-118
-40
37
-3
-68
14
232
391
311
31
-222
-265
-141
-29
12
91
211
180
-20
-121
31
222
181
-45
-207
-199
-96
6
47
47
89
206
296
229
91
82
157
91
-128
-254
-161
10
42
-126
-364
-475
-401
-304
-308
-288
-88
198
325
193
-15
-74
2
63
68
81
94
62
-26
-147
-221
-154
1
93
106
115
103
30
-39
-32
24
74
64
-43
-192
-235
-118
15
14
-76
-91
-34
-29
-49
-1
106
180
165
70
-23
7
126
140
0
-109
-48
99
162
90
0
23
131
195
138
12
-51
12
122
162
113
60
76
120
114
62
49
152
311
352
181
-84
-249
-220
-35
127
106
48
151
284
235
69
-47
-73
-32
27
16
-43
-16
93
117
37
6
44
29
-66
-127
-51
121
209
98
-107
-210
-144
-42
-56
-153
-170
-54
58
61
27
34
69
68
-45
-235
-353
-311
-191
-77
62
206
243
145
29
-34
-99
-189
-253
-279
-277
-155
123
356
359
227
131
69
-23
-98
-100
-84
-84
-59
-29
-43
-40
46
189
326
390
339
219
157
181
155
26
-95
-137
-156
-133
2
137
138
78
101
213
305
295
172
23
-8
132
303
321
171
-33
-176
-153
47
253
267
133
66
124
207
219
110
-54
-166
-217
-247
-225
-130
-1
89
65
-26
-3
172
281
151
-107
-302
-363
-327
-241
-135
-10
111
117
-28
-160
-109
31
6
-201
-332
-200
80
254
204
4
-178
-211
-92
82
207
209
70
-117
-239
-275
-265
-250
-246
-206
-74
113
220
185
95
16
-42
-38
57
178
194
51
-129
-179
-64
56
41
-21
19
128
200
230
215
76
-148
-270
-190
-18
79
42
-56
-71
24
87
69
86
160
148
19
-62
3
126
180
125
13
-45
35
181
218
118
51
109
186
167
69
-27
-53
36
176
252
211
89
-17
-41
10
84
98
44
64
184
180
-32
-172
-26
197
190
-36
-247
-237
33
366
444
162
-210
-338
-185
57
220
259
181
60
16
61
115
127
60
-62
-103
25
180
180
72
22
94
189
165
46
-47
-82
-111
-143
-123
-21
70
1
-200
-300
-166
18
-15
-224
-321
-210
-78
-80
-159
-154
-10
109
3
-239
-318
-153
-5
-93
-275
-285
-93
97
92
-64
-158
-117
-72
-116
-192
-200
-155
-161
-252
-335
-295
-127
17
-1
-114
-154
-103
-53
-13
45
65
-28
-177
-228
-172
-163
-251
-319
-260
-62
156
187
-35
-336
-471
-371
-170
-50
-104
-236
-235
-31
179
168
4
-70
-13
47
49
6
-85
-213
-292
-277
-239
-212
-130
-8
29
-57
-145
-106
52
190
171
-2
-178
-208
-110
-55
-135
-257
-303
-241
-104
35
108
87
-17
-141
-176
-79
51
70
-56
-199
-194
-38
49
-86
-313
-412
-362
-285
-218
-128
-39
-23
-107
-212
-223
-132
-55
-95
-192
-192
-58
92
104
3
-27
40
58
-20
-103
-134
-161
-236
-321
-351
-330
-312
-286
-166
53
226
240
143
39
-46
-165
-333
-491
-584
-583
-482
-315
-126
73
263
365
313
165
70
52
5
-99
-192
-253
-302
-331
-325
-285
-178
-19
76
40
-70
-145
-159
-176
-245
-321
-350
-355
-344
-290
-193
-110
-122
-219
-258
-128
55
78
-37
-74
64
169
12
-273
-331
-91
131
95
-90
-180
-79
111
212
164
75
53
55
-10
-79
-12
161
283
262
129
-11
-61
-29
0
4
6
4
-26
-64
-47
25
60
16
-49
-62
1
132
284
351
265
92
-42
-86
-72
-27
25
2
-109
-212
-216
-95
71
159
113
-31
-169
-240
-266
-255
-155
-2
38
-90
-191
-79
136
198
61
-111
-135
25
198
207
70
-66
-119
-108
-52
50
186
277
217
36
-81
-58
-43
-159
-349
-449
-304
24
233
170
48
73
131
64
-51
-54
54
127
75
-48
-107
-21
99
59
-143
-289
-240
-107
-63
-87
-51
23
6
-118
-251
-252
-25
292
413
268
50
-79
-124
-145
-171
-215
-246
-184
-22
115
162
182
177
122
77
88
106
75
2
-89
-156
-152
-82
6
109
244
329
289
208
179
148
73
16
-37
-160
-312
-397
-380
-239
1
172
111
-95
-187
-62
113
162
102
68
102
107
7
-144
-193
-74
120
242
216
108
72
176
300
318
219
48
-123
-214
-193
-74
99
216
143
-77
-192
-44
215
311
197
57
64
206
293
146
-151
-319
-217
19
175
208
237
331
386
282
109
56
119
120
45
55
191
293
213
19
-91
-10
139
131
-41
-159
-106
-22
-46
-97
11
301
551
566
430
374
459
506
387
189
70
97
174
172
98
60
47
-15
-30
143
421
593
580
467
354
291
242
111
-83
-169
-61
88
120
78
109
205
250
235
208
176
147
178
258
254
99
-100
-168
-13
285
497
448
222
26
-57
-70
-65
-58
-48
-8
80
174
203
196
242
290
218
91
114
330
504
439
181
-71
-153
-46
149
303
357
316
216
99
-27
-163
-254
-230
-94
94
241
268
185
114
126
176
213
232
236
197
109
34
-9
-84
-201
-252
-128
98
227
197
146
188
233
160
27
-18
64
169
173
52
-95
-151
-109
-57
-32
24
169
358
435
311
132
100
208
295
227
-11
-269
-333
-184
-22
2
-72
-107
21
273
454
421
270
219
276
252
60
-135
-133
21
117
58
-43
-38
95
254
330
324
296
270
223
119
-74
-308
-430
-351
-175
-93
-126
-97
107
346
390
241
105
90
95
-12
-201
-335
-348
-297
-235
-177
-129
-63
31
85
64
46
50
-28
-205
-312
-219
-48
17
-61
-175
-206
-112
54
138
69
-67
-147
-93
98
335
437
315
106
25
101
139
10
-169
-199
-48
127
188
146
97
113
207
322
361
298
194
101
49
69
115
111
72
78
141
168
112
62
112
211
252
216
142
57
-22
-59
-24
66
158
204
188
116
10
-82
-119
-96
-24
90
227
315
280
142
12
-12
62
165
215
136
-43
-173
-148
-30
27
-55
-180
-214
-164
-107
-72
-68
-93
-85
-3
77
45
-71
-137
-113
-98
-143
-188
-156
-41
50
23
-58
-60
6
33
4
-20
-6
7
-28
-108
-192
-242
-272
-274
-215
-105
-41
-100
-201
-191
-67
11
-39
-136
-184
-169
-144
-141
-136
-93
-23
25
31
15
-6
-27
-59
-109
-147
-124
-28
68
54
-89
-244
-266
-171
-87
-43
26
86
28
-134
-260
-237
-104
4
5
-48
-51
42
146
127
-20
-187
-281
-252
-123
-31
-100
-265
-347
-274
-126
-8
29
-44
-189
-279
-234
-109
-14
-5
-62
-103
-61
3
-30
-144
-207
-145
-11
69
14
-113
-208
-264
-326
-355
-245
-33
95
49
-72
-149
-178
-210
-276
-369
-416
-350
-177
16
115
93
-5
-136
-267
-340
-321
-258
-213
-189
-187
-233
-302
-336
-315
-253
-170
-92
-46
-47
-62
-72
-122
-225
-315
-361
-381
-339
-163
97
263
198
-41
-247
-296
-263
-268
-288
-237
-103
34
72
-18
-161
-241
-220
-158
-104
-44
-13
-93
-244
-308
-224
-72
41
70
28
-29
-58
-79
-153
-262
-310
-257
-130
23
137
132
-23
-233
-325
-232
-53
72
84
51
50
35
-84
-264
-380
-441
-508
-516
-390
-215
-163
-267
-383
-375
-233
-71
13
23
8
-23
-115
-254
-337
-310
-234
-165
-105
-40
44
118
84
-84
-233
-224
-102
20
92
123
119
88
63
65
53
-5
-45
14
163
264
203
33
-95
-74
75
225
265
198
121
99
104
82
56
74
118
146
143
139
181
263
313
258
133
50
69
159
239
219
69
-107
-163
-77
63
178
222
180
83
-15
-34
115
395
611
597
349
19
-171
-117
42
70
-42
-97
24
259
453
478
321
120
38
79
129
131
122
73
-92
-304
-390
-275
-34
174
221
121
20
29
91
106
81
75
66
15
13
129
221
134
-37
-81
83
334
465
381
150
-87
-238
-268
-148
77
250
259
151
51
19
18
-21
-90
-72
100
324
427
340
177
114
178
260
290
303
335
342
248
92
-6
19
125
209
222
223
282
356
349
261
179
168
230
286
251
156
124
184
225
187
140
135
145
170
217
214
108
-25
-85
-34
89
184
194
176
174
166
134
109
118
153
208
255
194
4
-161
-150
-17
84
107
142
261
400
459
419
332
242
156
84
80
171
281
278
103
-133
-253
-179
24
236
363
360
275
177
79
-10
-38
23
131
217
244
221
204
205
146
8
-77
-15
106
182
210
191
77
-93
-155
-37
153
261
254
218
215
214
172
117
87
68
59
92
152
167
84
-49
-115
-66
49
125
101
56
86
124
14
-227
-400
-373
-211
-67
-25
-32
8
86
102
32
-24
21
68
-33
-263
-449
-444
-280
-112
-16
60
170
256
244
166
90
13
-95
-177
-149
-37
76
152
170
75
-62
-69
57
156
119
13
-11
57
107
93
44
-19
-86
-122
-88
-4
53
32
-49
-118
-115
-45
34
71
58
17
-15
-12
21
52
87
151
229
267
232
154
63
-32
-112
-145
-90
33
124
100
5
-60
-85
-123
-181
-214
-177
-65
58
99
44
-39
-87
-93
-88
-94
-105
-88
-38
6
3
-45
-98
-131
-118
-24
137
270
265
122
-33
-87
-62
-42
-34
-9
5
-66
-208
-314
-303
-197
-95
-49
-17
44
108
94
-15
-134
-174
-155
-148
-167
-160
-94
-10
55
103
142
148
105
37
-12
-25
-39
-78
-136
-186
-184
-124
-47
-7
-35
-111
-171
-150
-54
40
74
42
-20
-56
-73
-126
-219
-252
-139
24
65
-39
-168
-198
-120
-31
-35
-109
-144
-83
29
93
51
-51
-114
-117
-124
-155
-176
-180
-204
-259
-268
-156
0
48
-17
-85
-105
-126
-182
-258
-330
-352
-271
-138
-74
-93
-92
-18
69
107
106
80
18
-65
-155
-237
-258
-175
-57
-22
-63
-63
41
205
339
360
254
85
-71
-159
-165
-136
-155
-257
-357
-327
-156
45
180
193
63
-127
-213
-117
43
102
24
-120
-234
-245
-195
-188
-231
-251
-218
-154
-75
-30
-72
-141
-142
-97
-83
-75
7
98
43
-165
-360
-410
-318
-172
-70
-70
-105
-87
-57
-110
-195
-155
10
109
20
-143
-198
-140
-99
-167
-295
-337
-247
-149
-155
-236
-325
-391
-408
-342
-200
-80
-89
-200
-241
-119
23
-29
-232
-319
-178
-2
-8
-176
-339
-363
-262
-162
-120
-83
-47
-84
-205
-340
-430
-442
-366
-273
-259
-319
-352
-301
-239
-280
-430
-556
-481
-193
103
204
92
-110
-273
-325
-284
-222
-145
-20
98
81
-73
-198
-167
-27
78
49
-83
-178
-153
-68
-17
-33
-100
-194
-303
-401
-418
-297
-107
7
-25
-125
-159
-67
108
253
271
151
-26
-148
-175
-127
-67
-76
-151
-218
-246
-246
-182
-29
141
204
112
-45
-159
-206
-221
-235
-238
-195
-125
-93
-103
-121
-125
-84
16
121
159
130
85
65
22
-105
-243
-263
-165
-45
34
56
10
-85
-169
-184
-76
142
354
417
300
137
59
46
15
-34
-48
1
56
27
-62
-91
-39
8
22
28
39
70
116
144
121
63
-14
-101
-138
-84
7
37
3
-20
16
79
106
100
108
118
68
-54
-152
-118
35
177
185
72
-36
-50
0
1
-85
-151
-110
-20
15
3
16
47
13
-118
-244
-202
15
220
243
84
-129
-258
-231
-82
50
62
-14
-61
-3
112
181
142
26
-98
-178
-196
-152
-37
88
129
89
25
-17
-29
-17
19
57
69
96
191
299
303
189
22
-126
-192
-138
-22
18
-63
-130
-53
110
197
145
42
-12
23
145
277
283
125
-59
-125
-49
107
246
271
173
72
79
168
253
286
261
200
145
132
158
175
133
49
6
30
48
-14
-112
-133
-54
34
66
75
118
175
175
100
18
22
110
178
147
43
-39
-56
-36
5
82
169
229
301
387
376
191
-83
-291
-335
-236
-102
-26
-12
-17
-33
-25
72
209
246
157
79
113
191
171
-5
-218
-276
-125
91
190
136
28
-18
-12
-26
-38
20
129
194
141
-26
-196
-227
-130
-34
15
96
248
363
332
168
2
-60
-23
54
115
148
146
89
-10
-74
-45
29
102
208
346
410
312
119
-9
-6
29
-17
-108
-102
24
136
153
130
131
144
120
58
37
113
200
167
34
-81
-118
-105
-75
-20
85
211
277
240
171
158
208
263
284
278
253
238
262
292
267
180
111
134
219
281
288
282
285
273
233
213
243
292
335
374
407
399
330
222
113
47
49
98
174
251
252
163
116
200
332
405
421
400
321
185
72
59
124
170
146
105
112
170
222
213
158
117
124
140
106
47
41
110
197
235
199
133
118
143
107
-9
-91
-43
69
96
-6
-119
-103
13
85
58
12
27
95
168
203
175
86
-30
-103
-68
49
111
23
-106
-120
-18
114
193
173
91
18
-24
-84
-159
-176
-104
2
52
6
-82
-109
-34
64
80
10
-58
-56
-3
25
-33
-147
-209
-172
-96
-50
-45
-52
-56
-82
-139
-154
-63
84
159
108
11
-42
-49
-22
33
84
81
39
6
-36
-118
-194
-182
-90
2
53
94
160
228
261
257
213
137
79
71
60
-6
-88
-130
-156
-166
-107
40
243
428
459
281
50
-39
-16
-30
-110
-199
-247
-219
-113
11
97
150
171
142
85
58
74
85
57
6
-19
-2
16
3
7
69
124
91
13
1
77
130
68
-63
-154
-165
-155
-182
-232
-227
-107
59
114
8
-176
-313
-349
-324
-285
-222
-119
-17
16
-14
-27
-9
-22
-94
-168
-192
-159
-74
21
28
-80
-179
-157
-22
139
220
186
96
27
-37
-138
-222
-203
-88
24
40
-48
-166
-201
-101
39
70
-24
-105
-72
23
80
86
71
40
10
15
59
98
98
58
0
-34
-29
7
83
172
168
24
-121
-109
40
166
177
104
24
-13
-35
-90
-177
-234
-199
-55
149
293
310
240
161
109
91
109
133
111
39
-45
-84
-62
-24
-14
-20
5
46
63
72
77
32
-90
-205
-217
-127
-36
-18
-38
-22
28
40
-1
-17
39
125
186
220
240
194
46
-157
-318
-361
-291
-169
-65
-6
16
9
-15
-44
-59
-37
2
-21
-116
-160
-78
23
22
-43
-58
0
54
57
29
1
-34
-92
-163
-190
-128
-25
10
-48
-125
-184
-235
-242
-179
-105
-89
-115
-137
-151
-188
-258
-321
-327
-237
-45
180
315
276
87
-149
-281
-218
-37
89
34
-145
-274
-242
-110
-27
-63
-153
-185
-121
-15
47
10
-90
-139
-89
-24
-1
1
1
-44
-130
-179
-145
-64
-9
-3
0
31
57
36
-40
-109
-95
-37
-27
-75
-95
-54
-20
-47
-128
-182
-142
-35
46
57
41
38
28
-17
-87
-133
-130
-108
-125
-175
-174
-45
166
298
258
115
-18
-76
-25
58
20
-135
-215
-122
26
91
71
6
-83
-141
-92
49
156
133
-3
-164
-266
-279
-239
-214
-186
-92
63
186
185
65
-77
-122
-50
41
63
46
61
87
38
-97
-199
-156
-9
116
160
149
133
93
-8
-106
-108
-34
-13
-97
-186
-194
-148
-116
-110
-97
-63
-45
-65
-57
34
143
152
31
-121
-165
-73
35
52
2
-41
-50
-58
-95
-141
-173
-195
-226
-229
-147
-24
39
9
-54
-79
-63
-36
-23
-29
-45
-53
-52
-48
-34
7
49
41
-11
-56
-76
-91
-107
-113
-88
-14
76
114
77
8
-31
-39
-66
-113
-132
-84
32
171
241
179
50
-17
16
91
140
148
128
75
-13
-92
-83
18
130
183
164
116
86
83
80
41
-41
-141
-206
-163
-19
130
182
123
39
52
180
287
267
163
73
24
-30
-89
-59
105
296
354
245
90
13
22
61
89
76
16
-39
-36
7
27
16
15
59
147
212
190
98
-2
-65
-93
-99
-59
26
103
135
128
84
-9
-99
-97
0
100
130
121
112
91
54
27
24
15
-12
-47
-72
-76
-68
-62
-59
-41
4
73
131
133
76
-9
-89
-129
-120
-111
-144
-188
-185
-123
-19
60
80
80
78
54
14
2
19
0
-58
-86
-42
21
40
14
-32
-67
-40
40
90
77
62
85
101
73
45
38
1
-75
-122
-123
-134
-162
-152
-75
66
268
439
430
242
52
-10
8
-3
-78
-140
-120
-51
-29
-88
-132
-79
3
-1
-74
-79
45
183
173
11
-141
-146
-24
95
136
118
98
98
74
-27
-176
-270
-258
-160
-34
73
152
179
135
49
-19
-64
-108
-122
-83
-20
12
-2
-44
-89
-111
-95
-17
116
240
292
255
161
61
-16
-87
-147
-144
-62
19
18
-26
-32
-9
-15
-46
-62
-54
-36
-8
43
87
70
-10
-108
-158
-116
-25
21
0
2
51
54
-27
-117
-156
-173
-191
-153
-31
122
201
137
1
-76
-83
-101
-155
-182
-142
-69
-28
-44
-83
-98
-72
-33
-17
-58
-131
-151
-83
4
54
79
90
71
14
-76
-179
-230
-183
-93
-61
-76
-42
56
119
71
-65
-192
-208
-110
-14
-6
-40
-37
-10
-34
-129
-223
-244
-197
-147
-114
-54
26
65
54
43
50
34
-33
-130
-197
-184
-120
-90
-100
-68
52
187
232
174
89
45
28
-16
-60
-51
-2
16
-26
-51
-3
58
45
-14
-19
30
76
101
102
66
18
8
32
47
51
71
113
146
136
70
-23
-73
-29
64
132
156
150
114
54
0
-26
-31
-27
-22
4
61
95
76
63
106
159
148
89
60
99
184
260
262
187
112
107
136
88
-46
-140
-135
-105
-96
-62
30
129
159
117
74
78
73
-11
-109
-106
-3
82
59
-18
-31
31
78
62
12
-24
-10
49
105
140
158
127
37
-18
45
133
115
15
-53
-38
5
-5
-89
-179
-176
-88
-26
-39
-48
4
58
36
-25
-22
57
137
137
63
1
12
61
68
6
-82
-147
-162
-127
-83
-81
-127
-152
-102
-23
31
40
-2
-65
-95
-73
-47
-38
-24
-6
6
24
37
22
-3
15
87
147
142
88
8
-91
-146
-85
17
33
-54
-139
-145
-74
8
42
37
52
133
219
229
166
79
-3
-61
-59
0
64
105
132
133
93
62
85
111
70
-1
-23
0
20
29
39
36
25
32
33
4
-18
19
84
118
111
79
30
-32
-97
-140
-125
-37
84
163
158
103
44
-5
-38
-51
-49
-35
-17
-32
-93
-148
-136
-85
-64
-87
-89
-33
34
66
59
11
-85
-178
-174
-74
44
118
110
13
-121
-214
-202
-87
37
69
23
3
54
97
58
-45
-155
-238
-262
-187
-63
-1
-28
-76
-94
-71
-19
44
95
113
92
35
-35
-90
-118
-84
0
52
35
2
3
10
-2
-6
21
50
32
-26
-63
-30
17
-12
-123
-199
-135
17
131
135
27
-122
-198
-146
-39
20
15
-16
-24
21
82
99
63
-13
-102
-159
-138
-43
39
50
15
-16
-28
-38
-43
-28
12
52
27
-66
-136
-117
-22
68
78
15
-45
-41
-16
-26
-26
40
123
124
67
42
62
58
5
-33
2
62
58
-19
-83
-61
-1
10
-17
-6
54
103
104
70
24
-17
-51
-93
-122
-72
26
66
39
28
60
95
121
135
90
-24
-124
-141
-107
-95
-150
-225
-213
-73
90
137
61
-49
-99
-81
-64
-93
-141
-133
-67
-19
-29
-43
-16
6
-49
-182
-298
-290
-171
-59
-39
-75
-82
-34
26
58
46
-3
-31
7
57
38
-59
-178
-264
-274
-201
-99
-37
-17
17
78
104
61
-9
-53
-64
-43
-12
-17
-68
-118
-124
-101
-85
-61
-2
81
144
161
141
106
77
46
4
-26
-9
18
-7
-45
-19
48
79
78
90
104
107
108
95
71
73
102
97
25
-58
-86
-69
-39
-13
21
89
183
236
185
74
18
53
92
54
-8
12
98
108
-24
-185
-233
-150
-15
89
126
104
71
59
49
20
1
14
50
92
125
114
37
-66
-132
-137
-103
-49
15
52
46
15
-53
-152
-210
-164
-64
-7
-22
-68
-96
-80
-20
42
55
33
24
21
-25
-87
-86
-30
15
23
8
-12
-44
-93
-126
-107
-59
-18
26
77
117
109
47
-16
-15
34
61
49
47
64
67
40
-4
-16
15
77
149
203
208
142
36
-44
-45
27
101
112
68
39
39
10
-67
-126
-98
-11
62
101
129
157
157
101
-5
-81
-48
43
81
47
-3
-46
-104
-159
-165
-88
41
157
225
224
166
71
-36
-110
-125
-99
-42
61
157
138
-4
-145
-172
-91
17
79
88
90
95
79
35
-18
-58
-90
-89
-20
93
175
142
20
-79
-80
1
75
88
65
78
129
146
98
25
-19
-20
-15
-39
-60
-14
92
191
228
206
142
55
-30
-81
-74
5
140
248
264
216
163
125
88
55
31
23
36
62
74
45
9
17
69
128
146
107
32
-34
-46
-2
52
73
43
10
33
84
79
-5
-70
-33
57
100
60
-15
-65
-70
-39
8
41
49
25
-19
-50
-39
5
20
-27
-106
-146
-113
-43
-5
-36
-73
-42
54
159
219
213
144
47
-55
-139
-171
-145
-85
-36
-20
-15
5
42
82
101
110
137
154
112
21
-49
-65
-35
21
76
111
135
142
127
117
145
199
233
233
198
142
90
71
100
136
152
163
164
116
42
15
32
45
68
132
222
308
354
315
198
89
55
66
68
59
62
64
53
60
94
124
140
175
233
245
183
97
39
20
32
49
33
12
52
142
206
212
201
215
231
205
144
96
80
71
35
-14
-23
37
126
183
196
188
184
191
179
108
-3
-62
-11
106
174
127
34
11
80
161
190
170
117
51
14
46
119
153
123
71
38
8
-46
-84
-51
29
81
77
42
1
-41
-80
-94
-71
-22
21
21
-24
-78
-97
-74
-50
-39
-31
-22
-11
-1
0
-32
-86
-111
-86
-45
-22
-9
-13
-58
-121
