35
31
25
20
24
24
17
11
6
2
-7
-10
-12
-27
-41
-46
-42
-37
-40
-39
-41
-53
-54
-47
-42
-43
-45
-47
-53
-62
-66
-65
-65
-66
-68
-69
-72
-76
-76
-71
-65
-68
-81
-82
-79
-80
-82
-85
-84
-85
-83
-78
-74
-72
-73
-82
-84
-76
-69
-58
-50
-53
-57
-60
-75
-82
-70
-61
-55
-48
-48
-47
-50
-57
-58
-56
-50
-45
-41
-43
-54
-59
-65
-67
-41
-25
-33
-37
-46
-65
-76
-63
-55
-60
-56
-53
-59
-59
-51
-50
-47
-36
-35
-34
-24
-17
-14
-8
-10
-15
-5
7
9
15
21
23
26
24
27
38
35
26
22
21
14
15
24
30
41
52
51
53
56
55
56
52
51
64
75
67
60
61
53
46
46
49
49
51
55
54
50
51
55
54
55
58
55
53
54
58
53
41
42
51
55
57
57
58
59
51
42
41
49
55
62
68
67
68
73
67
61
70
70
64
70
76
78
77
80
77
69
65
59
53
54
56
59
60
60
61
60
59
67
74
73
72
84
86
77
79
84
88
94
105
110
117
126
114
109
116
110
104
99
89
96
117
126
120
125
130
122
117
108
102
121
137
139
134
133
133
128
120
121
123
124
129
125
114
112
115
116
114
112
115
118
118
119
111
110
115
112
111
106
95
89
91
91
82
79
87
95
96
96
95
90
78
67
61
60
69
74
69
67
70
68
57
54
67
71
54
39
43
39
24
14
11
9
5
9
15
14
17
19
10
0
-7
-24
-36
-31
-22
-27
-35
-27
-25
-29
-30
-36
-32
-22
-26
-35
-44
-47
-46
-50
-54
-54
-54
-53
-55
-60
-68
-63
-54
-65
-68
-60
-69
-75
-73
-77
-81
-79
-77
-82
-86
-82
-75
-71
-63
-59
-64
-68
-69
-71
-71
-72
-68
-66
-69
-70
-75
-79
-81
-93
-106
-107
-101
-94
-93
-97
-101
-108
-109
-107
-96
-92
-98
-91
-90
-98
-83
-70
-72
-69
-67
-69
-84
-104
-99
-93
-105
-112
-104
-95
-92
-86
-80
-83
-89
-89
-89
-97
-96
-101
-99
-92
-104
-110
-108
-112
-112
-112
-106
-102
-103
-97
-98
-106
-105
-101
-106
-106
-97
-94
-103
-109
-112
-110
-103
-98
-95
-92
-88
-84
-87
-101
-107
-99
-93
-95
-90
-76
-71
-79
-88
-93
-90
-77
-66
-68
-74
-87
-94
-81
-70
-77
-77
-72
-87
-99
-93
-83
-81
-73
-67
-77
-79
-77
-82
-69
-44
-38
-46
-49
-48
-53
-49
-53
-68
-71
-69
-65
-62
-59
-50
-43
-40
-38
-35
-35
-43
-43
-37
-38
-25
-16
-18
-8
4
-4
-16
-11
-8
-13
-19
-20
-17
-18
-19
-14
-9
-11
-15
-12
-11
-21
-18
-3
8
12
3
-14
-27
-19
-10
-16
-16
-15
-17
-19
-24
-30
-31
-25
-19
-16
-14
-13
-14
-14
-13
-14
-20
-33
-32
-23
-22
-23
-32
-31
-17
-5
5
6
8
22
34
28
23
24
18
25
30
18
11
8
14
20
20
23
32
43
44
35
30
32
40
42
39
41
41
33
23
23
30
29
25
22
24
33
45
50
56
62
59
62
67
67
69
76
81
82
86
84
71
53
48
66
83
81
81
91
89
83
83
77
70
69
67
65
74
82
81
88
99
92
78
81
91
89
85
89
93
98
104
100
88
90
96
94
100
110
114
108
101
98
96
98
96
89
78
77
88
86
77
80
87
93
93
92
92
80
64
64
72
63
54
65
74
72
68
61
59
66
77
85
87
79
62
56
60
51
46
41
40
55
61
61
69
80
82
77
75
77
80
80
68
61
61
63
68
68
67
67
63
57
53
61
71
74
74
64
52
50
58
62
65
73
71
69
73
77
74
69
68
65
66
74
84
89
92
89
65
45
49
55
48
50
55
52
58
62
49
43
45
40
41
46
41
26
23
11
-6
6
18
21
26
22
13
10
9
3
-4
1
12
9
-3
-7
-4
-12
-22
-20
-25
-37
-33
-27
-40
-49
-35
-31
-39
-33
-32
-46
-50
-48
-55
-50
-43
-53
-64
-61
-58
-70
-68
-65
-80
-90
-83
-85
-100
-98
-91
-97
-101
-90
-87
-102
-103
-92
-89
-97
-101
-94
-94
-100
-101
-99
-100
-107
-108
-106
-116
-120
-107
-102
-114
-120
-115
-119
-128
-129
-125
-126
-127
-127
-129
-132
-132
-127
-118
-117
-117
-109
-110
-115
-113
-121
-128
-123
-118
-114
-110
-104
-103
-109
-112
-114
-107
-105
-114
-116
-110
-98
-98
-112
-114
-107
-108
-118
-114
-105
-100
-97
-91
-87
-86
-75
-68
-73
-70
-59
-58
-60
-55
-49
-43
-28
-27
-40
-34
-19
-13
-7
8
20
25
30
27
28
26
17
22
31
38
48
47
40
36
35
37
37
32
38
50
44
31
26
25
28
42
54
49
40
39
38
34
27
25
27
18
11
8
3
3
6
10
19
28
26
18
10
5
8
10
9
10
12
16
24
29
26
22
17
8
-2
-7
-3
5
2
-13
-11
7
6
-11
-16
-14
-16
-18
-8
2
-5
-19
-29
-35
-40
-46
-52
-59
-55
-46
-46
-51
-66
-85
-97
-96
-94
-92
-75
-66
-67
-64
-68
-62
-47
-45
-39
-32
-34
-38
-39
-37
-43
-51
-46
-32
-29
-30
-31
-31
-23
-21
-27
-24
-13
-12
-21
-17
-5
-2
-17
-26
-20
-21
-22
-21
-14
-8
-6
3
8
9
11
3
-8
-12
-7
-5
-4
3
3
-4
-9
-2
5
7
4
3
16
22
23
17
2
3
11
10
8
11
15
16
15
20
31
39
45
44
34
29
31
30
29
37
44
37
31
32
33
37
44
39
28
22
23
30
32
26
25
35
36
22
15
10
-4
-18
-22
-25
-28
-21
-19
-27
-35
-38
-33
-28
-21
-7
-3
-12
-17
-23
-35
-41
-40
-34
-20
-10
-14
-13
-7
-16
-36
-43
-37
-33
-30
-36
-50
-49
-41
-48
-53
-38
-22
-20
-24
-25
-31
-39
-33
-18
0
6
2
4
2
-10
-15
-11
-20
-26
-31
-37
-31
-25
-14
-6
-9
-6
-10
-13
-10
-8
-2
2
8
10
-9
-21
-17
-11
-7
-7
-14
-15
-5
-1
-3
6
11
8
4
2
3
8
15
14
18
18
19
28
23
12
10
20
24
19
13
9
9
6
1
4
13
14
10
2
-3
4
4
-3
1
9
-2
-14
-20
-25
-15
-8
-8
-3
5
12
16
19
15
11
15
17
8
5
8
-2
-10
5
19
9
4
10
-4
-18
-8
7
10
9
8
7
11
16
10
1
1
-1
-2
15
30
43
53
43
43
40
22
13
20
40
42
37
32
31
35
29
27
42
55
49
40
33
23
23
28
23
21
32
43
41
38
38
38
40
45
35
26
40
51
55
67
68
52
51
64
63
63
70
76
70
64
73
80
81
92
87
68
67
73
80
83
78
77
76
64
52
41
47
70
78
79
86
85
88
98
100
99
104
106
106
109
110
108
106
106
107
109
106
98
94
99
121
138
128
116
116
112
106
108
109
103
104
107
98
89
82
89
104
101
110
122
107
101
105
94
96
111
99
78
75
78
79
84
86
76
79
91
91
80
61
57
70
79
87
96
94
91
88
77
66
64
73
78
80
88
89
75
62
65
57
43
42
44
44
42
40
26
15
26
35
35
43
46
38
35
33
31
29
21
21
23
12
13
18
4
4
20
27
27
28
30
23
21
28
36
43
35
25
28
30
33
42
44
43
44
40
29
25
19
6
10
16
5
8
11
-1
0
10
13
9
8
5
-1
2
2
0
5
13
21
19
8
11
25
19
9
11
15
12
1
2
12
26
33
25
21
24
23
20
27
38
38
37
44
38
29
38
44
41
42
48
50
43
35
35
52
65
56
40
43
54
55
49
42
43
48
44
32
25
31
40
37
33
41
45
43
42
37
33
32
27
23
23
12
0
1
11
19
21
25
20
8
5
7
5
4
4
1
-5
-18
-40
-44
-34
-35
-35
-34
-32
-21
-19
-25
-29
-26
-22
-23
-22
-27
-31
-23
-28
-46
-50
-46
-45
-40
-29
-29
-47
-51
-36
-35
-49
-52
-49
-61
-63
-53
-54
-63
-65
-54
-54
-59
-57
-55
-53
-51
-49
-51
-54
-56
-57
-59
-58
-51
-45
-38
-29
-23
-25
-36
-46
-50
-46
-35
-24
-18
-19
-29
-30
-27
-32
-38
-36
-23
-23
-44
-48
-44
-47
-46
-44
-47
-54
-51
-41
-32
-30
-28
-29
-35
-37
-40
-48
-53
-52
-47
-40
-34
-27
-23
-32
-45
-53
-50
-50
-48
-34
-27
-29
-31
-26
-25
-28
-21
-17
-22
-31
-31
-30
-27
-9
9
17
8
3
12
9
-8
-16
-15
-8
5
-1
-10
-8
-17
-30
-31
-28
-41
-50
-43
-43
-47
-54
-55
-45
-46
-43
-44
-58
-60
-55
-54
-61
-62
-58
-61
-62
-60
-59
-65
-64
-56
-55
-59
-66
-81
-89
-83
-89
-97
-95
-88
-87
-91
-94
-100
-106
-106
-101
-101
-110
-121
-120
-120
-131
-136
-132
-132
-130
-123
-127
-129
-115
-105
-108
-106
-102
-99
-85
-73
-96
-116
397
374
-1343
-1021
1624
1067
-3360
-5871
-2774
1141
3494
4740
3302
3978
6015
2184
761
3872
-581
-2181
-3421
-11668
-7619
-974
-804
-1614
-2678
-5522
-8614
-3252
-3439
-4230
5315
7096
-2427
2759
19980
7781
-9391
24
6140
7132
12960
14444
1762
-9161
-3010
-2947
-6534
-4475
-3613
4549
4464
-5782
-665
9575
11634
3831
2337
7846
-3339
-19926
-31244
-29228
-19457
-14324
9036
23263
18789
24028
19062
12357
11963
9887
-2372
3692
14929
-8427
-13465
-1938
-7122
-16782
-11690
-3705
1436
16949
26360
22755
11661
181
-11155
-22569
-30638
-30952
-26054
-23569
-15776
-2613
6791
10862
14493
15325
10767
6455
3892
4015
6300
9989
14658
17088
15774
11928
6147
-1329
-6930
-9128
-9642
-7891
-3588
-247
471
835
690
-1065
-3068
-3828
-2854
-1421
-673
483
1007
-175
-1669
-2954
-3673
-3924
-3347
-1579
389
2145
3194
2853
1512
252
-597
-1297
-1734
-1908
-1575
-801
-335
136
1131
1716
1135
227
-602
-1713
-2257
-1992
-1615
-1185
-822
-474
162
949
898
416
1015
1356
-104
-795
1246
1874
-691
-879
1047
-428
-2116
-27
867
-695
3
1192
689
331
-285
-751
1081
3054
1522
738
2525
2185
2032
2744
226
-2133
-1657
-2257
-3236
-975
1492
905
131
561
425
774
867
-353
-582
-1296
-2033
-225
227
-1830
-1100
1552
1651
965
1554
1197
-31
695
220
-2632
-2387
-203
-1057
-3232
-2843
-1667
-2240
-2443
-233
2058
3014
4446
5650
4594
1876
71
-29
-129
-359
401
1251
386
-1627
-2962
-3574
-3733
-2983
-2064
-2026
-1479
-43
573
914
1591
1461
463
251
776
940
1229
1134
606
804
1055
1052
1594
1990
1151
108
-276
-902
-1150
-743
-887
-929
-425
-562
-879
-292
165
34
78
67
38
378
430
289
534
575
229
64
-49
-312
-198
157
317
712
1096
825
544
617
490
306
372
189
-234
-161
-77
-390
-154
283
-50
-508
-519
-678
-765
-148
157
-252
-344
-39
83
-24
-211
-559
-727
-300
153
143
114
246
383
54
-711
-725
-238
24
238
293
-10
-689
-539
399
425
25
-70
15
281
304
185
-50
-464
-742
-610
28
550
909
1023
433
-26
166
183
-256
-231
2
-125
-35
29
99
261
-25
-346
-394
12
298
-471
-886
-426
-711
-1211
-249
442
-685
-1168
-373
-426
-1226
-867
65
109
690
1251
747
377
-578
-946
-247
-675
220
2348
2543
1927
653
-528
-359
-575
-1648
-2029
-1581
-2364
-2929
-1446
-635
403
2209
1093
-356
1789
3748
3024
1656
493
5
104
360
-195
-1729
-1506
-10
826
1077
707
532
52
-326
-337
-2418
-4830
-5142
-4576
-3488
-1866
187
2667
4648
5059
3849
2517
2044
1641
792
310
235
-57
-343
-203
146
-173
-674
-718
-746
-593
-394
-645
-896
-624
-1029
-1776
-1057
-346
-419
48
539
467
710
1591
1799
929
794
1104
256
-231
10
-361
-863
-1102
-1093
-1507
-1775
-956
-132
389
402
641
1436
1025
196
174
-244
-1211
-1365
-1266
-1927
-1270
317
188
113
1158
859
36
912
1208
611
1545
2058
809
199
496
113
-69
362
166
110
446
209
201
714
639
309
157
-126
-347
-738
-1401
-1490
-709
-228
-210
106
263
335
654
691
200
-225
-204
-124
202
709
651
43
-352
150
725
350
-82
-505
-1293
-1396
-1010
-372
193
-116
-781
-951
-894
-2111
-2271
-540
-439
-922
421
1647
1293
1771
1246
-2314
-5261
-6297
-5594
-4666
-3180
994
4344
6389
7573
4509
421
49
525
-1020
-421
2398
1479
-260
395
-473
-1270
877
3350
2425
341
2014
2749
1034
2429
2456
-2856
-6096
-5773
-6016
-3406
922
758
-116
1647
1234
1011
4694
6016
2609
-1200
-3325
-2632
334
1648
1643
3089
3454
1966
2289
2058
-1193
-2121
-1125
-3239
-5076
-2120
313
-622
-90
1420
841
-377
-17
959
-45
-2631
-2473
-74
1461
2754
3412
3032
2318
1955
1520
1427
1845
258
-1411
-884
-491
-810
-742
-1436
-3182
-2533
-189
143
-405
-424
-728
-1366
-1842
-2290
-2393
-1213
632
2228
3566
3976
3684
3459
2837
1878
943
352
-687
-2158
-2293
-2199
-2188
-2271
-3535
-3864
-2174
-529
-128
-154
-416
-639
110
881
1599
2820
2348
-151
-1035
394
536
1069
4287
4308
543
453
2108
-1190
-3537
-1197
-1848
-5876
-6135
-3687
-3522
-1929
2207
3510
3198
3458
2616
1033
491
611
-748
-1527
527
2359
2487
3021
3814
3302
1860
-124
-2170
-3005
-2715
-3563
-4818
-4202
-3270
-2963
-2075
350
1668
672
1764
3712
3265
1752
1572
3197
3171
1480
-265
-1712
-1727
-1431
-370
779
-298
-457
689
139
-1412
-2106
-1371
-1104
-2192
-2876
-1193
904
651
1158
2205
639
-736
-712
-920
-1064
115
1387
-393
-3232
-3761
-2178
-1209
-1685
-142
1162
-1291
-2207
587
2190
1610
1302
757
-133
735
1238
531
2026
3401
2420
2091
2656
-312
-3761
-896
-299
-4382
-5596
-2784
2165
223
-5201
-1042
6901
3614
-5146
-818
5620
-2142
-4801
6133
5675
-5978
-6308
277
550
-4293
-5085
2056
5717
1498
1405
4819
3504
1736
3462
2342
-1846
-66
1687
-806
-904
-1950
-3656
-2576
-1595
-1629
45
1741
-602
-3041
-4089
-7074
-9643
-7654
-3141
-142
3338
6987
6007
3351
4614
6380
4913
4762
6795
5104
969
1063
2086
-1902
-4193
-2396
-2961
-4848
-3511
-507
-2032
-5416
-3990
-1121
-1452
-2204
925
2435
-1023
-1301
2099
115
-4994
-3049
-759
-3959
-2853
1564
1129
-487
3068
5605
2847
4375
7382
3612
490
180
-1541
-2413
-211
2937
4479
3026
-624
-2510
-1371
39
322
655
-590
-3343
-3077
-2131
-3237
-3786
-3851
-2972
839
4738
4128
939
554
1206
307
794
476
344
3673
2628
-2064
-1306
1911
-1618
-5904
-1782
-2850
-9242
-5455
1067
1286
-1350
1815
8374
6403
1521
1301
2320
-123
-2342
673
850
-2285
-2463
-2778
-2763
-118
3952
7264
7199
4889
2942
-159
-5578
-10706
-13225
-12154
-8317
-2924
1123
4023
7194
7059
5656
5169
2088
-1258
-1008
612
636
540
1206
869
-101
-183
1706
2473
1244
1383
1644
77
-2714
-4725
-6150
-5543
-2496
-2735
-2785
566
2296
4095
5880
4211
2694
3063
4829
8155
6260
-1271
-5271
-5066
-6364
-8132
-6669
-5532
-4400
-158
1691
1280
4722
7007
3035
-871
-1253
-2006
-4887
-1651
4363
-2263
-8207
-2627
-4655
-13918
-9087
6981
13507
12124
13087
9636
3412
-66
1955
6485
3680
-1165
-4128
-7478
-10790
-8547
-1006
469
-1774
-747
1530
4383
5915
3948
-696
-5489
-4283
-688
-3654
-8274
-8536
-5756
-1607
1690
2165
1745
2438
2361
3177
8780
11636
5200
-868
-630
-17
-434
1940
2403
-2232
-3366
2997
7177
2229
-2170
-2924
-5680
-6302
-3346
-3847
-7098
-6152
-2866
-934
-1144
-1669
-260
32
-838
-426
-467
-753
1296
3653
3407
2603
2914
3000
3712
5402
6259
6703
5700
1214
-1669
445
1225
-1304
-1837
-1527
-3114
-3416
-3534
-3968
-1523
579
-377
-1205
-5
715
1534
2759
670
-733
428
-1394
-3316
186
4602
3310
-117
-762
-1727
-2241
-693
10
372
1347
2139
2282
1541
596
1746
2882
1006
-417
-1823
-3714
-2153
19
135
1170
2520
636
-757
1586
3224
2205
-370
-1049
545
531
-1946
-4520
-4780
-4399
-3287
-106
603
-1503
-822
220
-2436
-3593
-1370
270
759
930
2602
3347
714
891
3305
2925
3309
6298
6904
5293
6040
3163
-3134
-2737
-1955
-7717
-11080
-7071
-3032
-1253
2139
3776
1588
-123
-682
-723
673
1351
1345
3247
4182
669
-1884
545
3759
2444
-2859
-7057
-8461
-7487
-5530
537
7321
1147
-4668
5299
11621
4569
451
5480
4876
-1298
-2817
-1711
196
-3664
-5974
-1003
-3282
-5345
1424
3613
-3041
-5618
-2849
-2967
1197
5715
1675
-1340
-933
-878
280
-199
-4540
-6503
-3273
-89
3028
3674
-884
-1686
1024
1814
3526
4986
4573
5168
7000
3614
-2876
-3314
-2509
-4617
-5497
-3599
-398
-493
-1454
759
3297
6354
6307
1629
3210
8982
3067
-6156
2175
13327
4680
-2905
-1758
-13442
-17473
5749
19648
-370
-17557
-5279
11840
10227
-854
-38
818
-10111
-5480
10941
5688
-4442
373
-2109
-10106
-847
14869
14130
1838
-2173
1499
165
-948
1378
-288
-5864
-8628
-4730
-4366
-8512
-6272
-4672
-9283
-10170
-1173
10401
13779
9677
1804
-1303
5264
6504
-36
-3442
-1794
-1170
-5105
-5651
-3240
-2394
827
5585
6682
3347
224
-444
-952
810
1655
-3177
-5155
-185
5812
5345
1739
762
-931
-1362
-1530
-1525
469
-204
-856
-511
-3891
-8401
-5373
4474
7865
5248
6588
7090
3273
2013
2129
-1135
-1852
532
354
1675
1154
-2639
-1039
-119
-2185
1133
6120
7222
5534
1708
-3663
-7556
-7486
-7288
-7195
-5585
-5728
-1998
4449
3969
3366
5364
1503
-4092
-2550
4124
7039
6238
9986
12257
2963
-6586
-2172
4490
-3126
-11696
-8044
-4190
-49
11562
13878
1425
-2051
5616
3894
-7637
-9183
2631
6100
-819
-2575
-1738
-7208
-8808
3082
10421
1382
-3458
5103
7162
2608
3081
-1718
-8874
-6338
-4060
-8849
-12281
-10851
-12383
-11115
1813
8893
6638
13897
19610
9744
1722
-1392
-7097
-7253
-3602
-3872
361
8737
6109
-530
421
686
-1983
-1557
986
2136
-1000
-4058
-1821
-2171
-1898
5935
6053
-2811
-2612
2231
-2724
-5832
2305
4711
-4
-540
-2750
-7918
-8860
-4018
4024
7864
7538
8690
7611
3166
-854
-4023
-4082
-67
3280
1821
-318
1568
811
-5641
-9070
-8092
-9020
-8341
-625
3701
457
1725
4472
3712
5553
4876
-3723
-11169
-7673
1184
9297
13113
5597
-1880
901
3857
3049
3173
3598
4695
4261
-538
-2032
-1917
-3846
-1439
-1422
-6175
-4938
-994
2397
6336
3425
-2745
-2074
2758
2805
-662
-854
-788
-308
1928
372
-1841
-1419
934
5065
5249
2084
1332
1631
-686
-3259
-3641
-6680
-8474
-1631
3191
964
1645
2265
-3566
-6069
-2649
-4838
-8555
-3968
2635
3763
1861
2179
4232
3950
895
-173
1990
4910
7905
7150
4321
4519
1148
-4288
-2784
233
1639
3943
3282
-1105
-5866
-6856
-4688
-7365
-10582
-7031
-681
3424
2858
312
-5323
-9722
-3584
2527
-175
-2382
-258
538
-113
2139
3936
1982
1968
3848
3650
3765
5402
5729
2820
-811
-502
3314
5116
5575
4339
-2647
-9998
-10617
-7908
-9054
-10043
-7825
-5278
-1354
1646
1652
2449
6765
8789
4148
-1222
-4472
-5762
-3481
13
932
469
1776
1024
-1670
-333
1371
802
1612
2574
2651
3536
2849
-247
-1613
-1978
-2363
314
1043
-1963
-1768
-764
-1640
2005
6724
2589
-3373
-2162
2577
6507
6688
2012
-2033
-227
1001
-541
215
-680
-2535
-2187
-2374
-2276
-149
2816
1461
-2095
-201
1838
-691
-2419
-1635
17
1060
1634
2353
1638
-909
-2921
-1110
1015
-996
-2378
-420
441
-785
201
2786
2177
1204
2496
724
-4900
-6978
-1163
3926
696
-4219
-7907
-11667
-9282
-3351
-3449
-5199
-2806
-930
1478
7381
9153
5898
5275
6051
4173
1735
344
-615
-387
-704
-2498
-3711
-1682
3379
5992
3667
-1154
-1774
3601
5644
232
-3355
-1924
-2740
-3786
-1508
-79
-976
-1452
-1936
-1542
2549
3768
349
-1307
-1309
-1309
-2494
-4810
-2327
3267
2717
1158
4378
4954
2165
2120
-267
-6861
-4343
3736
1363
-3171
272
-1661
-6846
310
9099
8762
5045
1912
-1201
-4550
-2298
4615
5143
-781
-3220
-1237
-1573
-1737
870
-2498
-9005
-5288
2629
1446
801
6464
4029
-5173
-8842
-8418
-9472
-7929
-1000
3676
2215
573
3421
5253
2218
1257
2550
307
-853
1251
1211
254
3541
5367
-1635
-6928
-4320
-25
4882
7242
3178
-4086
-6356
-1906
1036
1541
2383
987
-1958
-3753
-4236
-3968
-797
5069
4703
-3346
-6103
-1918
-304
-2179
-3301
-3037
-2618
1790
7140
5981
1116
-2889
-3662
-1112
966
-205
-513
3782
5084
1233
1006
1656
1286
4542
3468
-2368
-2332
1982
3932
2342
-789
-4037
-5229
-3067
-956
212
928
1523
3700
5060
4082
2123
-616
-2873
-2604
-1504
-713
2440
3791
-207
-2605
-1342
-532
-117
1306
2645
2687
1828
-3077
-9878
-10859
-7534
-3414
-1457
-1195
1476
3127
1769
1506
4056
4339
872
650
2062
-347
-2127
-206
96
-1926
-911
1115
181
-1130
-1951
-3443
-3466
-901
1857
2629
509
-3283
-4183
-1328
-390
-1670
-1406
-750
-1782
-1131
3668
5255
4081
5168
3583
-4
-811
836
1511
1159
1895
-680
-5152
-5143
-2664
-274
1658
2221
1967
4835
9004
7524
2131
-3346
-6344
-6472
-5963
-4412
-2037
-479
871
1955
267
362
3193
573
-2377
2717
6495
5004
6527
7197
2226
-1511
-1911
-4221
-7738
-6189
-1559
-1095
-4734
-4150
2127
3762
1194
1776
3059
2739
2871
2598
2077
1509
-1644
-3824
-434
2480
772
1909
2875
53
-214
-341
-1196
-587
1407
3229
2419
463
-227
2669
3640
-1406
-4703
-3921
-2099
-1682
-2557
-1691
-2530
-3287
1664
3348
-2212
-4400
802
4735
2177
-1694
-3400
-1595
1279
1513
2920
4772
4264
3984
2158
-2676
-6320
-4185
-558
-1694
-3799
-2985
327
3172
3440
3040
3635
4197
4244
1758
-3602
-4469
-1248
-1903
-4830
-4290
-2677
-2316
-55
1830
1404
1729
3626
3717
-1423
-5729
-5394
-7596
-9210
-1547
4020
-3009
-4845
3924
4353
2218
8053
9026
2774
-816
-911
218
649
175
1083
-126
-2205
255
2350
860
149
2337
2923
-220
-240
2189
-1265
-4330
-885
-918
-4073
-4555
-4053
158
3869
1646
-315
1956
3664
680
-1668
-1082
103
3777
3941
-2173
-3570
-212
1601
3333
4175
2143
-2055
-4285
-2350
999
1857
-175
1031
3439
-4
-3575
-1394
752
576
1310
492
-2243
-3527
-2773
335
4681
6333
6082
5216
-1474
-6497
-1643
2848
1959
-953
-2703
-2718
-2232
-927
-1320
-3441
-5159
-6103
-5085
-1479
1375
874
965
2866
2215
-771
200
2237
-2389
-4932
413
3223
880
1051
4390
4001
-350
-2046
-381
1450
3669
5806
4108
-1224
-3110
348
2382
1019
-658
-2398
-3672
-2249
701
2457
1170
-1520
-1050
-2826
-8714
-8996
-5346
-3365
-383
1966
655
1195
4085
1370
-3337
-2218
382
502
715
2754
4903
4339
1862
1220
1279
-14
1586
4008
2997
2915
4671
2712
-2029
-1381
1837
216
-2615
-3975
-4377
-5442
-8694
-7140
-974
-292
-2745
936
7405
7299
5468
7554
5071
-1770
-4195
-4454
-5348
-3393
-229
-602
-3050
-1606
3345
5356
3770
1872
755
388
1886
3648
939
-3276
-4174
-4435
-6390
-5430
139
1515
-686
1650
3297
799
198
1006
-474
72
2890
524
-5507
-7664
-5814
-3021
1165
4418
5116
6299
6908
3979
252
376
3101
3780
2062
7
-1642
-3273
-5480
-5095
-766
916
-1455
86
3466
2565
1905
2245
800
-1571
-3315
-3159
259
3546
1849
244
207
-299
1355
2040
-1289
-3318
-2014
-2342
-4430
-3555
339
-149
-3627
-1336
2037
80
-1111
2692
3304
-566
-988
-2012
-7636
-8921
-2218
2833
1342
1580
6068
5986
1256
-420
1481
1424
-1563
-2861
-4185
-7352
-4574
3910
4362
-3499
-5686
-683
3804
5228
4631
3412
1984
399
-395
-818
-206
4629
8409
4669
1264
2592
2757
698
-801
-598
330
549
-1007
-2261
-1931
-3018
-3833
-3488
-3116
-1271
-1391
-3770
-3648
-3803
-5165
-2449
-102
-1808
-1223
-356
-1767
1734
6758
4634
1471
2402
3720
4295
2652
-1983
-3925
-1430
-1811
-3527
-1011
2425
4580
4703
3762
2614
1181
1077
1973
2053
-2031
-7183
-6994
-4489
-3297
-1983
-1286
-2213
-2209
1222
4455
3797
4039
4517
2777
3676
3361
-1743
-4114
-2924
-2618
-941
1386
947
2167
5644
3963
76
-282
-2356
-4917
-1792
1556
1896
764
-2757
-4453
-3166
-4096
-4068
1586
4899
3251
2885
2483
391
1254
5723
5473
-1440
-3748
1184
2609
-759
-75
3324
524
-4152
-2632
-2496
-6024
-4360
-1266
-2689
-3128
133
1747
-237
-1098
-422
-1578
-1685
1478
5097
5131
510
-3777
-3700
561
2550
990
4334
8350
3899
-1051
569
424
-3450
-3454
-974
-803
651
2956
-353
-4052
-2521
-1328
-3358
-4094
-134
3083
2537
2384
3227
1808
-1427
-1762
-1512
-2181
120
2176
1133
113
-2014
-4265
-1473
2291
1216
-1157
-1076
-1246
-126
1440
-1166
-2155
1288
3818
3114
1899
1686
-11
-188
1314
739
-70
-1750
-2883
-985
1986
3371
2748
3119
5320
5340
1730
-213
-335
-1705
-3817
-5079
-3177
-490
255
-587
-1622
-2090
-3162
-2618
-831
-165
4216
9565
6026
-1559
-4106
-2993
-2317
-1399
2435
3191
-1106
-1129
1552
-314
-2704
-77
2953
873
445
4276
3793
1332
1636
1162
-281
-533
2154
4083
624
-3284
-4545
-4811
-5106
-6730
-6911
-4490
-2962
-1992
-251
1697
762
-2585
-2316
-365
-52
649
1844
2049
1298
261
161
2165
4127
3843
2498
1506
981
1892
1484
-1135
-1163
-1619
-4272
-3231
-475
-648
-894
-584
-707
2813
6788
4825
1962
649
-2317
-3233
-1966
-3046
-3412
-1691
-7
2866
4760
4642
4542
2844
-878
-3736
-3539
-1049
505
507
-240
-1757
-1584
237
2698
4036
1484
-1133
288
2995
2276
-793
-2914
-2180
691
346
-2292
-1565
1644
3647
2504
-62
105
282
-3207
-4335
-1157
713
2920
6682
4555
-84
1372
3072
87
-3133
-4890
-8045
-9887
-6898
-3728
-1817
1751
4450
3671
3104
5504
7366
4102
-2663
-4197
749
3928
4038
3019
366
-1290
829
1530
-2045
-1559
1753
893
51
2280
2448
-1610
-4393
-4256
-3468
-1581
1951
3372
-63
-2346
-2703
-3924
-2410
-169
-464
-736
-1404
-2438
-113
3497
4065
2311
1081
433
-291
1592
4655
3997
-413
-4441
-4074
-1372
-1883
-3514
-2294
-628
1620
3996
1154
-3938
-4283
-1343
1183
2504
3143
2986
1268
-559
-1371
-2863
-4685
-3798
-1807
-2005
-1466
487
-237
-432
2052
3183
4190
4502
3879
4256
3072
-2452
-5879
-1302
422
-757
1808
2286
425
958
1834
-834
-1133
1560
1608
1436
2081
3122
1374
-4126
-7217
-3806
1573
3261
5000
4080
-2265
-3810
1940
4248
-400
-3886
-4102
-4753
-3342
-113
-412
-1555
-1856
-3724
-4331
-1599
2130
3479
2128
-167
-886
-200
482
2443
2523
6
-409
1265
852
-1673
-2527
-1488
1222
4134
3969
1280
-665
-598
498
791
-937
-1862
-852
61
-287
-2044
-1977
1688
4007
2574
629
-1663
-4847
-4793
331
3475
41
-2899
257
3188
854
-2077
-3573
-4149
-440
3694
1386
-463
3348
4665
1342
147
1086
-36
-1701
-2358
-3181
-3019
-1308
-685
-1876
-2823
-1247
3414
6572
5480
2171
-1522
-2497
-265
806
-938
-3239
-4625
-3540
-358
711
-6
1744
2761
608
1725
5931
5311
497
-2107
-1272
-318
-1694
-1983
928
2890
1423
-967
-1162
280
2058
3501
3926
2244
-1140
-2124
-255
-360
-2803
-3460
-3783
-6103
-6117
-3757
-2783
-1487
2326
6165
6181
4365
2817
698
-568
-1479
-2428
-3047
-1609
3704
7275
3956
-2527
-3469
74
741
307
833
328
-923
132
2288
393
-3110
-3473
-2336
-1528
242
2766
2889
364
-1684
-2665
-3264
-2605
-171
2121
469
-3933
-3820
948
3392
3245
3562
1796
-2171
-649
5372
4754
-241
9
792
-2009
-1901
-499
-2518
-3187
-1861
-4546
-6195
-612
3459
1883
555
12
-569
-393
-882
-579
610
-1713
-3626
-903
59
429
5078
6576
1619
-1056
207
38
1230
3219
-584
-5578
-5509
-2576
415
909
-129
910
1703
-1480
-4957
-3036
1209
2359
1831
1701
2025
4265
6888
6129
2127
-1642
-3006
-4210
-4943
-3815
-3335
-3434
-1088
3027
3442
1456
2510
3437
1483
188
319
-532
-1992
-3671
-5257
-5352
-5564
-6746
-6087
-2598
1082
4343
7252
7438
4376
2221
1929
475
-119
39
-2341
-3955
-254
2557
1349
2194
2104
-998
-1791
-576
-1238
-1411
2428
4549
1234
-1731
-1729
-1530
-474
1437
1066
-537
865
3996
2000
-3656
-4720
-1866
-1681
-2548
660
3277
437
-1024
2195
1277
-2562
782
4611
-93
-3099
1069
1597
-1442
-634
-800
-2741
-1065
1791
2890
2096
518
-325
-330
364
1036
1788
1733
530
-1176
-2898
-2014
345
1626
2606
2228
-22
-1116
-1536
-3208
-2161
962
-509
-4275
-2766
1370
2002
1732
1945
-428
-3717
-2952
911
2184
752
907
1339
-1778
-3986
-2125
-1807
-1851
1938
2913
-189
714
3293
2670
1407
441
-463
-884
-1027
-504
374
138
-660
-757
-1404
-757
3440
4429
-354
-1857
1123
2137
1511
940
1432
2658
1326
-1490
-3404
-3894
-3256
-1288
1133
345
-1601
-1932
-724
953
539
122
-435
-942
2099
4129
2073
86
14
-736
-3555
-4621
-3260
-2062
-869
316
1942
3054
2954
4180
5050
2239
-1459
-1399
182
-842
-1850
-412
1137
344
-1640
-741
2313
2925
2369
1844
1025
1922
2358
278
-2040
-2550
-2456
-3308
-2985
-810
57
-816
-1006
-1638
-2022
817
2456
-91
-60
4703
6777
4390
2478
1523
238
-684
-1214
-379
589
-914
-1916
-865
-936
-2713
-4415
-4424
-4598
-5539
-2699
748
-465
-2467
-2437
-2444
-2269
394
1974
543
1214
2875
2113
1014
366
-929
-1929
-1987
-642
2423
3347
1392
-412
-2551
-4549
-2901
1440
2746
729
-222
570
1609
2619
1733
-1027
-2149
-1854
-1561
-1923
-2175
316
3450
3061
1281
3347
6086
4716
3187
2260
-577
-1735
114
1431
921
-78
-1839
-3961
-3858
-3419
-3503
-3180
-2452
360
2844
3599
5062
5135
1466
-1499
-367
561
-188
1010
2748
2744
2207
1404
-72
-606
86
155
626
1409
943
1566
4287
4691
521
-3522
-3831
-2735
-1575
100
651
-120
-1257
-1437
-846
-1458
-2134
-2805
-2709
-1011
-775
-976
304
1641
3050
3027
-802
-4820
-3813
-237
81
-1433
-1335
-1694
-2291
-729
913
220
486
3155
3264
1614
2579
3479
471
-2441
-2174
-1546
-862
299
1196
-6
-582
2397
2802
-243
-1384
283
977
-872
-226
2308
2004
1671
1599
-1823
-5323
-5247
-3549
-930
2330
2866
1073
-14
-443
-497
267
1061
156
-1661
-760
2146
2682
1649
1522
1039
-442
-310
1326
1356
1057
1223
691
254
365
439
-22
270
1344
1871
557
-2540
-3622
-2275
-887
411
-292
-3428
-4521
-2123
148
-139
-2216
-2851
-982
1083
2566
2578
286
-942
1399
2782
615
956
3291
884
-1742
-145
1438
939
727
677
-2090
-3673
-1553
941
1221
-701
-309
1420
170
-1527
-1294
-324
1374
3066
2248
274
727
747
-2925
-4109
-1051
-290
205
3979
4680
-90
-3548
-2170
314
628
96
13
-829
-860
704
485
-445
-435
-576
-285
811
1371
250
-683
-972
-1675
-935
6
-2075
-4086
-2389
-167
487
1033
1489
2227
2816
2091
1486
1973
1287
-60
-69
-613
-2662
-4379
-2681
880
1349
967
2141
2360
1964
2504
3033
2367
1256
-493
-3393
-5038
-3313
-282
71
-1570
-1926
-922
-715
-1704
-1567
-726
-14
2402
3488
1340
-803
-1642
1184
5734
4577
-1267
-3848
-1742
-183
-408
-1136
-1908
-673
2394
3848
2205
424
-55
-182
694
551
-1931
-3347
-1626
1009
1887
556
-2065
-2152
493
1779
2432
3129
2104
291
-824
-814
-566
-1571
-2552
-2833
-3067
-1338
1194
202
-2877
-3594
-1084
1391
642
-628
994
2295
-427
-2865
-1862
-1435
-624
2800
4154
1465
-1002
-939
-526
-351
241
480
-1090
-2863
-797
2341
2321
222
-1003
42
2086
4212
4512
2292
-308
-1462
301
1548
-952
-3277
-4090
-3550
608
4173
2564
-446
-77
1592
2287
4581
4961
1058
-1377
-1481
-1111
-641
-264
978
1695
939
-233
-852
-230
765
1813
1829
616
361
-70
-935
-1686
-3352
-2978
-1715
-3608
-4428
-1383
584
-396
-477
915
1819
2788
3194
2043
1232
970
34
-933
-2107
-2589
-355
1603
235
-969
375
1377
583
-1134
-2428
-2208
-1116
-1202
-2751
-2382
-2017
-3646
-3222
-1600
-19
664
-1195
-2664
-1475
1466
3265
3160
2493
2499
3597
2503
-619
-1408
-864
-1721
-2202
-819
1312
2220
1029
1062
2852
1867
600
2015
740
-1543
-126
111
-2367
-2531
106
910
-884
-1123
1487
3813
4273
4743
3654
-260
-1818
287
-80
-3491
-4712
-4234
-4026
-3000
-1412
13
1030
2793
4497
2390
-333
986
2224
674
-3
358
259
1484
2077
-365
-2003
-518
1298
1773
782
-1902
-3639
-2694
-872
1231
2708
1789
181
-424
-1603
-1935
-117
39
-635
629
-287
-3677
-2885
305
-665
-1981
-199
372
-21
1874
2839
255
-1033
-75
-568
-1331
-591
787
1211
1452
2029
1033
-730
-586
1898
2759
269
-3287
-5084
-2283
1285
607
-692
1524
3892
2865
684
-395
364
2834
3410
208
-3462
-3381
-997
-1232
-3234
-4674
-4775
-2678
-396
947
1391
1412
2574
3171
2658
2687
2352
1125
-342
-1267
-1093
-453
-974
-2727
-2596
334
1508
-934
-2098
-972
578
3855
5228
1444
-2463
-2104
-562
-819
143
1581
184
-1840
-2359
-1931
-358
2245
3252
978
-568
1744
3819
2933
957
-391
-1111
-1228
-809
-1671
-2110
-652
-424
-2239
-4223
-3766
-1134
564
1393
2470
2078
201
252
2648
3295
308
-2553
-2226
156
1967
2408
2017
521
-139
691
590
-1
488
959
-81
-1256
-1232
-1111
-827
-1426
-3950
-4313
-1839
-877
-501
2675
4585
1303
-831
1053
955
-1160
-879
811
1152
1216
1512
-180
-2358
-1880
273
1141
993
2072
4210
5045
2091
-1644
-1885
-330
7
-1321
-2855
-3526
-2704
-1602
-2193
-3090
-2219
-52
806
93
205
1878
3452
3781
3256
1704
1100
2240
1824
-933
-2586
-1286
-793
-2127
-1765
-163
235
-909
-851
1243
947
-1469
-1476
211
60
-1449
-1563
-1881
-2554
-530
1237
232
-627
1085
3584
3018
710
-397
-502
34
56
-1089
-1669
-951
-459
-1466
-1661
470
1040
-854
-1663
-787
-508
-1036
-148
986
801
829
474
-746
-376
1656
1661
-211
15
1613
1705
555
-115
56
-228
-385
665
1141
54
-426
1125
1519
-1199
-2027
243
1390
1275
-54
-2746
-4073
-1572
3153
4934
2577
918
1502
14
-2925
-1876
2189
3645
2147
-286
-2802
-2641
-879
-2096
-4814
-4635
-2439
-468
1397
1569
487
879
1248
599
-45
-749
-1549
-1639
-863
-880
-1258
-1196
-286
2295
3471
2533
2930
3866
2468
-529
-2026
-833
1151
1337
-460
-1978
-2875
-2688
-152
1495
284
124
1913
1297
-914
-370
1406
1531
617
-464
-956
-163
1592
2416
395
-894
1539
4025
3231
588
-1214
-2684
-3060
-1049
728
556
-1037
-2155
-1601
-1566
-2711
-2699
-1468
-752
-516
-706
-1214
246
2037
719
-794
140
1620
2126
2410
2845
1686
-1680
-4488
-4132
-1928
269
2489
2641
147
-815
489
1149
-112
-2963
-3771
-854
1530
1111
105
472
76
-1443
-720
457
149
699
1550
319
-1200
-663
92
150
617
1161
650
-674
-895
317
2235
3298
2002
229
-461
553
1786
349
-682
346
532
-36
-87
53
-1025
-1940
-1424
-1422
-1359
162
2844
4401
2983
597
-1544
-1889
1191
3753
1709
-1905
-1674
702
1198
305
-757
-1108
-1107
-813
805
2145
1120
-2076
-4559
-3920
-1739
-172
1051
2185
1521
-69
71
318
-685
-882
585
2052
1182
-1382
-2207
-1248
-910
-906
-78
883
967
1230
2236
2186
743
-684
-1587
-1252
562
1679
368
-2191
-2769
-1453
-1086
-1118
-355
893
2280
3219
2295
-337
-1732
-1514
-1481
-1717
-1535
190
2562
2462
773
1033
2634
2102
-196
-1275
-358
1284
1692
180
-2292
-2835
-1052
-63
-525
-1308
-946
192
827
1511
1370
-775
-2658
-1725
426
1633
1939
1890
1934
1358
32
-1166
-1195
560
2668
3156
1429
-589
-1233
-853
-556
-1612
-2564
-1041
762
312
-322
-1436
-3683
-2703
1422
3052
1094
-758
-840
502
1811
1277
-820
-3136
-3031
-769
55
-586
-690
-268
225
1913
3233
1501
-391
199
840
302
589
1122
35
-299
1315
1278
-870
-1715
-1124
-466
512
575
86
1126
1932
1242
394
45
-396
-271
1301
1193
-1096
-1728
-286
640
-256
-1983
-2315
-12
2161
1773
1013
583
-1025
-2411
-964
1355
1017
-26
-384
-2311
-4207
-2075
1547
1057
-1079
374
2767
1875
523
1110
895
-460
-1001
-615
-70
-358
-953
-388
-82
-1344
-1198
813
1672
2174
2458
670
-1182
-1071
-1343
-3046
-3217
-1581
-451
-111
-217
-510
-1148
-1680
-910
21
448
536
222
1197
2763
1720
-1786
-3484
-1485
1636
3538
2337
-723
-1340
982
2549
1441
564
1416
2003
1869
1151
-542
-2104
-2232
-1889
-2427
-2666
-1073
1283
1522
-234
-294
969
655
-1054
-2734
-3183
-1900
244
715
-1027
-2374
-1612
457
1596
1905
2214
1949
1728
2114
2795
3440
3503
1326
-2165
-2972
-1606
-679
-452
-935
-1962
-2531
-1956
-749
730
1031
-1363
-3601
-2537
-143
1685
2497
1441
851
1850
1205
-1764
-2785
-988
-389
-389
1144
1955
1030
754
1367
659
-212
344
845
-95
-2234
-3298
-2627
-1884
-1520
-1282
-1009
-1194
-1609
-1211
-893
-907
-297
707
2015
2392
1140
443
1272
2174
1218
-990
-1366
324
1591
1045
-645
-713
1452
2747
1925
1176
1533
645
-1536
-2167
-1709
-2344
-3240
-1756
693
98
-1731
-885
762
732
1089
2092
1012
276
1426
337
-2349
-3121
-1697
-10
125
347
1373
795
-543
370
1708
504
-641
-156
438
1603
2510
2078
1027
-437
-1462
-1776
-2196
-1969
-566
204
-1085
-2162
-1453
-576
1123
2630
1153
-919
-1079
-1044
-1589
-1062
-562
-1729
-2732
-1964
-320
865
1828
2523
2285
1665
1406
1255
784
1201
1977
631
-635
-195
-1142
-2143
24
1354
-1169
-2369
-51
1503
1493
1398
183
-1050
-348
453
1068
2189
1859
-115
-2062
-1738
792
2391
1574
-69
-185
-435
-521
1983
3101
1255
-433
-1347
-1826
-1265
-473
-1252
-931
1667
2722
2409
2349
1320
-622
-1517
-1290
-1388
-1118
-740
-1583
-1415
5
-365
-1747
-1181
966
2296
2853
2755
651
-1637
-1316
68
190
-305
-357
-618
-1799
-2092
-1477
-1800
-1550
-809
-1072
-959
628
2620
2374
511
178
380
-510
-1241
-547
1027
1983
1548
6
-1277
-1902
-2053
-1016
-230
-931
-1131
-106
865
1674
2537
2534
1070
-324
-241
376
749
705
647
396
-641
-302
793
-214
-1420
-695
818
1373
671
-82
-290
701
2650
2192
-704
-2032
-1287
-525
-1042
-2239
-2137
-263
1198
299
-987
-302
934
827
74
-549
-1415
-1894
-1532
-1110
-1282
-1422
-458
598
-71
-1435
-877
1358
2966
2915
1498
173
190
547
201
-323
-637
-591
-69
478
138
-691
-441
1
7
648
1367
1517
902
-253
-1403
-2403
-2874
-2099
-476
69
-192
286
877
806
808
1371
1706
1214
170
-246
514
821
-126
-1008
-1339
-672
1075
1520
302
-536
-673
-511
791
2405
1200
-1270
-1309
-32
532
781
1280
1073
-227
-1026
-759
-248
839
1887
616
-2102
-2236
124
1214
868
187
-732
-788
-94
434
791
1279
1781
1481
762
1040
1904
2086
1390
-368
-2393
-2974
-2794
-2498
-866
354
-396
610
3287
2537
-326
-1284
-1887
-2895
-2034
-1026
-1288
-387
579
-354
-482
1012
2079
2776
2885
1799
920
1081
700
-666
-1238
-867
-203
515
589
730
960
784
1572
2379
1283
-394
-1165
-2095
-3223
-2466
-578
129
-158
-25
982
1474
835
720
994
58
-1131
-1638
-1694
-683
554
557
14
692
1929
1284
47
604
2062
1832
-193
-769
-46
468
2016
2601
89
-2768
-3787
-3243
-2038
-987
-222
318
636
467
-336
-1012
-436
1036
1234
0
-188
532
302
-19
167
-583
-892
489
973
639
887
877
865
1489
1938
693
-1618
-2470
-1169
705
906
69
613
1091
-304
-1893
-2339
-1129
492
-61
-1492
-1811
-1429
-511
769
1877
1757
465
-150
424
1000
614
301
826
270
-800
-82
1217
1886
1804
979
635
1337
2077
1074
-548
-407
184
-307
-1360
-1934
-1745
-649
970
904
-689
-1484
-1613
-1572
-627
-306
-1119
-379
848
23
-1401
-1469
-741
129
1427
1591
-121
-1271
-229
1205
977
-278
-1134
-921
-558
-290
1064
1551
-715
-2048
59
1658
974
1092
1911
1038
-576
-971
-1858
-3244
-1579
1270
1519
543
588
621
-392
-493
713
944
355
768
1076
390
50
-680
-2479
-3005
-1322
-421
-1006
26
2194
1976
-317
-1717
-1571
-502
529
523
-516
-984
531
1634
551
-1087
-1082
550
1430
1163
529
171
592
533
-457
-597
312
129
-773
-475
393
382
-425
-398
490
201
-882
-1114
-1045
-1023
43
1361
825
-271
-338
-1206
-2190
-1033
749
1518
1897
2276
1718
121
-173
1081
605
-1440
-1479
109
517
884
1838
755
-668
602
1572
447
209
529
-580
-712
1309
1832
393
-72
196
217
-246
-766
-732
-717
-249
553
-155
-1861
-1517
-1
-782
-1963
-1120
-171
323
999
123
-1918
-1894
-95
475
-723
-1414
-800
-285
332
1673
1737
-190
-891
564
1260
530
1031
2338
1470
79
737
1805
1236
-137
-895
-801
-325
-536
-767
-377
-745
-1738
-1548
-121
1300
1766
523
-936
-635
874
833
-1859
-3778
-2372
679
2218
1662
836
815
970
262
-704
-1622
-2374
-1313
1115
1763
244
-8
1509
1947
853
-215
-254
281
871
1082
-152
-1789
-1444
-60
-325
-1216
-1525
-2064
-1491
-186
-818
-1641
-149
1390
1122
930
1314
769
79
403
1281
1838
1448
535
-477
-1317
-1404
-1209
-1330
-592
451
-897
-2819
-1802
659
1697
1652
1074
-752
-1957
-1016
-149
-253
-329
-1074
-2231
-1381
849
1153
-57
-113
696
895
500
161
74
-33
-376
-843
-636
603
1005
122
115
383
-210
115
2096
2991
660
-2105
-2114
-88
1353
791
-935
-2366
-2102
-1018
-1029
-673
952
1705
604
-572
-539
-97
486
651
-270
-1759
-2705
-1554
447
660
-200
-636
-734
-300
814
1056
46
594
1936
573
-1539
-1742
-1366
-897
743
1927
1122
997
1694
485
-1001
-152
1317
1200
656
-22
-1518
-1754
71
1037
-717
-2364
-1294
487
1238
1679
1116
-443
-566
272
413
425
448
13
-414
225
898
170
-448
-134
265
171
-623
-716
389
957
704
127
-1377
-2847
-2228
-667
-285
-239
145
-441
-1379
-602
538
128
-728
-1294
-1499
-490
1096
1149
99
-349
-668
-788
433
1481
915
1388
2642
1474
-387
-454
73
-537
-1071
-873
-1656
-2057
-742
443
190
-619
-96
1206
2067
2605
1811
-446
-2015
-1746
-704
-27
93
-51
-78
-265
-582
-461
-487
-858
11
1414
1081
336
688
718
-772
-2437
-2040
-663
16
1399
2782
1302
-942
-261
390
-1324
-1259
1104
2359
2069
1028
-280
-1231
-1092
-647
-1182
-1535
-506
433
-557
-1921
-805
1314
1511
966
946
552
164
469
825
-123
-1953
-2681
-2219
-1000
312
681
824
1186
1394
1635
970
-750
-1453
-395
1316
1460
-380
-1785
-1596
-773
-986
-1615
-1150
-733
-636
-417
-856
-1361
-485
923
831
450
1563
2222
881
-88
820
1086
114
82
193
-964
-1211
858
2237
828
-387
800
2311
2379
929
-1016
-1800
-847
377
-112
-1266
-1271
-328
659
922
971
1457
1999
1527
-298
-1423
-784
17
-97
-814
-1335
-1032
32
1176
1560
811
-206
55
1127
562
-1288
-1493
-622
-608
-388
618
834
-269
-749
67
882
1203
685
-146
-354
-394
-881
-1569
-1544
-535
843
1578
1280
1238
2239
2717
1337
-499
-1318
-1237
-863
-1093
-1872
-2224
-1831
-836
84
29
-5
1039
1801
1253
253
-143
-209
-597
-778
-161
499
203
-88
212
-413
-1003
641
2439
2109
1932
2708
1345
-1493
-2452
-2044
-1343
400
1792
1342
942
1609
2000
1022
-594
-647
658
1151
112
-1372
-1978
-1228
-365
-1024
-1378
75
1322
825
-314
-384
394
1039
1024
717
291
-132
5
-704
-2020
-1649
-577
-530
-353
813
1577
1277
837
852
237
-1696
-2572
-1466
-776
-882
-967
-1346
-1378
-87
1310
1335
1579
2710
3286
3506
3098
1268
-505
-1049
-953
-529
-831
-2277
-2417
-706
344
440
661
633
578
1220
1826
1289
323
118
412
506
27
-120
448
501
30
-216
-208
-436
-561
-298
-84
517
1052
377
-921
-804
1027
2339
1784
-94
-1713
-2256
-2276
-2152
-1680
-787
120
602
387
-411
-738
408
1355
125
-1262
-717
97
1
-161
-98
16
28
359
1419
2376
2703
2376
783
-1324
-1571
-134
412
319
676
383
-354
-790
-1037
-681
283
796
-131
-1509
-1910
-1393
-476
-376
-1612
-2269
-956
597
681
416
637
499
542
1167
799
-186
-12
1063
1265
-269
-1919
-1772
-120
1299
1690
957
-305
-626
-41
210
8
128
-95
-725
-600
-449
-500
173
1007
986
644
1031
1810
2376
2430
1376
-315
-1086
-367
711
789
-406
-1529
-1008
133
654
1328
1209
-289
-726
-406
-1376
-1600
52
388
-974
-848
775
1251
707
477
-113
-1099
-866
350
575
-117
-232
66
199
881
1334
510
-85
266
359
6
511
1423
697
-1541
-3336
-3290
-1700
154
943
-212
-1997
-1787
507
2239
1790
-171
-2105
-2112
-76
1234
302
-1468
-2100
-1427
-1010
-594
1030
1827
280
-662
-51
-487
-1605
-1155
37
788
1421
811
-503
-300
386
110
-87
450
1001
1458
1594
621
-515
-564
301
1447
1809
680
-878
-1539
-1349
-649
237
728
-77
-1588
-1463
-263
-188
-638
-448
156
741
950
548
-344
-1139
-1113
-89
785
187
-575
-283
35
461
1186
680
-601
-272
920
1172
932
642
348
-4
-304
-492
-728
-868
-1093
-997
-375
122
1089
2238
1960
838
517
661
-349
-1487
-1140
-830
-1104
-923
-686
-761
-527
261
1302
1724
854
-73
-45
228
308
-37
-993
-1367
-337
583
54
-1050
-943
571
1770
1396
51
-636
-278
310
280
-833
-1949
-1719
-154
1224
969
-36
-586
-680
-530
-141
152
-190
-799
-1043
-457
789
1252
765
930
1294
402
-1122
-1694
-658
557
380
-700
-1099
-263
1025
2168
2074
453
-204
997
1270
-482
-1873
-1831
-1427
-796
-193
-164
105
298
-468
-574
506
867
1026
2145
1971
-37
-488
326
-703
-2380
-2504
-1739
-1204
-754
191
1083
794
-257
-269
629
1025
1155
1421
1693
1786
873
-994
-1776
-852
209
822
885
376
-11
-311
-294
601
998
206
-233
-244
-677
-607
-160
-619
-1146
-1291
-1746
-1212
679
1660
1460
1044
137
-244
647
865
245
550
916
668
762
738
357
-216
-1235
-1383
-360
-78
-716
-882
-660
-798
-835
-930
-1140
-164
956
322
-953
-1230
-566
228
545
143
-261
85
207
-272
-380
102
234
-689
-952
797
2270
1479
546
914
397
-1098
-1209
-285
106
503
768
-262
-1426
-988
148
485
514
489
61
-465
-911
-1083
-675
-117
-483
-1709
-2328
-1418
-141
-128
-829
-1193
-730
804
1824
1011
189
819
1217
591
-30
-37
932
1641
475
-1522
-1816
20
1289
497
-768
-1048
-463
253
855
994
166
-705
-846
-572
-79
186
0
-186
448
1390
1077
-114
-875
-790
-340
43
287
661
1404
1291
189
-81
583
911
727
426
41
-269
-297
-175
-720
-1974
-1855
-73
1117
1342
1430
948
15
-143
241
400
849
1012
12
-766
-371
24
-385
-672
-221
542
1122
811
228
708
1088
257
-467
-601
-934
-1191
-935
-908
-1146
-940
-910
-957
40
552
-339
-267
914
996
129
412
1573
1514
728
259
-269
-331
438
836
-51
-1434
-1813
-1421
-1322
-747
642
1439
1240
766
93
-250
521
713
-699
-1116
-135
-613
-1659
-806
142
-146
-186
-115
-717
-600
897
1541
125
-1034
-131
818
392
38
26
-319
-487
91
408
-198
-331
215
247
-475
-985
-179
744
503
10
-553
-801
589
2509
2322
93
-1661
-1814
-1198
-950
-1195
-801
381
1335
1558
873
150
705
1610
1333
697
499
498
973
1165
-11
-1373
-1836
-2476
-2548
-534
983
-28
-887
202
1170
899
443
311
540
586
17
-543
-613
9
776
532
-291
-111
671
841
803
548
-145
-329
-256
-1102
-1603
-292
1069
563
-594
-322
495
-76
-1028
-432
451
-198
-860
-471
-272
-49
1089
1499
-79
-1589
-1527
-699
-16
370
785
837
304
155
1050
2120
1859
1111
1064
686
31
82
362
19
-602
-871
-962
-512
812
1636
890
-331
-763
-593
-347
-277
-464
-777
-761
-182
57
-138
17
30
-108
566
1361
904
321
375
-176
-340
819
1118
1
-462
-99
140
418
298
-510
-510
959
1954
1036
-362
-439
337
442
-529
-1604
-1714
-1014
-269
527
1081
579
13
216
17
-679
-584
370
1197
1548
1255
459
-96
-303
-233
139
126
-568
-1013
-802
51
1418
1742
393
-696
-210
538
534
558
633
342
-156
-669
-738
-170
819
1806
1919
953
31
-117
-34
-732
-1975
-2222
-1579
-1463
-1572
-791
114
483
1430
2513
1945
593
274
225
-303
-504
-452
-1066
-1870
-1605
-925
-480
-102
-277
-52
1645
3381
3288
1946
1228
1093
381
-762
-1199
-626
-51
109
454
631
317
633
1517
1186
-298
-1055
-617
142
365
-527
-1799
-1769
-763
-561
-1107
-1115
-282
361
217
-91
-174
128
449
391
460
697
543
-252
-353
972
1566
485
-629
-733
-628
-902
-1061
-1272
-1628
-1512
-1002
-664
-244
384
171
-673
-882
-1023
-1366
-970
-161
633
1316
1052
14
-342
82
310
303
355
645
1309
1573
717
-463
-1362
-2126
-2070
-878
172
281
-104
-733
-1072
-362
782
997
177
-264
378
1203
1687
1773
871
-437
-964
-828
4
1508
2173
991
-408
-482
-100
-12
188
627
460
-678
-1177
-491
-396
-914
-501
376
431
-7
-102
58
38
-308
-676
-596
-402
-236
532
1165
673
-107
-271
-139
-122
-60
-105
78
979
1187
-123
-1124
-478
342
-194
-1165
-1416
-1140
-455
392
392
-551
-999
-291
239
-151
-432
201
837
603
579
888
445
-321
-714
-928
-898
-289
-143
-780
-355
847
674
-447
-867
-755
-591
-174
372
561
-90
-1412
-2181
-1352
97
651
423
-55
-462
-411
331
1275
1128
-119
-459
802
1620
1234
885
256
-1052
-1470
-874
-707
-563
-143
-230
-102
340
-25
-307
273
511
249
307
183
-290
-232
-165
-512
-266
93
-287
-241
385
688
955
764
19
192
822
233
-649
-539
-326
-550
-787
-908
-697
109
676
462
57
-919
-1949
-1373
9
688
781
625
230
-42
214
299
-436
-1061
-655
30
-90
-433
-216
160
373
692
817
90
-619
-317
24
-411
-361
507
594
17
-349
-472
-144
522
1252
1394
500
-566
-739
-125
182
-93
-194
53
184
-154
-629
-431
-121
-548
-871
-657
-492
-315
94
-158
-1230
-1244
351
1463
849
-328
-938
-1180
-1038
-426
-39
89
403
668
898
1233
1021
85
-705
-884
-754
-540
-295
-407
-729
-446
171
152
-324
-193
719
1315
850
-419
-1586
-1440
-4
988
253
-1415
-2131
-1276
-63
317
-79
-254
382
1012
735
18
-49
799
1368
503
-920
-1363
-574
542
1129
1148
665
28
-27
351
89
-355
423
903
-337
-1369
-1047
-577
-425
88
417
4
-95
601
1062
573
142
462
320
-482
-753
-598
-534
-170
130
-627
-1564
-1079
105
487
317
71
-398
-636
-393
-282
-389
-189
350
449
156
203
167
289
779
634
-318
-1158
-530
983
1583
1435
1190
857
543
-97
-1065
-1298
-676
-137
-40
-334
-764
-801
-587
-731
-744
1
988
1776
1998
1333
404
-260
-928
-1406
-1082
-324
208
525
542
61
-616
-1036
-847
-44
835
1234
489
-1117
-1883
-1333
-264
533
341
-398
-660
-533
-426
10
448
62
-405
-393
-270
621
1844
1645
308
-336
-47
113
382
490
-396
-958
-546
-526
-933
-385
878
1182
438
221
970
1233
265
-615
-642
-832
-1091
-507
159
287
512
995
1105
834
924
1110
751
493
664
630
321
-210
-815
-729
-185
-112
-293
-307
-475
-706
-431
-113
-224
51
580
441
67
-134
-387
-435
-90
457
876
1152
1367
991
152
-24
177
-472
-1089
-652
-105
281
749
458
-344
-425
-375
-1036
-1190
-126
937
1147
785
383
140
7
-159
-687
-1522
-1652
-459
561
147
-677
-994
-893
-500
-7
424
637
372
-176
-205
66
-99
159
819
88
-1581
-1956
-691
837
1404
904
255
13
161
613
648
35
-60
635
827
455
268
-262
-1282
-2027
-2403
-2451
-1506
11
729
780
888
997
922
894
1035
1048
872
707
728
508
-402
-1250
-1162
-446
205
752
1232
1518
1526
1165
845
766
498
245
393
388
54
21
-33
-540
-597
148
613
262
4
262
304
-34
-532
-870
-465
616
1533
1288
259
-400
-376
181
576
455
-32
-928
-1420
-740
363
1006
1153
543
-410
-394
379
1047
1339
1049
360
-220
-189
278
467
207
-141
-544
-1211
-1405
-530
470
769
689
479
-62
-652
-846
-638
-146
355
497
182
-313
-639
-702
-587
-405
-50
572
934
650
280
117
-133
-174
2
-323
-727
-274
601
1051
1090
947
443
-620
-1501
-1189
-404
-393
-725
-787
-1007
-1026
97
1244
772
-202
155
1212
1493
949
365
203
81
-512
-1331
-1791
-1641
-1201
-463
647
1178
985
891
748
103
-595
-696
-426
11
714
825
111
-174
33
123
323
562
634
740
925
723
224
92
83
34
482
1176
1084
196
-452
-589
-363
254
296
-688
-1038
250
1822
2024
746
-805
-1314
-822
-537
-513
-174
-27
-191
-284
-669
-1035
-380
697
941
504
174
133
-97
-378
-209
-222
-663
-509
378
815
442
-118
-298
15
81
-353
-504
-139
367
686
597
71
-531
-522
35
439
743
1068
770
-304
-795
-164
14
-290
324
1235
1455
1546
1414
171
-1236
-1266
-520
-104
183
345
192
-43
-317
-251
115
138
13
130
228
122
154
59
-352
-294
-84
-630
-1372
-1226
-304
347
289
94
274
413
149
-12
74
-61
-213
-85
-113
-313
-321
-63
285
117
-881
-1762
-1465
-563
162
649
374
-170
360
1040
401
-576
-641
-309
-238
-36
306
31
-504
-202
555
355
-365
72
886
970
1485
2247
1585
-203
-1163
-868
-618
-477
105
470
248
19
-152
-603
-766
-89
410
-145
-799
-714
43
1204
1804
1281
262
-379
-494
-458
-359
-449
-470
-129
-367
-1054
-780
127
150
-791
-1491
-1340
-900
-413
190
53
-1096
-1486
-227
826
763
716
895
883
1043
1217
445
-554
-139
948
1156
611
142
-5
-174
-433
-498
-268
-110
-326
-681
-1221
-1666
-1203
-441
-596
-1075
-704
99
346
117
207
691
944
833
789
702
225
303
872
480
-132
336
960
706
415
660
523
-51
-305
-523
-892
-905
-763
-569
244
1003
471
-842
-1701
-1559
-468
429
-32
-1033
-1057
-250
318
190
-557
-1135
-594
321
320
29
294
458
68
-196
-34
-20
8
353
327
-221
-414
-54
172
300
426
63
-631
-1177
-1431
-1195
-429
104
-263
-879
-445
876
1393
636
-188
-426
-619
-850
-473
351
817
571
-64
-522
-506
-218
-8
186
682
1489
1865
1260
354
-209
-584
-885
-1129
-1278
-754
300
622
72
-323
-340
-219
184
412
172
196
337
-335
-1233
-1070
-190
210
129
214
159
-188
78
798
753
285
569
1139
986
353
-318
-859
-967
-712
-425
-251
-201
-165
70
427
386
-12
58
482
277
-119
162
274
-348
-883
-1071
-1064
-549
224
557
521
423
201
66
104
0
29
110
-240
-415
-73
8
-360
-90
767
851
285
-154
-106
378
579
303
-167
-439
-52
643
619
-245
-772
-640
-372
172
594
194
-507
-768
-347
262
193
-82
79
-133
-875
-1018
-621
-694
-958
-700
-269
-130
-180
45
650
804
261
-406
-910
-983
-562
75
384
-2
-407
-161
159
-62
-14
871
1378
805
247
387
494
71
-501
-881
-849
-149
737
770
99
-147
116
122
-181
-255
-102
-47
42
204
-58
-752
-1063
-711
-186
551
1525
1632
632
98
232
-261
-702
-37
488
102
-237
-139
55
161
174
-7
-343
51
1096
996
-405
-1186
-789
-286
18
204
-103
-225
643
1127
319
-132
321
193
-432
-227
627
1058
916
536
-202
-972
-927
-487
-576
-540
229
926
933
337
-264
-206
372
707
458
-57
-674
-840
-234
20
-515
-857
-423
252
504
510
518
382
-5
-421
-511
-404
-326
-159
49
28
-223
-291
45
424
677
880
793
579
578
411
36
-20
171
246
306
349
-16
-406
-118
469
609
159
-341
-285
105
35
-691
-1244
-984
-197
452
420
184
615
1095
550
-327
-307
348
910
992
324
-437
-500
-355
-446
-309
112
478
735
671
405
296
59
-148
72
144
-113
-10
323
125
-444
-901
-1371
-1439
-679
160
758
1347
1647
1468
971
494
320
354
356
168
-19
146
473
248
-428
-252
666
844
514
639
688
230
77
285
-76
-702
-522
109
92
-497
-879
-850
-409
473
1224
1034
301
272
763
567
-312
-773
-528
-306
-100
215
94
-129
-72
-459
-889
-119
1017
1257
952
566
280
304
289
-148
-426
-186
3
52
-27
-256
-65
235
-166
-703
-668
-506
-429
-378
-886
-1483
-979
120
522
133
-347
-352
193
577
392
260
360
355
413
547
396
108
3
-86
-162
-32
50
-136
-485
-620
-247
-136
-891
-1506
-1092
-278
173
352
402
458
523
129
-449
-441
-116
115
410
454
-285
-1091
-844
-79
255
465
972
1316
901
119
-422
-595
-174
450
442
60
7
-31
-395
-571
-582
-760
-746
-217
533
885
559
-262
-1104
-1449
-1184
-850
-746
-367
82
120
368
845
630
139
432
885
771
543
116
-415
-315
-134
-519
-732
-387
37
398
723
744
427
144
106
242
165
-365
-805
-777
-674
-864
-1042
-744
-175
179
386
900
1430
1204
619
613
894
697
304
315
247
-405
-891
-615
-239
-499
-889
-595
132
680
693
191
-182
-86
-274
-1129
-1577
-949
-206
-238
-754
-1182
-1241
-661
647
1762
1632
956
848
821
134
-602
-723
-791
-965
-697
-567
-817
-388
470
472
-15
213
644
518
472
392
-169
-497
-490
-769
-1190
-1178
-646
-2
437
787
1161
790
-148
-141
462
514
298
175
-165
-283
471
961
512
157
109
14
126
193
-173
-414
-336
-436
-728
-854
-732
-389
118
301
-87
-635
-906
-878
-674
-92
594
664
529
737
570
-106
-226
299
417
107
25
-121
-445
-356
-118
-380
-382
531
1141
637
39
-88
-337
-511
-208
-171
-594
-669
-516
-792
-809
77
774
638
335
266
395
509
326
-146
-614
-885
-839
-628
-546
-170
540
614
33
-116
207
328
525
842
537
-288
-796
-935
-961
-664
-483
-703
-612
-423
-894
-1214
-449
493
591
307
410
647
465
196
53
-434
-952
-671
-35
189
414
720
641
502
431
43
-208
169
556
332
-381
-1034
-1043
-659
-513
-315
79
129
154
593
646
18
-361
-456
-740
-574
235
688
313
-286
-509
-423
-140
312
550
363
4
-277
-482
-613
-373
105
347
488
472
-40
-552
-454
-65
76
-74
-159
-26
-161
-736
-1003
-498
-25
-252
-497
-381
-285
-18
472
467
-143
-404
47
323
131
57
80
213
598
756
797
1197
1225
227
-697
-710
-273
206
222
-190
-281
-20
-82
-562
-650
-43
732
1045
722
237
-110
-228
-189
-502
-947
-637
161
318
-152
-423
-322
228
871
598
-332
-700
-17
831
766
173
-245
-349
-228
-313
-602
-450
295
726
262
-263
-257
0
361
422
-212
-692
-121
657
538
48
-18
25
35
139
-50
-440
-404
26
225
76
-69
-49
80
48
-137
-150
-29
-89
-340
-339
26
309
485
648
373
-79
-15
-16
-749
-1231
-664
38
246
213
-187
-760
-767
-212
126
146
333
597
797
917
635
-184
-1000
-1322
-1114
-394
153
-34
-126
477
992
897
587
268
204
630
821
324
-60
-27
-243
-632
-514
49
378
293
227
384
567
790
956
541
-181
-418
-207
4
106
115
26
-116
-294
-331
-132
217
556
370
-258
-356
109
254
-130
-554
-562
-272
-296
-675
-595
35
411
418
339
325
611
878
536
-2
87
605
835
602
377
482
491
246
206
403
573
628
530
349
249
148
-227
-675
-777
-380
364
768
457
108
129
121
-88
-374
-529
-343
85
473
570
509
529
501
436
322
36
-193
-213
-211
-250
-160
-165
-465
-599
-493
-374
-62
196
-53
-433
-361
-10
165
-28
-363
-422
-227
199
787
887
326
-177
-319
-508
-642
-286
344
699
652
621
537
-4
-366
-144
-226
-770
-725
107
527
-8
-502
-182
511
870
827
619
256
-98
-135
-90
-333
-603
-483
-26
311
251
13
-293
-632
-621
-313
-302
-530
-257
342
274
-300
-266
573
1152
730
13
105
802
904
177
-527
-545
30
381
38
-307
-138
127
312
352
-174
-724
-236
646
642
-10
-542
-688
-456
-274
-645
-1092
-724
122
347
-10
83
677
1030
1100
1231
1203
633
47
-110
-266
-479
-362
-115
-285
-400
116
546
431
89
-326
-476
-101
333
575
844
955
508
-214
-561
-574
-288
333
573
136
-180
138
460
268
-112
-232
-6
208
205
152
77
5
118
149
-209
-352
7
226
235
276
31
-399
-462
-413
-573
-453
-16
198
221
352
333
-47
-309
-148
120
249
374
471
293
-53
-309
-406
-476
-538
-496
-451
-320
25
291
197
14
83
335
628
681
207
-434
-528
-63
309
274
71
-57
-178
-327
-367
-359
-252
19
68
-55
210
603
678
684
624
312
94
331
723
787
445
-175
-846
-1169
-837
-300
-237
-302
-9
197
4
-15
497
890
621
21
-409
-352
-141
-247
-253
-59
-99
-199
-5
271
245
162
474
739
390
-64
-29
242
341
293
74
-409
-514
141
592
206
-251
-88
345
635
684
215
-572
-905
-727
-648
-666
-480
-288
-179
142
561
482
25
-40
169
12
-315
-144
530
912
612
179
-12
-96
60
548
889
664
89
-224
-24
165
-122
-365
-57
143
-303
-759
-703
-236
525
1224
1368
956
434
181
63
-265
-714
-989
-921
-593
-211
173
377
386
383
311
204
26
-264
-372
-285
-337
-383
-138
8
-112
72
538
710
656
547
53
-580
-574
29
442
311
66
-49
-231
-442
-544
-529
-227
309
479
265
75
-294
-591
-322
-170
-628
-915
-611
-260
75
392
-40
-790
-631
-18
31
-51
224
261
37
249
506
-47
-806
-627
-83
-341
-863
-653
-189
-251
-306
-100
-150
-6
540
578
8
-346
-42
717
1239
891
19
-418
-270
-152
-287
-444
-387
-155
118
385
426
228
151
158
-291
-998
-1013
-321
415
817
648
123
-125
217
660
440
-253
-602
-518
-312
-15
119
-84
-217
-34
37
-247
-437
-384
-336
-92
374
383
-219
-498
-11
368
95
-61
340
621
454
173
-103
-403
-452
-157
77
45
2
49
-91
-279
-147
87
175
33
-295
-343
63
268
-266
-1008
-1093
-560
-6
86
-230
-148
531
817
298
-233
-340
-419
-581
-484
-133
241
634
803
303
-503
-656
36
770
925
376
-524
-872
-477
-85
-62
-182
-355
-536
-379
41
93
-386
-704
-290
296
131
-473
-481
-52
-12
-358
-620
-390
381
1097
1029
393
64
150
93
-219
-482
-610
-627
-404
36
421
475
180
49
395
621
395
145
-129
-652
-946
-715
-578
-724
-738
-747
-641
-66
431
428
245
72
-23
109
176
-148
-435
-339
-146
-62
-92
-143
-23
129
80
75
474
900
727
304
172
100
-269
-679
-684
-461
-163
261
190
-559
-793
-63
431
173
-57
35
163
384
579
325
-72
30
369
355
185
120
-77
-351
-366
-112
134
127
-172
-480
-420
-132
82
264
386
241
-112
-311
-341
-303
-96
13
-160
-338
-291
-11
256
180
-308
-773
-650
-215
-112
-135
147
401
295
197
268
105
-180
87
628
519
17
-200
-304
-379
-82
256
110
174
856
1068
516
55
-219
-557
-688
-613
-589
-384
-3
49
-90
0
204
313
-15
-735
-815
98
831
541
-150
-310
-82
-251
-735
-900
-692
-197
426
454
-114
-118
478
447
-188
-457
-420
-448
-270
-7
-192
-682
-892
-726
-451
-76
331
563
713
839
764
363
-137
-304
-163
-74
-146
-286
-356
-145
234
319
126
10
19
129
373
430
135
141
591
631
304
431
777
706
345
-44
-273
-133
-45
-500
-936
-760
-272
75
141
209
722
1363
1124
76
-504
-242
167
237
-55
-492
-688
-336
111
94
-37
111
299
170
-151
-219
49
363
548
599
462
90
-379
-589
-307
38
13
-50
160
316
106
-170
-85
340
751
824
451
-218
-616
-372
-10
-39
-353
-716
-741
-294
120
358
700
907
803
713
689
444
31
-181
-292
-496
-483
-234
-161
-212
-71
1
-344
-656
-259
602
933
528
139
-5
-99
66
248
-117
-424
0
298
-113
-364
-119
-31
-241
-454
-490
-308
125
764
1060
642
158
274
548
343
11
-70
-155
-286
-371
-542
-643
-216
529
866
755
617
609
684
708
572
360
96
-328
-665
-549
-92
279
323
276
441
669
748
631
194
-307
-323
-3
18
-329
-466
-193
-59
-427
-823
-625
-129
-3
-118
1
341
500
267
-38
-154
-223
-359
-459
-159
442
517
-27
-376
-181
403
859
444
-476
-739
-249
170
95
-306
-601
-514
-364
-420
-374
-178
-70
5
-1
-92
100
511
685
581
429
291
180
229
201
-130
-271
11
274
347
485
638
347
-252
-446
-380
-539
-438
21
-141
-789
-739
-218
-66
24
295
331
162
75
-52
-191
-11
244
35
-427
-482
32
634
625
20
-246
15
64
-178
-257
-103
53
69
-124
-272
95
566
391
-156
-323
39
340
247
110
15
-149
-118
69
-103
-492
-444
-121
-107
-163
101
243
-90
-557
-820
-901
-803
-324
435
885
682
351
353
302
136
201
100
-337
-332
48
25
-13
485
814
463
154
249
209
-11
-6
209
284
45
-277
-508
-677
-597
-172
319
550
362
-16
-159
57
533
920
707
112
-64
224
395
305
110
-121
-282
-301
-331
-437
-361
42
559
769
510
189
178
219
-48
-507
-896
-970
-606
-234
-228
-213
157
422
99
-427
-440
100
369
-27
-389
-278
22
278
277
-126
-376
158
907
909
251
-381
-683
-738
-504
-57
117
21
132
488
718
612
411
315
140
-165
-278
-65
277
485
280
-244
-494
-196
239
448
474
316
16
-131
-154
-385
-677
-453
236
532
202
77
385
360
-113
-388
-399
-397
-231
43
95
76
200
233
137
103
158
318
517
595
420
48
-169
-49
153
54
-316
-538
-429
-137
87
-56
-491
-633
-199
335
366
-108
-495
-367
19
165
42
-86
-115
-116
-258
-334
16
408
271
-70
57
372
339
157
-123
-524
-580
-93
402
202
-552
-1013
-862
-577
-460
-320
-107
161
499
554
185
-54
90
36
-517
-1032
-1040
-765
-597
-407
2
411
659
789
803
631
346
74
-263
-515
-407
-198
-284
-524
-542
-313
-137
-128
15
425
704
523
78
-289
-576
-835
-767
-361
-181
-351
-450
-345
-48
250
122
-365
-663
-465
39
424
425
147
-200
-354
-114
258
423
316
22
-203
-189
-98
-27
195
333
-55
-531
-438
-127
-175
-309
-233
-346
-592
-269
393
419
-5
109
553
528
270
146
-139
-338
-41
144
-149
-367
-261
-64
3
-77
-68
75
135
77
-24
-218
-326
-182
-231
-612
-886
-935
-698
-159
251
366
443
498
390
204
107
195
446
530
143
-333
-426
-282
-136
-129
-345
-508
-251
231
392
216
-1
-252
-461
-497
-487
-543
-571
-402
-91
172
373
475
280
-117
-296
-162
-1
122
280
307
171
21
-150
-222
-132
-215
-503
-489
-34
318
198
-143
-334
-233
30
293
453
361
202
298
460
335
-2
-238
-304
-273
-28
354
473
311
232
355
439
295
90
52
146
161
-16
-246
-373
-338
-172
-112
-201
-64
305
461
341
174
44
-1
82
79
-165
-399
-476
-432
-223
-133
-387
-637
-641
-394
57
436
432
98
-141
-53
181
388
578
579
90
-544
-685
-381
-52
63
-29
-165
-73
349
752
841
703
460
92
-264
-351
-370
-682
-961
-679
-117
174
225
169
110
412
850
752
414
421
377
-80
-538
-632
-463
-318
-326
-358
-81
551
1043
1039
650
196
-112
-259
-269
-222
-177
17
286
85
-590
-903
-531
2
313
370
203
-19
-134
-203
-301
-430
-508
-381
-82
181
432
783
884
331
-450
-700
-444
-134
73
171
237
320
155
-322
-590
-357
-76
-128
-271
-243
-95
35
-18
-171
-190
-196
-262
-98
253
478
626
719
627
430
143
-196
-313
-120
240
542
526
226
30
120
145
-222
-664
-566
92
578
274
-487
-739
-196
344
272
-28
-120
-44
176
386
334
254
390
452
200
-47
3
20
-178
-174
52
33
-35
307
613
391
79
141
297
271
244
280
306
344
436
482
249
-183
-455
-468
-285
111
552
664
382
109
135
196
56
-84
-132
-186
-176
14
277
357
133
-299
-603
-438
-36
130
173
298
218
7
109
291
181
-8
-124
-250
-185
154
277
1
-156
35
328
694
1071
914
138
-312
37
334
100
-85
-153
-377
-310
201
501
369
210
31
-391
-745
-503
230
722
566
33
-374
-315
40
227
172
96
113
234
357
328
178
-60
-491
-722
-334
149
272
336
437
306
14
-233
-447
-489
-123
336
320
4
27
334
338
110
149
247
20
-245
-209
21
212
230
91
-65
11
422
736
550
237
305
452
164
-248
-321
-249
-253
-70
393
678
526
181
-40
-10
72
8
-218
-503
-435
4
140
-137
-151
281
621
672
605
415
231
235
269
138
-47
-123
-111
-43
46
38
-28
-2
104
239
356
342
150
-68
-199
-203
-37
-21
-318
-431
-115
245
295
77
-172
-200
89
443
556
517
544
592
433
-87
-674
-864
-618
-242
12
81
-89
-340
-349
-132
98
207
178
93
4
-66
-151
-246
-299
-346
-418
-426
-252
140
544
647
397
64
-12
230
522
634
455
-66
-553
-527
-208
-49
-57
-151
-228
-89
59
-77
-204
-97
-24
-128
-294
-427
-347
44
346
184
-178
-281
-102
14
25
190
434
421
134
-122
-201
-184
-75
125
212
17
-245
-361
-447
-439
-177
132
241
158
143
234
50
-263
-114
245
141
-153
-90
77
67
-5
-92
-180
-171
-21
205
413
506
389
45
-381
-587
-428
-169
-130
-282
-306
-150
-121
-215
-259
-266
-152
138
336
224
48
118
306
316
88
-187
-251
-116
28
80
-65
-249
-64
361
480
274
75
-72
-135
-25
-3
-171
-144
100
156
-67
-332
-431
-305
-83
26
-74
-237
-188
65
169
-60
-322
-346
-206
126
518
475
-38
-508
-553
-293
-207
-385
-334
28
205
51
-189
-319
-160
183
203
-132
-338
-376
-460
-551
-561
-555
-542
-340
-62
-40
-217
-314
-246
-70
89
22
-325
-634
-507
69
610
500
-213
-729
-672
-364
8
317
435
520
548
308
-42
-139
5
14
-252
-456
-227
183
246
47
-161
-372
-389
-105
196
321
285
56
-308
-573
-623
-587
-494
-288
-39
261
556
672
579
314
-5
-150
-76
116
372
549
366
-126
-473
-421
-143
40
-1
-54
174
522
545
304
62
-245
-525
-396
169
652
664
203
-460
-770
-557
-312
-256
-114
142
276
273
155
-83
-235
-258
-358
-465
-391
-237
-70
97
-63
-558
-796
-559
-223
-15
110
133
60
-25
-113
-219
-340
-381
-263
-78
164
435
355
-156
-511
-359
2
176
80
-7
129
207
-52
-343
-322
-215
-303
-480
-515
-213
216
326
184
103
79
47
68
-39
-390
-495
-163
64
45
135
225
27
-174
-4
281
326
339
398
217
-123
-328
-270
37
329
354
211
83
21
130
305
72
-537
-833
-626
-337
-96
106
-29
-402
-349
145
364
148
-58
-63
1
69
178
219
78
-101
-217
-263
-92
98
-76
-279
-94
87
-94
-271
-129
98
148
54
-16
-55
-129
-15
268
230
-54
-105
-55
-99
-53
16
-8
119
411
504
352
272
312
259
60
-268
-629
-661
-277
-62
-294
-380
-30
282
288
193
161
145
59
-114
-227
-98
191
384
212
-235
-409
-171
-81
-307
-316
-28
120
159
344
432
266
184
259
229
176
225
101
-281
-579
-578
-357
-161
-151
-227
-197
-19
145
190
156
112
29
-147
-212
58
296
-25
-578
-659
-176
386
590
515
375
191
38
-66
-213
-265
57
510
522
268
306
427
269
86
-4
-132
-124
64
107
10
150
404
388
292
371
407
197
-12
16
35
-22
60
110
39
65
126
86
11
-41
0
160
259
352
681
927
716
340
104
-34
-32
63
-17
-199
-224
-166
-137
-76
-22
9
147
298
360
522
704
558
140
-205
-264
-87
-29
-208
-230
-11
103
139
233
158
4
98
236
129
-47
-62
16
119
325
508
416
130
44
269
380
148
16
182
125
-224
-294
-48
131
149
85
74
228
287
23
-252
-314
-272
-171
-98
-47
94
198
179
78
-93
-155
80
408
452
144
-186
-153
192
414
240
-117
-261
-186
-136
-131
-69
39
209
379
358
256
329
448
374
281
363
342
70
-148
-210
-245
-256
-180
-58
49
207
353
317
198
159
49
-212
-262
-17
156
195
211
52
-326
-543
-438
-331
-261
-85
46
26
-60
-201
-374
-328
19
379
551
553
504
525
431
-78
-691
-747
-260
233
475
448
127
-227
-252
-77
6
77
239
352
285
201
319
376
110
-170
-278
-323
-131
377
675
451
85
-134
-184
-48
161
231
155
201
394
365
123
208
604
645
267
16
56
149
194
122
-196
-472
-276
196
419
302
199
370
656
697
399
70
43
187
107
-195
-343
-198
-27
-42
-145
-145
98
416
338
-188
-646
-712
-489
-223
-163
-209
23
473
688
538
256
126
229
244
-59
-391
-449
-244
32
65
-188
-302
-40
311
416
253
61
15
6
-89
-185
-249
-395
-548
-590
-626
-621
-360
102
395
336
190
166
90
-94
-189
-179
-156
-75
35
31
-54
-127
-221
-240
-66
174
349
431
301
-8
-107
77
91
-206
-478
-497
-381
-297
-240
-176
-24
253
455
349
77
42
221
231
42
-59
-6
106
255
260
-19
-337
-403
-160
214
434
445
369
176
-85
-187
-163
-167
-188
-264
-434
-484
-331
-261
-412
-576
-479
-119
120
72
77
246
363
310
-3
-466
-660
-438
-247
-427
-640
-558
-347
-176
7
167
117
-27
-42
-157
-377
-276
17
-72
-521
-754
-637
-471
-309
-175
-178
-63
372
653
366
-156
-431
-367
-193
-181
-361
-497
-448
-395
-427
-358
-150
0
-64
-197
-112
201
548
657
400
30
-175
-176
-106
-139
-224
-99
215
331
210
163
96
-113
-187
-98
-55
-87
-143
-146
-93
-55
-33
-45
-190
-357
-274
-82
-63
-97
-81
-129
-179
-149
-177
-237
-187
-98
-93
-117
-53
82
125
-79
-353
-372
-201
-111
-108
-88
-53
32
170
293
332
182
-150
-412
-430
-325
-157
0
-73
-227
-125
108
185
67
-181
-388
-346
-124
45
77
-9
-156
-254
-266
-176
45
282
422
411
241
96
110
80
-102
-214
-186
-60
237
491
336
-85
-323
-226
38
158
-9
-208
-190
-7
135
77
-26
55
101
-53
-92
45
89
38
-84
-463
-921
-896
-397
-21
67
66
-5
-55
14
22
-160
-381
-433
-285
-54
135
208
122
-94
-177
16
172
151
175
221
160
103
-41
-381
-510
-273
-62
17
37
-80
-185
-98
-19
-28
64
208
230
55
-255
-420
-326
-290
-446
-546
-377
21
374
484
331
61
-80
-36
10
-83
-103
130
302
101
-311
-561
-544
-439
-389
-426
-456
-286
94
395
355
83
-119
-142
-13
209
306
108
-160
-194
-96
-1
192
346
246
148
295
415
272
-10
-276
-410
-332
-164
-73
-49
-65
-119
-81
38
95
120
98
4
11
165
209
28
-208
-319
-235
-122
-109
2
240
325
266
258
196
75
145
356
370
152
-13
-38
-18
-13
-62
-145
-140
9
106
-17
-182
-107
153
270
82
-159
-171
-58
47
127
-13
-305
-348
-201
-201
-181
43
158
142
333
625
719
524
81
-327
-385
-159
18
-34
-164
-177
-99
-29
38
32
-76
-39
45
-51
28
339
302
-94
-242
-148
-211
-282
-110
139
269
239
58
-69
60
251
298
289
313
307
268
228
-7
-414
-584
-422
-203
-97
30
351
632
537
206
2
-21
48
263
452
275
-191
-508
-483
-292
-120
4
111
194
207
111
23
121
234
76
-137
-83
99
283
493
567
454
350
337
326
275
249
290
357
375
254
-27
-323
-435
-333
-154
27
258
504
557
344
101
-65
-330
-617
-605
-304
-20
75
18
20
247
436
273
20
58
251
278
134
-38
-195
-281
-219
-58
75
130
124
51
-69
-97
90
267
168
18
51
115
164
233
148
-29
53
313
323
98
-57
-132
-179
-123
-26
13
39
113
147
93
143
293
342
291
176
69
193
497
484
6
-378
-344
-152
-26
-10
-59
-74
-55
-3
110
218
294
361
354
243
205
321
319
40
-325
-468
-279
-75
-84
-58
187
422
451
352
207
22
-156
-261
-190
56
206
82
-120
-127
25
69
-2
58
267
403
397
374
355
254
99
-81
-339
-569
-493
-107
187
222
209
134
-93
-119
202
344
139
50
83
-147
-497
-517
-193
135
215
28
-180
-79
240
335
36
-363
-452
-239
-122
-272
-488
-487
-188
164
253
10
-252
-172
138
385
520
535
356
65
-147
-201
-126
-25
-28
-88
-63
7
68
158
167
40
16
104
50
19
281
486
268
-77
-235
-250
-118
107
252
372
526
568
402
109
-91
-42
184
353
281
99
83
170
38
-248
-388
-397
-254
113
310
97
-72
-53
-190
-309
-168
-78
-124
-33
95
-45
-254
-172
25
27
-81
-130
-142
-96
45
62
-128
-194
-29
76
36
-34
-194
-406
-446
-344
-269
-126
220
478
297
-70
-133
46
75
-60
-198
-343
-395
-255
-169
-241
-151
135
209
10
-47
230
518
442
36
-298
-224
172
458
281
-151
-313
-150
-37
-70
-89
-84
-123
-215
-278
-257
-304
-461
-492
-307
-64
114
157
58
-47
-70
-22
56
40
-56
-43
47
73
29
-146
-358
-304
-65
32
32
117
166
83
47
145
171
1
-92
13
-38
-280
-331
-169
-79
-69
30
190
276
222
89
44
112
143
75
-31
-50
80
216
199
15
-194
-227
-59
84
8
-177
-269
-249
-153
11
89
-62
-201
-51
199
226
93
10
-44
-47
91
235
277
239
79
-169
-284
-154
3
20
-5
-15
-48
-69
-56
-95
-216
-318
-299
-183
-82
-87
-222
-351
-278
-60
68
44
46
178
275
213
85
-40
-151
-192
-163
-154
-203
-200
-102
-102
-230
-236
-24
219
308
214
68
44
63
-71
-242
-232
-121
-42
-12
-111
-254
-176
33
61
-11
33
114
116
26
-182
-382
-365
-157
29
32
-105
-195
-154
-41
35
27
27
72
-28
-334
-512
-380
-198
-192
-310
-424
-392
-117
178
145
-126
-230
-48
170
218
102
-95
-251
-263
-182
-90
23
99
57
-22
21
191
274
173
103
110
-28
-266
-293
-112
24
62
-35
-305
-478
-351
-116
-56
-198
-289
-156
91
240
170
-2
-60
-20
-58
-152
-73
110
48
-239
-403
-334
-182
-49
79
183
198
141
41
-141
-297
-223
4
166
266
345
240
-49
-229
-152
78
263
235
0
-237
-312
-330
-415
-466
-318
-32
138
128
83
12
-139
-234
-168
-34
10
-98
-211
-190
-82
59
159
71
-101
-90
6
12
27
28
-99
-251
-329
-294
-56
242
226
-49
-177
-54
154
331
416
353
216
168
209
141
-113
-325
-304
-209
-213
-253
-240
-109
88
136
49
60
146
137
88
56
-52
-186
-198
-81
91
259
328
252
158
193
260
183
71
37
-39
-129
-48
116
97
-103
-279
-293
-126
59
94
61
91
143
180
231
190
28
36
282
466
472
386
258
133
40
17
130
248
95
-209
-296
-137
136
442
560
367
147
115
160
201
202
99
-46
-127
-147
-156
-118
-18
44
55
129
282
369
277
98
19
96
195
139
-101
-340
-415
-382
-271
-69
67
100
245
430
323
60
-42
-172
-467
-562
-249
108
111
-138
-257
-109
82
95
26
59
151
201
234
257
147
-61
-84
76
80
-110
-303
-465
-501
-300
-25
85
23
-28
56
232
287
65
-230
-335
-279
-196
-131
-82
-40
-14
-111
-372
-531
-310
145
486
544
427
351
352
297
153
66
104
88
-60
-181
-193
-149
-68
83
244
315
317
355
444
375
57
-233
-261
-106
126
399
569
561
468
285
4
-173
-106
26
15
-10
94
155
13
-205
-318
-332
-259
-50
182
287
275
185
70
19
34
41
11
46
199
317
253
92
42
99
117
124
178
204
184
112
-92
-343
-413
-266
-58
89
154
162
135
39
-133
-229
-142
-15
22
65
160
158
44
-21
-63
-143
-121
31
144
198
302
351
189
-82
-284
-343
-237
-21
110
14
-170
-191
-14
113
61
44
185
327
346
236
46
-129
-261
-343
-317
-221
-113
48
208
225
193
283
358
306
281
269
185
176
236
90
-212
-311
-172
-41
54
192
235
114
44
99
151
238
338
211
-63
-86
56
-36
-212
-105
114
151
142
221
264
246
182
-12
-215
-123
239
456
383
223
22
-222
-298
-129
17
-32
-137
-178
-88
166
338
211
-15
-78
-23
34
76
68
17
39
162
229
178
151
246
380
398
302
185
-8
-235
-220
4
74
-18
-28
51
154
269
261
101
2
70
167
187
152
88
-12
-198
-491
-693
-541
-119
217
333
267
33
-184
-192
-109
-126
-198
-157
35
310
550
622
507
324
182
55
-55
2
186
265
241
214
183
169
197
192
77
-14
62
167
126
-48
-289
-538
-630
-499
-324
-199
-1
214
237
148
158
250
262
145
28
-5
31
113
174
99
-59
-89
4
30
5
58
161
188
93
-61
-176
-166
-33
10
-227
-443
-289
-70
-99
-145
-131
-206
-194
-2
88
-5
-77
-102
-123
-65
34
14
-163
-288
-195
-30
34
9
-132
-348
-399
-261
-172
-163
-136
-145
-191
-155
-36
59
129
235
300
207
30
-45
-50
-127
-222
-208
-80
24
33
64
148
127
-34
-99
76
300
323
70
-273
-385
-253
-197
-359
-493
-379
-118
194
512
558
271
-3
-124
-237
-241
-50
21
-147
-263
-171
73
336
414
236
16
-41
19
90
150
176
68
-142
-240
-208
-207
-235
-210
-182
-169
-86
37
118
193
265
227
58
-106
-131
-76
-104
-199
-203
-102
-58
-163
-313
-340
-223
-74
31
52
25
104
232
117
-210
-441
-517
-538
-449
-260
-121
-79
-96
-141
-152
-53
159
363
470
501
402
105
-211
-320
-329
-395
-393
-289
-211
-83
158
298
238
137
65
29
95
175
103
-68
-163
-177
-148
-46
86
169
182
164
149
155
199
206
92
-70
-133
-144
-217
-247
-115
42
51
-81
-219
-204
-7
152
71
-130
-231
-203
-114
-13
44
51
65
111
168
174
35
-176
-240
-163
-118
-82
-1
3
-113
-209
-148
68
268
281
162
87
110
116
-16
-214
-320
-353
-359
-260
-125
-120
-178
-174
-144
-42
190
320
224
68
-125
-311
-249
17
108
-66
-209
-237
-264
-190
101
388
305
-91
-367
-335
-74
194
121
-293
-612
-567
-323
-138
-5
167
297
265
118
19
-6
-58
-159
-267
-384
-421
-272
-66
46
107
153
118
13
-20
77
168
106
-58
-151
-125
-84
-122
-211
-237
-157
-43
68
160
158
76
42
31
-105
-296
-342
-278
-272
-274
-120
97
194
205
177
40
-130
-137
-39
-19
-22
23
30
3
10
51
119
201
253
284
335
307
86
-163
-194
-102
-146
-260
-192
-10
19
-111
-228
-251
-159
-49
-133
-368
-392
-64
282
337
171
-2
-81
-85
-86
-93
-32
50
30
-33
-21
39
68
-4
-151
-213
-116
8
34
-32
-130
-137
5
168
208
131
69
84
104
94
69
11
-64
-42
113
241
198
73
40
72
49
59
210
331
249
84
-18
-84
-97
-53
-71
-90
72
303
372
310
245
193
187
248
222
27
-110
-33
47
-69
-226
-203
-33
138
211
182
134
101
84
150
274
289
97
-209
-437
-416
-154
144
310
326
228
110
57
46
19
1
78
217
207
2
-110
-6
56
-26
-82
-66
-27
107
337
416
164
-212
-389
-338
-166
68
171
44
-63
31
94
-49
-138
38
311
443
386
270
243
313
284
10
-317
-361
-82
246
354
181
-94
-207
-103
98
270
312
241
176
119
51
57
114
75
-64
-185
-177
0
186
166
-17
-133
-58
147
328
362
245
121
86
48
-25
-2
116
139
50
4
7
-16
-43
-55
-87
-84
51
224
255
157
74
39
54
115
163
187
129
-89
-269
-172
50
127
86
-45
-305
-390
-94
199
179
60
50
50
-4
-34
-57
-93
-88
-98
-159
-105
135
314
267
162
161
165
67
-38
-69
-81
-92
-79
-111
-202
-214
-136
-99
-121
-144
-139
-59
72
64
-156
-363
-338
-133
45
76
39
28
61
153
204
76
-104
-115
15
138
157
20
-196
-347
-399
-415
-418
-398
-282
-37
107
28
-56
-6
147
307
319
118
-113
-168
-128
-156
-220
-204
-55
133
199
132
47
44
102
98
42
22
-11
-43
75
257
224
-2
-177
-253
-280
-202
-76
-49
-90
-74
-2
45
44
47
113
217
235
151
46
-85
-212
-264
-271
-264
-143
56
36
-193
-231
30
281
324
222
71
-52
-65
-51
-149
-251
-233
-226
-312
-329
-176
34
183
207
89
-39
-38
33
18
-75
-102
-11
89
91
42
55
135
173
160
199
267
257
201
143
16
-179
-291
-237
-106
48
174
144
5
-67
-56
-10
77
110
4
-92
-39
87
213
264
88
-251
-499
-578
-536
-356
-85
52
1
29
198
279
239
261
362
363
234
85
-68
-166
-88
43
-40
-242
-228
-21
123
156
111
-5
-83
-39
22
8
-29
-68
-172
-337
-438
-362
-157
-14
-48
-129
-52
139
199
70
-54
-52
36
128
144
83
72
169
193
42
-104
-111
-78
-96
-90
-31
-9
-25
6
99
178
224
254
208
132
149
164
36
-110
-91
-21
-98
-231
-229
-75
87
144
120
128
259
435
425
144
-149
-171
11
190
257
159
-32
-104
-2
88
65
85
222
315
283
192
72
-60
-164
-209
-193
-116
-8
24
-4
-15
-68
-141
-101
7
66
93
119
81
-22
-109
-215
-349
-350
-162
26
50
-49
-110
3
227
306
127
-104
-149
-46
30
58
140
293
369
237
-27
-210
-196
-79
-29
-80
-93
41
196
170
-35
-232
-291
-222
-91
18
22
-39
-37
-33
-186
-370
-329
-139
-24
43
136
130
3
-75
-59
-10
101
229
235
108
-30
-102
-99
-11
81
13
-198
-320
-233
-73
44
104
62
-4
-17
-49
-68
-12
9
-88
-194
-201
-139
-50
65
124
27
-86
-39
75
158
263
319
172
-25
-40
37
60
52
25
-48
-131
-152
-116
-59
65
244
326
240
94
-49
-185
-180
-8
74
-23
-101
-54
47
156
230
156
-33
-157
-191
-217
-179
7
173
97
-85
-134
-55
89
256
271
58
-159
-151
6
38
-131
-276
-230
-132
-136
-159
-98
23
124
170
137
-13
-176
-151
-2
6
-123
-217
-243
-172
17
189
223
144
-8
-189
-260
-137
46
74
-85
-219
-101
192
412
402
136
-209
-359
-216
47
194
163
30
-105
-164
-77
103
165
70
-17
-84
-183
-196
-50
91
66
-80
-199
-194
-124
-99
-97
-92
-120
-152
-104
52
166
30
-195
-151
88
232
269
249
100
-69
-88
-92
-206
-220
-9
202
198
61
-11
0
0
0
12
-5
4
56
-25
-274
-435
-380
-223
-15
212
297
223
195
222
86
-171
-250
-131
-68
-97
-95
-84
-92
-41
60
129
186
266
235
-14
-296
-346
-202
-86
-72
-131
-183
-75
146
214
66
-41
48
220
343
361
290
193
64
-129
-250
-155
49
184
226
219
170
96
51
94
190
203
131
108
125
117
87
4
-73
-10
110
124
53
-25
-67
-19
72
88
65
111
196
229
194
110
-26
-180
-243
-189
-122
-77
-10
12
-55
-37
131
269
324
375
349
180
13
-78
-170
-191
-42
120
127
34
-79
-147
-61
108
144
49
27
124
166
52
-113
-201
-180
-84
31
97
101
81
8
-126
-195
-60
204
315
146
-106
-174
-27
166
271
267
257
345
394
217
-48
-174
-216
-299
-377
-396
-333
-160
3
24
-35
-96
-174
-226
-154
17
184
275
223
68
-37
-52
-51
-24
71
142
80
-26
-46
-28
-14
24
33
-45
-93
7
97
16
-86
-75
-41
-23
15
20
-25
-18
54
42
-47
-18
122
152
44
-1
53
90
117
124
39
-61
-106
-165
-209
-169
-142
-205
-263
-245
-203
-164
-149
-196
-194
-2
221
212
64
33
54
-46
-160
-138
-58
-15
21
51
16
-35
-14
27
0
-56
-43
40
81
27
-43
-65
-32
-13
-84
-176
-147
-19
75
103
105
65
16
37
52
-37
-152
-173
-63
142
292
194
-69
-167
-15
85
-43
-202
-202
-26
265
424
248
-49
-109
55
163
107
-18
-91
-9
192
306
211
12
-98
-45
76
136
100
31
22
85
100
42
61
166
174
26
-156
-228
-132
21
49
-15
-35
-18
33
122
139
70
47
89
76
-38
-149
-171
-136
-83
-8
31
-20
-66
-13
99
180
149
5
-130
-150
-84
-15
-4
-77
-175
-200
-107
49
123
47
-57
-72
-60
-77
-66
-21
-21
-117
-218
-194
-52
100
174
128
42
93
275
341
156
-79
-156
-111
-60
-72
-124
-121
25
252
329
186
60
94
133
71
-13
-39
-6
67
101
3
-148
-177
-54
102
215
281
280
192
66
-13
-18
8
23
42
114
256
405
405
184
-112
-247
-163
-54
-70
-142
-146
-81
-30
41
173
221
100
-46
-68
11
63
1
-138
-234
-203
-70
31
6
-71
-90
-39
46
111
67
-72
-165
-205
-258
-233
-54
123
121
24
-6
49
129
172
104
-51
-138
-98
-85
-196
-337
-379
-286
-91
105
164
77
4
51
141
163
107
36
-6
-22
-17
-36
-115
-170
-93
65
136
84
17
41
163
224
59
-225
-345
-237
-74
22
59
56
3
-50
-31
4
-18
-39
-22
-53
-109
-47
120
254
296
261
174
113
121
119
9
-153
-201
-83
56
71
25
24
58
117
196
238
221
190
187
165
53
-113
-227
-254
-212
-76
114
220
193
147
135
99
23
-31
-35
-24
-26
-58
-105
-130
-109
-40
22
29
38
98
141
104
60
73
88
51
-10
-46
-20
52
100
89
69
109
191
194
67
-63
-79
-9
53
45
-39
-131
-131
-42
13
-53
-168
-211
-166
-93
-31
27
76
36
-123
-243
-194
-66
6
-18
-91
-114
-64
-50
-131
-222
-242
-191
-77
55
131
129
51
-84
-214
-210
-68
-6
-120
-247
-254
-178
-120
-136
-189
-168
-39
76
81
46
65
118
93
-43
-166
-193
-179
-191
-211
-177
-97
-51
-52
-43
-6
-23
-136
-226
-205
-117
-31
-18
-75
-106
-100
-118
-123
-74
-14
59
122
65
-92
-186
-200
-177
-79
23
28
-12
-61
-132
-143
-73
-53
-137
-208
-140
16
84
20
-45
-72
-121
-134
-72
-22
-1
34
28
-76
-192
-229
-195
-124
-47
3
6
-63
-209
-315
-252
-112
-78
-160
-203
-121
25
103
40
-64
-97
-95
-129
-161
-125
-47
-30
-122
-204
-107
138
288
194
-49
-254
-284
-161
-68
-125
-241
-264
-173
-58
38
108
114
37
-120
-263
-262
-128
-5
-48
-230
-342
-260
-69
81
94
-31
-154
-116
73
223
227
128
-10
-123
-168
-167
-171
-184
-153
-71
-21
-44
-54
10
29
-71
-163
-170
-156
-151
-159
-178
-161
-115
-101
-100
-97
-138
-157
-62
53
76
42
12
-35
-89
-92
-54
-37
-59
-107
-148
-82
114
267
232
88
-24
-71
-58
-15
-29
-89
-50
99
177
128
114
161
113
-51
-185
-184
-103
-58
-62
-50
9
98
185
232
194
105
67
98
142
167
135
11
-110
-114
-47
-21
-80
-147
-71
116
163
10
-131
-156
-145
-140
-127
-112
-42
123
214
74
-130
-150
-48
3
39
114
144
92
3
-63
-40
42
57
1
11
127
197
129
23
-53
-123
-141
-56
36
14
-107
-240
-321
-289
-126
63
129
66
10
27
63
91
101
49
-68
-160
-134
-14
71
41
-55
-138
-119
19
131
97
0
-31
-14
-12
-15
-22
-50
-65
-38
-30
-75
-68
26
91
94
92
86
47
-8
-53
-64
-29
35
98
125
109
106
151
189
164
57
-53
-32
61
42
-44
-20
82
124
98
48
-33
-134
-199
-169
-47
60
78
44
2
-34
-48
-10
76
145
130
49
-21
-42
-16
57
110
46
-43
9
118
134
110
101
72
66
107
135
145
177
207
166
32
-131
-195
-106
32
87
62
55
90
102
59
-6
-46
-24
78
204
241
170
63
-55
-144
-116
14
113
142
174
236
297
318
243
86
-25
10
135
178
72
-33
-33
-28
-95
-170
-136
18
152
151
94
131
268
410
454
342
186
140
182
208
201
209
236
247
187
39
-104
-109
33
189
268
315
364
345
226
97
29
14
2
-27
-40
-28
9
100
219
248
159
102
157
241
252
198
135
62
-18
-46
7
91
144
142
80
3
-2
83
173
173
66
-71
-124
-63
9
36
69
89
66
100
213
258
203
156
124
88
118
215
276
241
102
-51
-94
-47
9
73
145
164
111
47
29
37
8
-58
-72
-24
45
161
295
331
249
125
14
-37
-21
1
-32
-118
-152
-51
75
63
-18
20
169
282
251
77
-111
-167
-76
34
59
51
65
45
1
36
132
175
145
98
73
83
111
121
120
111
91
103
132
89
-18
-103
-122
-65
40
105
112
153
229
237
172
127
124
107
52
-36
-124
-145
-70
43
143
225
244
163
47
-23
-40
-36
-40
-51
-52
-47
-61
-94
-103
-79
-56
-30
-2
8
15
61
109
94
35
-41
-154
-243
-230
-163
-129
-120
-93
-46
14
68
72
10
-68
-84
-62
-118
-213
-216
-148
-76
13
97
83
-16
-101
-119
-12
207
376
339
147
-7
-41
-60
-149
-197
-79
121
248
274
264
260
222
115
-10
-43
36
160
266
292
190
18
-78
-41
34
62
94
201
309
308
202
55
-71
-129
-142
-161
-125
54
260
286
134
-18
-71
-36
39
97
84
23
1
12
-2
14
94
161
154
120
101
80
62
47
4
-68
-124
-128
-87
-38
-10
8
4
-80
-214
-270
-193
-50
78
110
-10
-182
-251
-228
-239
-282
-216
-27
138
208
210
134
0
-105
-151
-178
-177
-136
-120
-142
-132
-94
-107
-173
-194
-131
-86
-91
-56
27
50
-1
-26
-24
-38
-36
-51
-133
-190
-122
-6
19
-51
-124
-138
-91
-28
15
3
-72
-95
4
112
124
64
-23
-119
-203
-244
-235
-175
-93
-35
11
87
151
111
-27
-134
-138
-87
-34
-7
-34
-81
-87
-53
-27
-54
-117
-128
-90
-113
-184
-180
-98
-28
-15
-60
-82
-44
-32
-92
-124
-35
74
66
-45
-170
-250
-262
-193
-124
-146
-171
-59
100
133
64
-5
-46
-70
-114
-211
-320
-358
-289
-172
-100
-84
-80
-86
-84
-47
-13
-55
-152
-230
-261
-252
-231
-229
-221
-173
-123
-120
-120
-82
-43
-31
-29
-52
-111
-131
-114
-148
-188
-141
-101
-151
-158
-23
102
62
-59
-84
-2
44
-1
-95
-209
-254
-164
-61
-70
-110
-57
39
55
-31
-117
-133
-123
-107
-79
-46
8
64
24
-125
-231
-196
-113
-101
-123
-104
-72
-55
-65
-110
-152
-103
50
184
172
45
-46
-52
-38
-57
-126
-211
-219
-113
-45
-131
-269
-355
-380
-334
-211
-88
-46
-63
-77
-94
-116
-103
-79
-67
-57
-77
-132
-169
-145
-86
-42
-47
-87
-100
-69
-30
4
12
4
31
69
36
-42
-63
-7
64
99
81
20
7
76
134
100
10
-42
-12
88
187
198
142
101
77
-5
-112
-95
47
156
166
134
110
98
113
134
109
95
150
187
112
-8
-39
31
119
164
127
-25
-196
-191
11
244
375
380
288
167
89
51
21
20
49
40
-3
13
117
205
189
101
31
20
46
80
140
238
303
249
86
-100
-223
-237
-151
-51
-28
-18
82
183
150
28
-64
-56
36
84
-2
-104
-62
70
140
105
21
-33
-16
51
121
155
141
105
70
50
46
25
-20
-46
-30
20
85
122
99
54
44
71
112
141
140
135
150
170
172
150
125
144
201
232
222
201
155
99
84
87
95
147
224
253
210
149
113
82
42
63
179
267
227
134
77
39
13
27
45
33
40
96
122
86
87
141
138
71
58
129
205
204
104
-37
-105
-76
-37
-18
20
72
101
107
113
139
193
235
205
124
82
104
128
110
98
150
195
148
43
-24
12
121
176
94
-44
-111
-60
96
243
254
152
66
87
153
144
64
-4
-36
-43
-5
54
85
103
99
68
84
163
206
180
122
48
4
24
51
54
59
90
157
250
299
222
74
11
46
65
49
56
81
86
83
75
10
-99
-122
-19
64
46
15
-9
-83
-148
-120
-53
-9
15
14
-12
-30
-26
-31
-46
-48
-38
-50
-92
-122
-101
-27
60
82
11
-44
31
168
211
134
2
-115
-147
-80
28
114
161
134
7
-105
-96
-14
64
105
89
43
42
63
9
-108
-185
-170
-109
-64
-28
27
86
83
-7
-123
-160
-57
114
207
158
48
-5
22
94
161
155
82
32
35
12
-55
-71
5
97
112
26
-77
-90
-34
-25
-89
-161
-187
-146
-60
-22
-93
-196
-215
-140
-44
32
88
99
55
-21
-93
-123
-88
-12
32
11
-33
-37
4
53
61
10
-59
-65
13
91
63
-77
-228
-300
-265
-168
-95
-86
-104
-99
-74
-62
-58
-34
-12
10
48
80
99
95
20
-96
-142
-108
-73
-47
-33
-57
-94
-104
-85
-15
104
160
68
-93
-207
-240
-163
24
169
103
-104
-220
-158
-21
67
51
-62
-174
-180
-120
-123
-203
-215
-116
-35
3
79
146
108
-6
-130
-233
-240
-108
46
91
53
21
-28
-140
-245
-247
-144
-1
99
90
-8
-135
-247
-320
-362
-375
-311
-151
21
119
130
80
6
-52
-53
-15
18
70
127
69
-119
-270
-269
-183
-74
47
130
157
169
172
129
55
8
-17
-69
-136
-160
-151
-155
-148
-128
-144
-166
-96
44
114
70
-6
-29
22
73
23
-124
-254
-268
-199
-154
-145
-103
-22
23
-8
-80
-133
-114
-64
-57
-90
-125
-159
-166
-104
-32
-44
-123
-204
-249
-220
-125
-37
-3
-7
-44
-102
-129
-96
-43
-29
-49
-60
-33
-2
-25
-102
-210
-331
-409
-375
-248
-128
-62
-45
-69
-111
-133
-137
-149
-150
-123
-127
-190
-235
-197
-115
-76
-98
-114
-78
-16
23
8
-74
-180
-210
-169
-166
-215
-224
-178
-173
-257
-347
-333
-243
-184
-176
-163
-108
-39
-14
-84
-240
-375
-389
-274
-106
18
92
139
110
0
-76
-52
2
1
-59
-140
-180
-135
-51
-52
-161
-228
-157
-37
25
38
19
-50
-120
-147
-161
-164
-135
-122
-126
-40
127
195
100
-17
-66
-93
-119
-112
-75
-51
-61
-81
-82
-34
66
141
78
-103
-221
-201
-141
-112
-115
-125
-125
-125
-118
-49
69
141
114
36
-16
-18
18
43
27
4
9
23
0
-61
-85
-57
-20
17
45
47
35
43
98
169
193
149
55
-35
-38
66
146
65
-96
-142
-29
119
203
196
114
31
20
66
88
65
11
-74
-134
-79
41
92
62
34
48
58
25
-8
-4
16
27
13
-30
-58
-26
18
3
-4
77
160
160
124
99
70
41
-2
-84
-146
-116
-35
-5
-52
-99
-78
-32
-10
45
128
117
11
-24
44
59
-23
-83
-69
-57
-61
-30
-3
-3
52
140
122
14
-19
37
59
52
82
90
21
-61
-106
-122
-74
37
103
80
44
65
115
149
150
130
103
67
37
7
-64
-140
-141
-73
-27
-26
16
123
197
164
84
56
65
35
-26
-50
5
135
234
177
52
74
235
323
265
178
134
112
91
80
82
107
159
176
99
-10
-15
71
113
88
36
-39
-104
-106
-44
34
85
102
75
9
-22
30
125
175
124
-9
-106
-62
65
173
250
276
209
76
-66
-159
-158
-92
-35
-38
-80
-76
13
135
203
183
108
24
-14
0
12
6
5
11
1
-12
41
155
196
96
-35
-63
9
79
65
3
-18
-1
-6
-43
-95
-136
-103
28
165
214
187
132
67
2
-34
-19
35
91
122
88
-10
-75
-25
67
87
58
63
107
153
166
118
27
-3
93
185
143
43
15
56
70
14
-66
-99
-32
111
219
202
108
46
34
32
49
80
57
-20
-54
1
64
56
4
-16
31
133
242
291
291
286
249
171
127
169
240
231
131
35
29
98
158
141
74
70
204
387
453
355
188
60
37
121
222
223
106
-11
-8
87
154
147
112
110
176
290
344
276
167
108
83
68
79
121
167
184
140
35
-55
-11
142
229
169
45
-48
-77
-40
43
120
171
221
255
222
126
48
24
5
-31
-39
-6
-1
-55
-127
-143
-47
114
211
184
93
34
32
44
42
33
-9
-81
-94
5
121
153
118
64
-14
-100
-120
-73
-46
-29
29
76
37
-20
11
77
61
-52
-172
-192
-98
8
12
-72
-129
-112
-61
-28
-25
-39
-62
-92
-114
-97
-58
-55
-96
-106
-52
12
39
16
-57
-132
-106
37
161
157
72
-1
-30
-42
-55
-49
-7
50
60
11
-35
-44
-33
-9
47
106
124
129
156
176
174
167
109
-27
-128
-93
-1
19
-25
-78
-86
-1
124
199
214
181
97
-5
-83
-127
-119
-73
-34
-5
28
34
-5
-32
-6
66
157
188
132
60
12
-24
-45
-50
-51
-39
-8
30
91
157
145
36
-89
-170
-199
-162
-94
-61
-58
-58
-84
-126
-136
-115
-112
-137
-123
-63
-61
-145
-220
-210
-131
-41
12
-5
-72
-107
-72
-21
-16
-62
-113
-107
-27
60
74
27
-39
-113
-165
-152
-65
34
61
-7
-99
-137
-109
-47
-5
-1
1
-4
-41
-82
-99
-99
-56
23
63
44
27
38
48
49
38
-1
-28
3
43
27
-4
7
32
35
24
8
-1
42
128
182
168
88
-48
-172
-195
-105
-1
23
11
42
90
105
112
120
93
57
60
67
39
-2
-47
-77
-46
19
23
-39
-69
-13
84
151
134
28
-92
-120
-46
24
18
-38
-88
-105
-85
-43
-31
-58
-46
37
119
127
88
72
77
60
17
-40
-87
-89
-80
-133
-214
-212
-105
18
97
134
119
50
-39
-109
-157
-180
-151
-74
-9
11
28
70
95
65
16
-13
-47
-84
-105
-132
-161
-150
-112
-93
-72
-22
20
20
-33
-143
-259
-292
-232
-155
-86
8
96
91
-11
-103
-108
-40
42
74
46
-7
-60
-101
-125
-150
-162
-112
-20
38
44
35
13
-27
-74
-100
-94
-80
-48
-4
24
36
37
20
-18
-53
-66
-52
-19
2
-4
-31
-37
15
77
72
8
-57
-107
-150
-146
-78
-5
20
-11
-54
-47
12
64
64
23
-30
-61
-47
-6
-9
-96
-197
-195
-101
-11
38
50
37
47
73
51
10
31
76
73
54
46
9
-58
-126
-172
-181
-141
-41
98
207
198
69
-96
-205
-204
-124
-57
-42
-35
1
28
31
53
95
91
24
-45
-61
-24
11
-18
-88
-121
-84
-1
84
132
130
82
-1
-43
15
105
110
13
-117
-201
-199
-113
-22
-1
-36
-64
-75
-96
-109
-83
-25
26
20
-35
-68
-15
90
143
86
-34
-109
-99
-62
-56
-105
-192
-236
-180
-94
-55
-49
-46
-38
-20
-31
-78
-83
-39
-48
-131
-173
-114
-8
79
109
62
-28
-62
-11
28
-28
-143
-211
-172
-61
44
66
14
-12
9
5
-35
-38
-23
-72
-132
-106
-19
46
72
76
61
51
75
82
37
7
39
91
107
77
22
-31
-59
-80
-101
-86
-25
42
85
121
126
64
-26
-81
-91
-61
7
67
63
22
14
54
77
55
17
-15
-7
56
119
121
77
42
58
121
192
222
175
80
-3
-44
-54
-48
-38
-47
-66
-51
4
65
97
94
68
37
29
51
111
158
98
-47
-146
-120
-32
8
-14
-9
84
205
250
193
79
-24
-59
-13
52
66
20
-52
-92
-98
-99
-69
-9
38
75
68
21
15
52
67
18
-50
-63
-24
14
-5
-56
-70
-66
-83
-109
-95
-14
83
133
121
85
77
101
116
80
2
-56
-73
-106
-166
-165
-64
56
121
110
37
-11
35
116
118
44
-23
-38
-11
-5
-46
-72
-42
11
58
112
168
203
203
141
27
-42
-27
-4
-27
-69
-103
-119
-89
-36
-3
38
127
208
163
3
-146
-197
-152
-74
-13
26
72
127
153
131
69
-38
-160
-208
-122
43
153
119
-12
-113
-111
-24
89
154
118
14
-75
-97
-64
-36
-53
-113
-162
-138
-23
143
245
205
70
-30
-6
78
93
22
-20
-3
-4
-43
-84
-75
-13
54
72
57
36
-16
-93
-137
-115
-52
-17
-32
-48
0
93
142
84
-34
-122
-146
-124
-76
-15
26
20
4
32
93
133
113
48
-12
-41
-68
-104
-117
-102
-97
-88
-29
48
65
9
-51
-74
-45
47
128
102
7
-82
-158
-196
-155
-76
-27
-2
25
45
64
70
35
-35
-101
-122
-99
-55
-8
21
26
5
-56
-136
-171
-107
-1
46
19
-49
-109
-111
-63
-8
24
35
29
-1
-52
-93
-119
-146
-133
-67
-26
-45
-68
-41
34
123
187
187
129
47
-36
-100
-112
-62
-11
4
21
47
41
9
-7
-9
-30
-23
61
151
159
89
-9
-76
-69
-22
-12
-27
7
92
155
138
55
-26
-64
-66
-35
32
111
157
145
73
-36
-119
-116
-47
21
50
52
56
62
58
67
121
187
188
132
96
93
85
57
31
8
-18
-15
36
95
118
104
63
7
-45
-58
-29
3
29
51
41
6
-23
-41
-47
8
109
134
40
-67
-75
-12
43
73
66
-4
-83
-78
-11
27
61
130
170
147
98
48
0
-37
-45
-53
-99
-140
-107
-20
18
-30
-83
-89
-54
-4
28
39
67
103
94
39
-5
6
40
36
-5
-50
-83
-86
-55
-25
-25
-30
-35
-37
7
68
62
-25
-118
-142
-98
-37
-10
-23
-30
-7
33
51
38
42
63
46
-4
-21
10
36
41
30
11
-8
-30
-63
-103
-131
-137
-105
-48
26
120
185
179
149
129
90
43
44
60
33
3
11
31
42
58
88
114
113
82
53
41
56
109
138
71
-34
-60
-11
17
-8
-54
-86
-58
52
146
123
44
16
26
5
-42
-64
-48
-21
16
69
96
66
14
-8
1
18
25
-6
-79
-129
-113
-64
-26
-20
-46
-89
-106
-79
-48
-35
-23
-2
23
26
-15
-77
-118
-122
-95
-42
36
112
142
118
56
0
-28
-57
-89
-108
-106
-78
-53
-68
-95
-78
-19
28
46
42
27
19
16
-4
-26
-29
-28
-29
-8
36
51
17
-21
-18
41
116
112
24
-21
43
118
84
-32
-100
-79
-14
46
67
37
-19
-56
-83
-99
-58
31
89
74
24
-9
-22
-15
15
34
18
-7
-30
-46
-56
-68
-94
-118
-122
-117
-58
69
142
92
-10
-100
-151
-144
-76
-2
19
-2
-33
-48
-33
-16
-23
-34
-27
-10
31
96
135
99
19
-18
-11
-13
-37
-52
-34
-4
6
-1
0
30
48
19
-20
-24
6
33
29
12
-11
-33
-34
-4
37
32
-31
-70
-10
101
143
83
-15
-88
-105
-78
-54
-65
-93
-104
-96
-78
-57
-48
-58
-68
-51
-15
1
-10
-34
-63
-73
-63
-73
-105
-98
-43
-22
-61
-115
-156
-176
-179
-166
-126
-83
-73
-72
-42
-5
5
-2
-14
-33
-44
-47
-83
-163
-216
-174
-59
40
67
18
-58
-79
-42
-21
-33
-47
-65
-101
-133
-121
-69
-6
48
63
16
-33
-25
7
1
-48
-94
-83
-8
75
96
56
-8
-65
-82
-40
44
117
131
99
49
14
29
62
60
34
12
-6
-7
14
31
42
69
87
51
-9
-12
65
148
160
107
29
-34
-50
-39
-30
-50
-78
-73
-47
17
121
191
160
55
-46
-118
-135
-60
43
90
74
29
-16
-52
-56
1
71
83
54
20
-14
-54
-115
-174
-179
-108
-30
1
23
35
-3
-81
-141
-146
-99
-13
76
99
36
-33
-58
-63
-43
4
14
-60
-147
-158
-81
34
100
71
3
-9
36
73
57
14
-34
-92
-115
-77
-14
51
95
85
41
36
88
136
134
93
51
32
22
-7
-25
0
35
35
21
31
57
69
70
71
69
54
11
-52
-74
-32
13
21
18
52
91
99
103
118
133
112
70
22
-46
-92
-68
-17
-2
-8
9
49
97
134
120
66
51
94
125
84
1
-57
-85
-108
-126
-104
-16
96
151
126
60
21
33
59
50
-20
-90
-68
31
95
77
37
12
-18
-28
18
77
89
66
33
5
-13
-1
32
45
35
46
105
179
211
152
12
-115
-148
-90
-9
51
82
100
121
125
73
-9
-30
47
152
196
178
151
121
76
10
-57
-79
-49
10
60
69
46
42
78
97
61
10
8
67
110
85
23
-30
-37
1
17
-17
-54
-58
-54
-67
-63
-4
83
129
89
5
-45
-29
30
69
47
-18
-83
-132
-161
-146
-94
-59
-49
-20
46
127
182
171
93
28
33
37
-13
-49
-48
-64
-82
-58
-15
25
90
136
80
-13
-9
75
122
94
38
-4
-26
-14
32
69
74
67
81
120
159
170
127
67
62
93
93
61
58
92
118
131
130
91
47
44
74
117
154
157
107
62
55
45
34
78
160
192
142
61
2
-14
15
45
31
2
9
72
143
162
139
109
88
63
43
56
74
65
33
4
6
31
59
92
138
164
140
92
78
114
150
141
84
32
27
52
74
80
64
43
55
100
132
134
120
98
64
20
11
68
145
169
129
87
80
88
84
65
52
83
131
124
62
-12
-46
-35
-13
-1
-23
-60
-60
7
74
53
-32
-82
-69
-29
1
0
-20
-32
-13
10
2
-18
-41
-60
-30
42
84
48
-38
-94
-67
20
90
89
41
-7
-44
-88
-140
-173
