12
5
4
11
15
16
14
0
-11
-14
-16
-15
-19
-22
-21
-21
-27
-32
-32
-39
-42
-38
-38
-38
-38
-39
-34
-38
-44
-38
-41
-54
-64
-66
-61
-61
-65
-65
-68
-78
-85
-82
-78
-78
-85
-90
-83
-73
-76
-86
-93
-95
-97
-99
-96
-91
-97
-109
-114
-105
-91
-85
-80
-72
-62
-47
-42
-52
-57
-59
-69
-72
-64
-62
-68
-68
-57
-51
-70
-80
-73
-72
-63
-51
-46
-39
-37
-38
-39
-47
-56
-56
-45
-44
-44
-39
-33
-25
-35
-47
-39
-29
-36
-44
-37
-30
-25
-22
-22
-20
-18
-8
-1
-2
-7
-5
6
10
2
6
19
21
10
6
12
17
24
16
10
22
26
31
35
29
28
26
14
5
20
38
43
41
42
43
33
22
23
39
49
50
54
48
43
42
36
37
57
67
51
37
27
24
25
21
25
38
49
47
47
50
49
43
39
51
58
53
52
58
59
50
40
37
57
81
74
54
57
73
71
70
73
70
76
80
77
79
85
88
79
67
64
63
55
47
52
56
51
47
46
48
46
42
48
53
58
66
68
59
52
67
75
66
67
68
64
71
81
77
74
81
73
58
68
85
87
89
96
99
97
96
95
89
84
94
105
103
100
100
102
100
95
99
100
98
104
104
95
106
118
118
116
109
104
106
105
90
82
93
102
104
113
125
121
104
93
84
77
71
66
61
62
66
62
55
51
55
69
73
59
45
38
32
31
36
29
21
23
10
-17
-19
-9
-12
-10
3
5
2
-5
-20
-27
-24
-23
-31
-37
-36
-27
-26
-31
-27
-20
-16
-13
-17
-28
-35
-37
-48
-58
-54
-49
-47
-43
-47
-65
-75
-67
-56
-52
-51
-44
-49
-68
-80
-78
-71
-73
-81
-83
-78
-79
-80
-80
-90
-93
-88
-81
-75
-71
-66
-63
-68
-78
-84
-91
-95
-97
-90
-77
-79
-85
-81
-81
-91
-101
-93
-79
-80
-91
-98
-95
-89
-93
-98
-91
-81
-86
-95
-98
-98
-88
-79
-86
-94
-88
-76
-74
-82
-88
-87
-84
-83
-89
-96
-95
-94
-95
-102
-108
-118
-131
-137
-133
-119
-116
-126
-128
-122
-114
-113
-116
-109
-96
-92
-96
-106
-114
-107
-93
-88
-94
-96
-97
-99
-86
-73
-81
-93
-95
-96
-98
-97
-88
-79
-75
-81
-88
-83
-77
-71
-60
-55
-57
-64
-73
-76
-72
-58
-41
-47
-69
-70
-62
-61
-53
-48
-59
-67
-57
-58
-74
-76
-62
-55
-56
-60
-58
-49
-48
-61
-72
-62
-52
-56
-56
-60
-62
-59
-54
-52
-54
-60
-67
-65
-62
-62
-62
-67
-62
-46
-44
-47
-43
-45
-46
-42
-41
-45
-46
-38
-32
-31
-28
-23
-23
-22
-14
-14
-12
-2
11
16
1
-26
-34
-18
-12
-20
-20
-15
-16
-18
-16
-18
-12
0
-12
-22
-14
-18
-24
-23
-30
-33
-30
-29
-22
-19
-29
-41
-44
-41
-36
-24
-17
-12
2
5
-3
-2
7
4
-7
0
15
16
16
33
43
24
10
19
43
66
61
46
48
53
45
44
51
53
56
62
62
57
52
45
36
32
27
29
45
55
39
28
36
35
32
37
46
52
54
59
69
75
60
55
61
48
48
63
66
57
55
60
65
75
82
79
74
67
67
75
75
74
80
70
64
84
88
73
80
96
99
95
95
94
93
93
95
108
115
110
99
95
106
110
98
99
105
97
82
75
83
91
94
95
89
82
85
94
93
83
83
90
87
80
82
89
90
76
64
62
65
78
93
91
78
73
82
88
80
74
71
61
56
63
81
96
105
106
94
87
87
84
84
86
86
89
92
98
107
103
86
81
84
78
81
94
91
80
87
87
73
74
75
76
86
91
95
97
96
106
119
119
120
118
111
107
110
104
99
103
95
92
96
91
86
81
73
65
74
86
78
73
75
71
73
80
83
82
71
65
66
51
37
43
57
70
75
71
62
38
21
35
50
48
42
47
55
54
41
24
16
13
5
5
10
3
-2
2
-3
-10
-17
-18
-10
-11
-22
-35
-33
-18
-15
-30
-39
-39
-34
-30
-31
-28
-26
-25
-21
-17
-13
-24
-46
-59
-59
-54
-55
-52
-46
-57
-69
-63
-66
-83
-85
-81
-78
-69
-67
-82
-90
-82
-76
-81
-95
-100
-93
-92
-99
-99
-96
-108
-108
-104
-118
-117
-103
-101
-91
-74
-76
-90
-94
-92
-97
-102
-98
-102
-108
-104
-109
-118
-119
-112
-108
-109
-108
-110
-107
-94
-86
-89
-92
-97
-103
-96
-94
-100
-102
-101
-89
-76
-83
-90
-84
-85
-88
-79
-77
-78
-70
-58
-54
-58
-55
-44
-43
-53
-53
-44
-41
-39
-33
-26
-13
3
3
0
7
10
4
1
8
19
35
34
19
15
15
12
17
30
32
27
27
33
41
51
54
43
34
40
49
45
37
34
28
24
23
16
8
4
7
7
10
20
17
9
8
-2
-7
1
12
13
12
15
13
12
14
14
20
32
30
24
22
15
5
5
13
10
2
-3
0
16
16
2
-8
-19
-19
-18
-34
-43
-26
-16
-18
-19
-39
-64
-68
-57
-50
-57
-72
-85
-77
-69
-76
-81
-86
-95
-93
-85
-89
-85
-69
-65
-61
-56
-52
-39
-33
-42
-55
-63
-69
-76
-67
-40
-25
-38
-44
-35
-41
-52
-42
-29
-27
-23
-19
-17
-17
-20
-29
-29
-14
-13
-22
-21
-17
-16
-10
-5
-11
-3
7
7
5
7
9
1
-9
-11
-9
-7
1
7
15
27
36
31
18
18
24
18
16
25
23
13
9
13
20
26
38
45
37
34
40
42
41
49
47
35
27
12
4
17
20
8
24
41
31
30
35
31
31
31
27
20
16
14
8
-3
-7
-2
-5
-13
-17
-21
-20
-16
-19
-30
-31
-16
-9
-21
-39
-45
-42
-50
-55
-45
-49
-66
-69
-57
-47
-49
-49
-48
-56
-57
-51
-55
-56
-50
-54
-60
-55
-47
-43
-57
-65
-46
-29
-35
-39
-29
-20
-18
-24
-21
-15
-27
-31
-25
-24
-25
-31
-39
-40
-30
-28
-35
-29
-22
-21
-23
-28
-33
-31
-20
-10
-2
3
-3
-19
-26
-7
7
-5
-16
-13
-10
-8
-4
-4
-7
-9
-7
-6
-5
2
14
17
11
13
18
12
6
10
22
30
28
23
12
4
3
3
10
19
22
20
5
2
15
17
18
25
23
19
20
20
22
30
29
22
8
-4
-3
-1
2
12
22
25
12
7
17
12
1
1
10
16
11
16
30
23
16
21
12
-1
3
13
13
1
-15
-16
-1
6
0
-4
0
3
8
11
14
24
24
13
4
5
20
28
18
8
14
23
26
31
39
46
50
46
40
36
37
42
45
39
27
23
29
37
32
27
39
49
46
44
47
34
25
37
32
30
50
56
48
41
37
44
57
59
54
56
63
63
50
32
25
22
33
50
58
79
90
68
47
41
61
89
88
81
85
84
91
98
87
86
98
97
91
88
83
82
87
98
109
109
102
104
111
111
107
96
94
107
103
90
101
115
105
98
103
106
113
111
94
84
85
80
86
99
99
97
89
71
73
83
76
67
64
58
61
71
67
61
59
56
57
54
43
41
40
35
34
37
43
37
25
33
39
34
29
33
34
23
23
31
31
22
18
26
25
19
11
3
10
14
3
3
7
2
4
9
11
20
24
10
13
24
5
-10
-7
-4
-3
-5
-5
-6
-6
-9
-16
-16
-10
-8
-4
3
4
2
5
8
-2
-16
-9
5
7
-1
-3
2
-2
-9
-5
1
4
4
0
6
9
3
0
2
5
10
14
12
2
1
11
14
10
6
-2
-1
18
30
24
8
9
20
22
16
9
12
9
3
-3
2
26
32
30
38
36
40
51
51
46
45
46
48
51
52
47
47
49
45
47
55
60
56
44
37
46
53
50
50
51
47
47
52
59
53
31
21
26
26
34
53
51
32
33
47
49
49
53
50
50
50
42
43
59
65
49
42
47
41
39
41
35
40
38
26
22
15
9
1
-12
-12
0
1
-3
-10
-21
-19
-19
-31
-33
-14
-5
-14
-18
-12
-8
-13
-11
-19
-38
-43
-29
-6
-3
-17
-21
-14
-17
-29
-33
-27
-11
-11
-38
-46
-27
-22
-32
-35
-26
-26
-33
-34
-32
-28
-21
-13
-13
-15
-11
-15
-23
-26
-41
-47
-25
-12
-19
-24
-27
-23
-10
-7
-15
-19
-15
-23
-43
-49
-40
-40
-47
-32
-34
-56
-53
-58
-70
-58
-49
-52
-61
-53
-33
-39
-52
-40
-33
-49
-52
-38
-40
-37
-23
-26
-30
-17
-11
-16
-16
-16
-19
-17
-18
-28
-26
-21
-26
-29
-19
-7
-14
-23
-16
-12
-10
-4
-3
-2
3
1
-11
-17
-13
-11
-12
-3
12
18
10
2
-6
-9
-9
-16
-15
-7
-10
-19
-26
-24
-20
-32
-40
-38
-39
-38
-31
-16
-7
-9
-19
-36
-47
-51
-50
-45
-47
-50
-45
-38
-41
-50
-51
-44
-47
-56
-64
-65
-63
-78
-84
-82
-90
-102
-107
-100
-94
-92
-90
-90
-99
-105
-100
-94
-97
-105
-106
-109
-115
-111
-108
-101
-88
-82
-81
-80
-85
-82
-70
-59
-66
-99
-157
388
696
-1282
-1668
1359
1685
-2139
-6319
-5689
140
6518
9368
4531
786
3663
98
-2050
5708
2270
-1879
-900
-14831
-12078
1790
-1516
3726
3628
-10300
-12586
-7248
-3698
714
9578
11237
-2661
-4268
13620
9718
-6214
-2008
719
4551
16831
14306
1320
-7934
-9314
-6987
-3711
714
-2773
3214
13152
-4742
-11016
6631
11712
9167
4020
938
-3047
-15643
-27719
-30691
-15057
-4567
6813
30690
22996
16164
16411
-6033
-2048
15029
1552
1142
18174
-3871
-19378
-6278
-13950
-13871
954
-979
3843
22271
27071
24634
13639
-10929
-28058
-32181
-29350
-23589
-18984
-16372
-12162
-3830
7690
16585
18551
15754
8900
1511
-2005
-534
5894
13849
18507
18107
14651
9282
2168
-3818
-7262
-9342
-9475
-6537
-1859
1314
1871
1071
164
-292
-9
999
397
-1597
-2714
-3728
-4163
-3676
-3356
-2648
-1589
-1092
-615
287
290
-681
-1743
-2622
-2334
-1065
-404
-381
-55
294
959
2155
2519
2173
1686
808
12
-472
-894
-929
-516
-728
-1533
-1320
329
1389
270
-381
905
573
-925
-49
744
-564
-859
232
-236
-1123
-703
-409
900
1269
-1512
-2036
465
522
-545
1294
1882
127
1184
3361
3138
1989
1669
1811
1099
-986
-2130
-1000
-1105
-2795
-1984
250
9
-478
1567
2080
529
949
1330
-642
-1627
-427
54
-469
-544
-190
177
667
947
267
-443
-75
-102
-1678
-2344
-2076
-2834
-2994
-1759
-643
343
2449
4373
4274
3217
2265
723
-824
-870
-378
388
1737
1523
-459
-1801
-2005
-2185
-1990
-1257
-1507
-1563
5
257
-1323
-1232
-172
-619
-445
1672
2673
1233
898
2014
1019
-1006
-1386
-293
658
997
1763
2215
1353
186
-31
133
-415
-620
-269
-380
-627
-491
-488
-840
-496
51
-223
-308
619
1322
1057
758
197
-935
-1379
-779
-284
-161
301
781
811
651
586
621
389
163
550
595
-128
-47
561
509
389
226
-273
-489
-205
-164
-496
-409
-243
-268
-154
-217
-574
-871
-590
96
272
-63
162
586
279
95
92
-268
-258
-22
-187
-79
308
216
166
-54
-956
-1228
-578
13
481
638
-174
-901
-171
466
-87
-502
-465
-196
802
1794
1379
323
-267
-828
-996
-619
-729
-721
237
858
878
1126
871
240
397
451
-459
-1159
-923
-680
-957
-900
-377
-97
-275
-378
33
197
-66
4
138
-381
-939
-894
-1164
-1438
-106
1543
1360
-66
-665
-628
-845
212
1299
1832
2382
1634
1079
77
-1675
-895
-484
-2923
-3653
-1810
-1687
-2690
-662
1529
1805
2393
1590
1497
4377
4849
1879
-480
-2125
-2762
-1160
-203
-1860
-2553
-335
1329
1350
1833
2172
1368
1028
1114
-592
-3602
-5458
-5697
-5227
-4219
-2526
-28
3485
6394
6546
4762
2979
1357
227
690
583
-1445
-1761
3
174
-770
-724
-772
-1047
-763
-452
180
894
653
-28
-324
-921
-1707
-1018
575
601
-476
-419
-270
-696
28
1343
1210
366
1128
2032
1308
476
44
-993
-1633
-573
-333
-1750
-1951
-801
-232
-348
-93
119
-129
242
777
263
-361
-277
-598
-1107
-704
-455
-214
793
1138
696
719
1299
1705
1524
898
618
893
853
401
-215
-451
123
309
-318
-331
187
-109
-470
-51
205
169
421
621
337
-34
6
-9
-815
-1681
-1309
-210
157
140
824
1374
1483
1313
429
-166
-238
-380
-539
-930
-1714
-1828
-1012
-946
-1090
227
1732
523
-1291
508
1588
-451
-236
24
-2973
-3216
-517
-245
-885
-312
-57
249
1482
1313
-196
-792
-1079
-2071
-3470
-2995
-250
2018
3241
3352
2690
3316
2850
-349
-2282
-2231
-2374
-3040
-2526
-260
1808
3338
4818
4692
3263
2902
2494
638
-1461
-1642
-810
-2147
-4934
-6748
-5883
-2315
2275
4315
3293
3372
4203
4506
3763
-310
-4508
-4302
-2441
-3090
-3350
711
5143
5538
3930
2883
1848
1039
1660
942
-2934
-3415
-861
-1829
-2375
-1561
-1604
-786
43
95
326
1748
2626
972
-2382
-3297
-936
249
947
2311
2316
1932
1931
551
-888
7
1354
1214
50
-492
158
556
173
-1534
-4514
-4242
117
1682
979
1510
-714
-2771
-190
891
-621
288
1869
1923
2899
3814
2518
1343
-90
-3154
-3575
-913
-1358
-4052
-3077
-1052
-1549
-575
1787
1660
1469
2177
1039
-327
-643
-1311
-1303
-368
-371
-353
747
795
34
746
1987
2247
1781
1451
1032
-472
-2147
-2975
-3514
-4055
-4415
-3889
-1778
1155
3198
3617
2729
1854
2989
3866
1560
-855
-961
207
1197
702
-805
-1777
-1700
-1741
-2544
-2306
-1039
-913
28
1753
124
-1685
-401
220
-100
683
1303
1404
1541
822
-370
-521
-218
310
2072
3528
3507
2882
1235
-769
-1251
-1488
-1865
-1493
-2582
-3904
-1905
623
79
-1466
-2297
-2468
-351
2005
782
-1459
-786
378
-967
-1864
-430
586
655
1373
1709
684
285
324
-1580
-2903
-1635
-928
-1141
252
1772
719
-317
663
1405
1393
1136
570
-607
-934
191
-267
-257
174
152
1974
-863
-4530
813
3888
-2502
-3767
3059
2040
-3803
252
3836
-2028
-2884
331
-2283
-2350
-386
-1012
1478
1573
-101
4397
3799
-2088
395
4003
229
-1501
2828
2887
-1307
-1131
-399
-1107
-613
-994
-233
1207
-523
-2375
-2314
-3580
-6437
-7273
-5550
-3414
-437
3050
4484
4066
3369
2980
2257
1735
3146
4491
4093
2614
1059
615
603
-21
-1345
-2813
-3406
-1857
745
768
-1354
-1581
-1231
-2763
-2775
-710
147
106
1025
145
-2436
-1792
-1025
-2602
-1897
-787
-2407
-2386
-1725
-3260
-1845
1136
1796
4801
6887
3053
417
1251
474
1068
4531
4052
3136
3658
-266
-1109
2596
1247
-814
539
-1494
-3657
-375
897
-1551
-1460
-251
-1493
-1965
-1208
-2813
-4365
-3652
-2351
-495
427
882
3740
4958
4322
6159
5822
1806
15
-549
-3098
-4705
-4236
-5214
-7028
-6953
-4268
-393
1656
5668
11906
11226
3657
-2596
-4332
-3792
-5244
-6050
-2581
-821
-347
3725
6045
4524
4431
4709
1875
-1664
-2424
-2918
-4989
-6644
-8444
-9045
-6147
-1195
4594
10486
11340
6893
5289
4444
-1680
-7393
-7421
-5539
-4218
-115
5246
6592
5632
3197
-619
-536
2359
2847
177
-3801
-6369
-4211
-440
-2147
-3782
-736
-833
-3014
812
3914
137
351
6844
8292
4035
1744
912
1441
4053
1403
-4541
-4519
-2383
-4404
-5536
-4693
-6043
-3453
1945
-291
-4836
-1532
5705
6428
2100
820
-374
-7698
-12111
-3493
3039
-3458
-4496
8705
14108
5948
4777
7988
1629
-1653
5933
6586
-2176
-4525
-517
-2135
-7375
-7164
-4370
-2183
448
2446
5748
6476
1547
427
784
-5163
-9678
-6753
-4451
-6938
-5391
-768
-1041
-1423
3482
7788
6714
4608
2618
2157
5152
4363
3203
3745
-3835
-8048
-135
3478
-30
1158
3950
1036
-764
1442
404
-2902
-3969
-3048
-642
-1623
-5469
-3509
-1292
-4313
-3391
-289
-3675
-6148
-581
2881
-218
-170
1866
365
-976
243
3462
7027
9730
9553
7193
5441
2481
63
331
-2382
-6776
-5265
-1640
-612
-417
647
2562
1697
-703
-1003
-1915
-3444
-1023
2325
-794
-3964
1564
6680
4818
2029
260
-1163
-835
-419
-2615
-4331
-2227
-44
106
-254
-1896
-1594
997
-563
-1730
656
163
40
3583
5198
5018
5924
2879
-1662
-653
614
300
384
-844
-886
25
-2444
-4938
-3790
-2811
-1137
2179
1794
-1070
-404
2068
-362
-4954
-5606
-4775
-2805
789
1031
-1750
-2097
1228
5216
5962
3851
3415
4501
4218
2275
506
1881
3617
1616
-207
-939
-3985
-6747
-5789
-2694
-1340
-1963
-1311
-356
-2407
-2851
2975
5930
1588
594
1847
-265
2013
5082
1635
-32
1801
2406
2492
-1240
-7686
-5520
1445
345
-2634
-3271
-7983
-7566
2564
7211
2486
-4899
-7288
609
9147
9448
6327
2006
-1762
3050
4720
-4169
-2899
5174
-313
-9308
-9983
-7850
-2384
3538
2167
563
6816
8227
442
-963
-113
-2753
-3810
-8091
-12125
-8313
-1611
179
-685
-885
-930
2584
6227
5409
3440
3636
5476
5856
3078
-1792
-3285
-695
-1175
-4824
-5137
-1017
2510
3801
3612
2795
3230
3120
3458
5385
2789
-1067
3105
4481
-3751
-2802
8684
7500
-660
-870
-10972
-22884
-4680
17689
7197
-7700
-6875
-11143
-4273
20086
16867
-4592
-409
9877
3558
-1836
376
3341
661
-10139
-14805
-4267
7362
10647
7955
-284
-4426
2381
4199
-3333
-6391
-4953
-4826
-6332
-8148
-6289
-845
3351
4023
1062
-1001
1047
3269
3939
1212
-4614
-3784
5565
8172
-1198
-6424
-1420
2731
779
-2010
-2725
-2844
-198
2642
1303
199
2867
4675
1345
-2894
-2283
577
1185
2920
6546
6855
2287
-2780
-5648
-8175
-4843
4236
6378
2302
-1042
-3803
-1899
3562
3464
543
47
274
3658
6321
941
-4562
-1454
2370
-815
-1110
6396
7608
-408
-4043
-2124
-4708
-5134
4840
7423
-1817
-6570
-4229
2592
5556
-619
-6470
-8532
-7280
813
7277
4400
3430
7195
5908
1170
-1184
-385
5585
10835
5725
-3161
-8011
-10782
-8959
-3333
-3266
-4875
3170
13608
14144
8904
3307
-159
3310
3339
-9221
-14983
-1707
5704
-5016
-9472
-3392
-3451
75
11576
8348
-1937
5240
16008
8399
-9408
-16749
-11741
-6222
-6945
-10820
-7723
917
303
-2512
6867
8083
-1791
3660
14897
7256
-155
3254
-8577
-11935
4300
5514
4097
10135
3951
-2570
1179
-7158
-12991
-2783
-5775
-9614
3460
9263
3163
3439
7782
3346
-3819
-5442
-4178
-635
3577
3321
887
606
-1379
-4739
-2218
2846
1860
1615
4836
930
-3747
625
6284
2709
-7726
-10062
-1129
5639
3986
-1207
-3999
-2686
101
1988
41
-5825
-7427
-1552
2823
1369
-2150
-4492
-354
7920
8280
2954
1798
-646
-4085
-596
1754
1111
5180
4945
-3076
-809
6562
2222
2100
7708
1362
-6010
-3321
205
-977
-2521
-4581
-7977
-2861
8554
7830
-2979
-3694
3994
4898
2081
1904
1031
183
-75
-3281
-5969
-2234
1596
-599
-2144
21
2082
3534
4783
3042
-742
442
2735
-1480
-6200
-8225
-6864
269
1165
-5334
-1861
3075
-2980
-3887
1768
-1727
-4009
4180
6661
3011
1196
-1129
-259
-101
-3712
-56
5029
5544
8839
8197
5731
8710
8321
394
-8366
-10320
-6934
-5487
-6775
-4854
-1659
-2961
-3730
-1798
-455
883
305
-2148
-1485
-591
-4214
-7924
-7834
-4879
400
3741
1615
1327
5937
8461
6472
3406
3498
4479
3950
4121
1395
-1745
-206
45
-322
362
-3005
-2873
1669
-2400
-7942
-7386
-8209
-7186
-3889
-4465
-2982
2293
3588
3034
3930
2985
989
-878
-860
978
465
-710
-876
-1567
-772
1310
429
-873
3504
7122
2462
-2717
-2064
-694
-353
285
-1430
-2746
-1672
-1546
-62
2855
3062
2934
3826
1649
-1766
-1835
114
1671
4114
6320
3363
168
1503
147
-2875
-2066
-3337
-6593
-2399
5200
4056
-1520
-1663
-922
-1017
1548
1417
-1132
-464
-664
-3627
-3969
-2284
37
3041
2466
177
2049
3250
1035
2170
2883
586
332
-785
-1353
1365
-471
-5885
-3928
821
-496
-3725
-4914
-3370
201
749
-3175
-8810
-10754
-4971
-2206
-5509
-298
8452
5667
3389
9083
6253
-1645
-543
2000
509
2057
5233
2429
-3819
-2387
3193
63
-4147
-2307
1159
5531
6793
3935
1381
-433
-3812
-6315
-3678
-112
-277
44
608
-3417
-3998
3104
5990
-285
-5698
-4084
-612
1283
1806
648
-994
-350
2420
3189
1082
-406
222
260
-286
-46
-2846
-3597
1857
2797
302
1403
2053
844
-20
1133
3353
2969
1903
1972
-748
-2765
2028
5536
776
-4459
-4550
-6066
-9340
-4721
-91
-2884
494
8920
8501
2103
-1853
-3251
-3286
-4284
-6607
-5314
-4109
-5376
-1732
2142
762
1220
4282
3931
1993
4068
7303
5998
494
-2467
-603
-1034
-2333
-515
-247
-2248
-1868
735
-414
-3315
-1105
1668
-1568
-3241
720
1500
211
1869
2313
480
-119
-1733
-4216
643
4288
-4262
-8685
-2524
1646
3049
3132
1792
-319
-2961
-442
1932
-1956
-5693
-2486
4267
1649
-1349
4167
7027
7137
4453
-1403
-1628
1569
-715
-5295
-5025
92
3183
1862
1609
510
-1526
1712
5223
4252
4509
5954
1394
-6741
-8727
-5672
-1344
1721
-482
-2556
-554
940
2169
5528
5912
4421
2812
-3161
-4800
706
86
-7330
-9956
-6776
-7720
-9261
-3732
701
581
830
7551
10682
1996
3737
11240
6585
9
-2042
-3966
-7819
-7800
-6582
-8428
-8628
-4717
2969
5828
1990
2714
7182
6227
3909
5288
2383
-4340
-5937
-3989
-4206
-5633
-2673
1536
2259
2349
900
1445
6964
7049
1314
172
-258
-5179
-5803
-2174
-1929
-100
4880
4409
1277
2766
2740
-735
193
3673
3172
-766
-5361
-7672
-5020
569
3834
2690
-1483
-3489
1691
7208
6196
3491
1607
-565
-2766
-4000
-275
6549
6288
266
-1788
-2744
-5376
-3926
-1190
-1619
-1677
-2543
-2368
2378
2311
-2555
900
7057
2301
-1986
1465
-793
-3629
2330
6142
2414
-802
1883
4440
1377
-4189
-6783
-3811
1157
5704
7529
3270
-629
1859
2961
764
257
-1065
-1301
-841
-5567
-8637
-1767
5503
859
-8161
-8222
-1153
4562
5052
1232
-1716
217
1048
-1548
-715
2021
2131
3103
4699
-40
-3322
1274
885
-5040
-3927
2541
1758
-1780
1676
2859
-463
778
4809
3572
240
-211
-1349
-2137
-3061
-5028
-3360
-834
-2038
-1215
2339
1713
210
573
359
556
-718
-4238
-6637
-5414
-2150
-1704
-2120
-222
2356
5675
7559
5093
3297
5036
2526
-4463
-7161
-3047
3445
4286
513
-401
-189
-633
306
-1798
-5244
1064
6753
2785
1286
634
-559
1514
721
-3401
-5054
-2876
-830
-280
-1212
-2950
-1718
472
-875
-1902
444
2577
4424
4177
-300
-1331
2274
3909
5345
4103
-3135
-4795
133
-556
-3652
-1853
-1067
-2741
269
4234
3496
3411
4723
3229
1576
2169
1140
804
2971
-1157
-6709
-5803
-4990
-4214
356
4438
4220
3777
484
-5573
-1146
5600
1630
-6388
-7009
1927
2634
-8725
-12763
-5426
1720
2519
-1942
-1925
6509
8814
3391
942
-644
-3607
-3519
-836
479
2808
7031
7110
1777
-3178
-1360
3092
985
-3466
-3373
-1180
747
2548
903
-2984
-3565
-1739
486
687
-310
1992
2932
-258
-3043
-4608
-2207
1035
-1071
-4093
-4434
-2366
-1416
-2084
-1388
759
3721
3061
-734
-2363
-910
1723
3158
1620
-1450
1066
5574
2207
-2434
-262
4237
5796
6069
3848
-790
660
3212
-1137
-5350
-6195
-5615
-4570
-3129
-1020
-383
-482
-544
-622
1697
4647
5249
3836
1790
754
-819
-3380
-3519
-2001
-1703
-740
684
175
1088
3384
2986
1213
274
443
1936
1496
-1628
-2107
-2909
-5802
-4580
-2103
-1475
102
1269
1441
2688
2229
-1423
-3179
-2449
251
3880
-801
-7009
-1364
2958
-1288
746
6780
3955
1795
5910
4890
587
-334
-1592
-3599
-2641
-2473
-3938
-1295
2077
1983
1265
470
-379
52
830
589
772
1536
1221
-814
-4509
-3402
3306
5252
1619
1268
3688
933
-2324
711
2388
-1560
-3866
-2160
-2555
-4847
-2320
3019
3397
-15
-504
-351
-5777
-10498
-5107
1235
-1682
-2732
969
-1293
-2211
6178
8551
-855
-3576
2957
3763
-55
1347
3044
-2394
-5915
-2142
-617
-2702
-1633
-122
-762
481
3391
3791
-576
-3490
437
3394
1129
1609
4263
1994
285
2725
3716
3511
4385
4219
915
-1992
458
1642
-3213
-5044
-2015
-761
-2728
-4587
-2302
2333
2002
-3147
-3577
-1015
-3381
-5090
-2572
-1220
-2304
-2091
47
-48
-2650
-920
5273
5170
2725
4836
2430
-1631
504
889
-3622
-3339
1687
5010
6369
3423
-1925
-3301
-557
2510
2107
-1478
-2199
1652
2290
-2195
-3844
-2524
-2770
-2882
-1463
-498
-1088
686
3335
1682
-779
-2409
-1487
3164
5863
3842
1297
1959
1326
-659
-1120
-2287
-3380
-2277
452
1032
1262
4346
3929
-1477
-3436
-996
-913
-2369
-1800
-1900
-1823
-251
-743
437
3944
3299
1200
-83
173
5714
8878
3989
-172
-608
-1410
-1598
-1773
-5057
-7051
-3551
448
1486
-364
-2232
882
2811
-2580
-6521
-2720
2583
2150
-700
-782
-2423
-2362
1834
221
-2036
3644
8013
5064
1801
918
-690
-315
352
-1772
-1671
1331
2941
1847
826
-1429
-7501
-8275
-427
2698
-444
-368
-719
-2175
1384
3200
-695
-1120
3682
5267
2089
-1457
-2923
-2552
-3145
-2569
-634
-848
780
4528
2098
-4263
-4941
-2529
831
4279
678
-2163
2112
2583
807
4049
3818
-1924
-3045
-371
-294
55
2182
1044
-1104
761
4438
6788
7836
7310
3374
-1334
-3762
-4961
-5607
-4220
-2457
-5835
-8847
-5529
-3543
-2445
5241
12578
10460
6180
4723
1426
520
2165
-2600
-9323
-7246
-615
519
-2361
-1930
2645
5601
5252
4162
2030
-243
-54
-676
-4533
-5994
-3131
605
3569
4747
2758
253
1136
2215
231
203
1939
-2332
-7258
-5840
-4036
-5870
-7820
-5172
-2305
-1290
4611
8242
2340
-2362
-1192
-1896
-5097
-4601
-1626
33
1270
3156
5745
6290
3062
639
1241
1280
-137
-518
-708
-1985
14
2931
-853
-4152
-1634
124
2299
5599
4659
2040
490
-1850
-3478
-2501
-829
-1209
-1151
1035
3350
5237
4118
83
-2915
-5243
-5454
-761
2107
-1247
-3322
-429
1120
-293
880
5157
7213
3854
990
2712
2401
-1010
-1928
-1777
-3238
-2471
1452
2491
-613
510
5076
2841
-2912
-3897
-2648
-3130
-1179
2466
400
-2942
-1784
143
1369
4336
7107
4792
723
-1946
-5756
-6760
-4073
-4082
-4691
-1523
2406
3636
2054
699
264
-1120
-675
3313
3251
-1293
793
3888
-876
-2656
2731
4846
3342
3454
1204
126
4296
4299
-1122
-3940
-3604
-3533
-2130
983
654
-1520
-662
-342
-2265
-2582
-874
-2059
-5889
-4952
-1029
-1275
-1551
2307
2529
640
5463
7502
2117
448
486
-2803
-4095
-2703
-1381
1716
4331
2022
-117
199
-1636
-2418
1758
4442
2404
794
-1045
-5552
-8045
-5050
-529
2279
3371
811
-1307
-616
-3391
-5456
-614
2320
-1580
-2939
1333
3538
2462
935
-608
-1098
1054
5959
8087
3705
-993
724
3299
559
-2637
-2114
311
1814
2836
2121
-180
-757
-1843
-4629
-6416
-4453
-367
1028
-550
-1286
1248
4467
5138
3581
4320
5950
2959
124
-296
-3262
-6453
-6538
-6525
-6548
-4770
-1510
1923
3154
2298
2636
4252
2464
-2040
-2962
-755
-1875
-5208
-5025
-1744
1373
1732
-410
-868
2158
4847
6315
4603
-2251
-3643
2513
4723
1571
-142
-904
-2806
-2553
-1356
-333
-70
-76
2719
1773
-4315
-4466
-298
-2113
-4306
-188
2040
1401
2616
2278
1995
2148
-2668
-6277
-1885
1835
-333
-28
3072
2435
2044
4412
3963
341
-1958
-1743
-1556
-2377
-1295
-12
-2157
-3824
-3250
-2354
-8
2259
967
-847
584
1535
2220
4006
1401
-2773
-3019
-2753
-2239
300
988
541
2548
2487
-773
-1276
949
2841
4026
2122
-1607
-651
2820
2193
-2156
-4876
-1581
3565
4976
4083
1202
-2153
-1589
848
2137
1840
-1785
-4700
-1672
-140
-4023
-4515
-2643
-3712
-3415
-1678
-2965
-1978
4937
7700
2378
-2523
-2389
840
4117
4852
2239
-1870
-2375
3053
6177
1432
-2586
-1179
135
558
1822
1178
-2681
-3758
1336
3801
-1214
-3448
844
444
-3015
-896
258
-2396
-2810
-491
1256
612
-1804
-2347
90
178
-2597
-2627
10
2614
4271
3559
1885
1907
3757
4794
2436
-1277
-3216
-2949
-1915
-1202
-1842
-3968
-4779
-3996
-2415
28
780
-28
763
2410
1655
-94
-361
-1371
-1800
64
-896
-3154
-488
4011
4679
2348
308
-1182
-615
1967
1483
-156
1013
1359
807
97
-3324
-5847
-4308
-1147
270
-735
22
2264
1821
1818
3436
1610
-397
1284
1402
-281
-1615
-2522
-1366
-1939
-3780
-1025
2381
2758
2588
1856
1659
3171
3495
454
-4878
-7297
-3685
-613
-3222
-6526
-5985
-1471
3073
1618
-735
3244
6306
3418
812
543
319
1311
1748
-1042
-2426
88
1672
-65
-544
2228
3488
1990
592
-501
-1365
-2076
-3155
-4163
-3860
-1110
760
-178
-245
1182
2534
4785
5972
2524
-1512
-839
1503
650
-2398
-4033
-3643
-1674
583
776
-143
797
2762
1080
-2387
-1606
774
1495
2799
2023
-806
-331
-567
-3590
-2519
602
-789
-2419
-335
1130
1601
3301
4320
4180
2269
-1242
-2211
-1045
503
1859
-396
-3581
-2586
-634
-2240
-3671
-2280
-2821
-2527
2769
5930
4210
2739
1924
-733
-2909
-1612
17
-357
-1777
-3168
-2381
-453
-640
-1749
-28
2145
1096
1139
3803
3931
1515
-12
-2982
-6543
-3733
1808
2174
-4
523
2717
2802
1250
94
-2121
-3176
186
709
-2646
205
5307
2954
-212
2814
3437
-1192
-620
4880
4486
-2976
-7166
-3872
-674
-999
-2313
-3901
-3605
52
4026
5158
2557
-318
1448
3695
-103
-4315
-3693
-2655
-1501
-12
-2340
-4066
-441
2003
2203
3813
2767
818
1807
1558
466
331
-1237
-2055
1168
3069
635
415
1674
-54
-1016
-201
-1377
-2471
8
2303
2332
2884
2689
-520
-3563
-2741
-1231
-1533
-374
1688
1315
-88
771
1181
-493
644
3382
2802
619
811
1796
1657
1879
118
-3174
-4050
-4636
-4591
-91
3235
850
328
3097
1043
-3666
-4285
-4819
-6147
-3049
97
-1447
-2436
-641
445
1134
937
-1529
-1661
2430
4512
1340
-2470
-2118
921
1583
17
-460
-189
169
1375
746
-3113
-4121
-497
1204
-732
-1193
782
1627
1781
1362
-234
-213
715
737
653
751
381
-409
187
1804
2477
2603
3332
2614
128
-241
1174
1783
1149
444
-848
-4126
-5378
-3811
-3605
-2673
1179
4184
4133
2826
2373
2257
1498
667
-334
-1598
-1069
1941
4116
3320
2398
2471
142
-1512
317
927
1133
1807
97
-529
997
462
-654
-430
-288
348
1508
1361
0
-1046
-2466
-4442
-4193
-1019
1244
233
-1922
-2250
-251
272
-1351
-1969
-1285
534
1574
677
-293
-1681
-3779
-5118
-5124
-3236
1178
5107
4670
2140
1265
1240
500
-220
146
393
-38
334
-411
-2462
-620
3182
2724
616
1375
2731
2327
2364
2785
-142
-4217
-3315
-1048
-1777
-45
3068
1182
-3151
-4098
-2231
-1393
-1563
-1165
1439
4144
2050
-1648
-1670
790
3335
3959
704
-2476
-947
768
303
-1160
-3367
-1856
1727
2279
2187
3038
2763
2510
3703
3407
1658
1413
292
-3186
-4204
-2583
-2976
-4438
-3896
-2411
-1388
90
2008
2191
-916
-3538
-926
3483
3701
1766
1078
-1744
-6931
-7159
-1237
2945
3282
2662
687
-523
1989
4456
3006
383
-1095
-1329
-816
-1554
-1112
1272
530
-1637
-921
-108
-117
1974
3246
1254
-63
-2
-1972
-4608
-3215
922
3521
2294
-372
1292
2882
-946
-3055
-392
1092
174
-511
-732
985
3487
2869
-516
-4222
-4067
-257
1718
346
-1536
-1441
-1303
-870
1300
1833
259
-1027
-843
-694
-1490
-663
585
37
-938
-1859
-2502
-520
3146
3315
1160
762
960
946
247
-1208
-631
1076
-661
-3539
-1690
2024
3586
4439
4008
1624
-684
-1490
-1313
-937
208
1660
1770
503
-1549
-4594
-5225
-1278
966
-1642
-2379
1233
2288
477
92
-935
-1777
985
3002
-32
-2422
147
2579
1111
-1291
-1540
-335
551
1696
2676
183
-2180
683
2282
-2253
-5200
-897
4597
4748
1185
-2120
-2509
456
1195
-2184
-2103
1296
1796
2505
3983
1343
-1628
-1404
-1486
-2664
-2304
-674
-926
-2104
-2237
-2836
-3132
-1183
1735
1943
-746
-1469
1569
4118
3278
1439
522
-73
-1606
-3339
-2343
-418
21
810
81
-3189
-2921
1666
2643
249
1009
1095
-607
1972
4283
1015
-3112
-4170
-3425
-2533
-1362
838
3090
4354
4924
3195
95
-328
773
-530
-3554
-3932
862
6227
5771
1558
-2011
-2896
636
4268
2789
-519
-849
678
2010
2049
-46
-898
-144
-338
218
793
602
1389
629
-3027
-4826
-2920
-600
678
617
-531
-1261
-1923
-2661
-2749
-2063
-205
2367
3383
2039
1319
633
-1591
-1147
1047
306
-660
515
1690
2685
2212
-1645
-5129
-4657
-2396
-475
1326
1951
406
-831
179
-136
-3908
-6431
-4901
-2137
-580
-1126
-1653
102
1585
2179
2592
1868
1729
3074
4457
5377
2890
-3114
-4171
-1045
-2244
-2680
1773
2037
-454
1955
2190
-849
971
4088
3535
62
-3334
-2054
1314
853
-973
-1034
-1371
84
3807
3344
-863
-2558
-1553
-359
928
1753
944
-1210
-2800
-1440
1395
760
-2828
-3152
-8
1259
1335
3694
4286
1375
795
1192
-1930
-3686
539
4704
3850
744
-2929
-4432
-1946
-139
-949
-728
1783
3293
1529
-840
-826
725
1850
642
-2386
-3072
-1460
-1627
-2099
-257
327
-1025
-1234
-1964
-2075
1199
2852
853
-1104
-1506
986
4045
1933
-2293
-2036
-821
-1870
-599
1051
-1010
-1245
2174
4311
4903
3479
-1850
-4930
-2756
-1339
-1442
-1532
-707
2910
4683
1461
-1070
-63
987
694
-465
-2255
-1485
1033
-922
-4716
-3263
-424
-956
-1467
-621
251
1946
4294
3744
-45
-405
2433
1375
-603
610
733
-1236
-774
1331
-571
-3577
-1651
1337
381
-1115
423
1169
-857
-1636
-545
-51
238
1314
954
-451
1477
4556
3044
-2151
-5442
-3197
1023
885
-946
774
2345
1357
547
-235
-342
1278
1750
-68
-1681
-2152
-2224
-1143
475
-497
-2365
-1386
-304
-505
430
399
-1179
-127
1465
-567
-2007
729
3964
4721
2453
-1411
-1679
1615
3364
1796
-933
-698
1164
-801
-3550
-1509
-249
-3505
-4011
-363
660
-67
1758
2666
753
-483
-298
-330
6
835
-373
-2388
-2387
-1659
-526
1150
1519
1011
1682
2167
1147
1410
1908
691
1286
3088
2423
1230
289
-2945
-4840
-2617
-560
-753
-1609
-1917
-1735
-859
-325
-1645
-2362
-58
3154
3714
1486
81
1128
2154
1459
-112
-1035
-87
2171
3218
1218
-2380
-3453
-805
1175
-577
-3267
-3639
-1824
884
1334
-1932
-3041
533
2335
568
-128
916
1368
687
-192
-670
-992
-872
52
938
647
-318
-939
-1147
-339
659
595
961
1289
-1340
-5028
-3829
427
763
-1023
-1040
-989
-153
2041
1673
-177
388
1745
1277
534
1264
1771
1693
983
-1445
-3576
-1769
2607
2188
-2260
-2529
737
2454
1606
-924
-2434
-1403
-147
376
810
1330
2315
3573
3474
303
-2544
-1061
1292
941
818
1777
739
-1055
-1170
-827
-972
-1047
-1730
-2235
-832
301
-100
-791
-1917
-2584
-1297
505
1469
1538
67
-1550
-1898
-1045
696
357
-2275
-2000
852
1783
1601
1364
368
-281
526
1900
2689
2666
1348
-430
-1418
-1413
-1056
-1500
-2301
-1099
1985
2920
789
-500
249
-383
-1704
-371
998
1345
2698
1888
-1541
-1897
1033
2368
1792
1595
1281
1404
2332
661
-2262
-2376
-2256
-3217
-3488
-3254
-1081
2009
1894
33
-577
-1258
-2109
-801
1548
1519
-905
-1978
698
3479
2619
855
-187
-2370
-2405
1922
3552
9
-1411
-98
-1045
-2355
-1375
128
1288
1733
-19
-2210
-2150
-1317
-1142
-626
-669
-2120
-1266
2227
2881
514
-59
1236
677
-1120
-1105
171
1379
2118
1078
-1163
-1600
-299
401
60
-528
353
2217
2022
1437
2976
3334
1609
278
-1186
-2279
-835
1501
1601
-280
-2657
-3257
-692
1067
224
-787
-802
1137
3150
2818
1642
890
42
-272
473
894
657
108
-1466
-3207
-2538
-97
390
-774
-503
577
1860
4012
3812
-863
-4410
-3140
-2135
-2351
-176
2324
1810
-379
-1034
-606
-257
202
-246
-847
-242
-301
-1249
-370
898
71
-628
-15
648
2323
3767
1540
-610
980
1241
-1193
-1091
1152
1428
-364
-2631
-4487
-3870
258
3596
2211
-1601
-2897
386
3736
1352
-3765
-3907
-408
96
-179
2081
2407
1121
2191
2125
-443
-386
1715
750
-734
1244
2226
-664
-3087
-2054
-316
-790
-948
1446
2633
784
-709
-100
1118
851
-878
-2306
-1378
2157
4195
1993
-1664
-2912
-407
2622
1999
-45
-37
312
689
1789
461
-2478
-2009
-394
-2150
-3595
-1881
120
1012
867
-301
-1649
-1541
1813
5324
2745
-2239
-1463
1171
-524
-2622
-2453
-2652
-1261
1987
746
-3591
-2713
2398
4660
3308
1025
-732
223
3041
3746
2169
-44
-1960
-2560
-2760
-2615
-770
607
-636
-1399
202
1443
1788
2659
3197
2345
543
-538
949
2521
291
-2802
-3533
-3434
-2981
-1789
-32
1414
2143
3151
3873
2984
715
-2091
-4105
-3359
-1611
-1901
-1453
1025
1618
379
521
753
-61
573
1211
-444
-1544
44
1678
892
-172
-304
-1264
-1771
-168
643
-453
452
3097
2768
780
-442
-2205
-1987
-108
-876
-1848
-979
-1233
-1690
-607
-333
-248
651
-56
-1440
-1859
-2252
-1670
137
1131
1371
1223
134
-1374
-1839
-205
1700
2433
3070
2192
-240
-70
1708
959
-612
-768
-952
-959
116
967
867
-834
-2881
-1736
628
901
1275
2005
125
-1661
-144
630
-1560
-3439
-3467
-2449
-561
1198
2267
2288
-352
-2742
-946
2101
3401
3917
2323
-1253
-1046
2714
2752
-1
-524
-977
-2146
-1389
39
-87
-1722
-2898
-1688
110
-38
-660
-172
26
-305
177
105
-1143
-323
1663
750
-1281
-1084
-255
-203
407
336
-225
1430
2587
618
-683
600
749
-264
307
-118
-2597
-3091
-1040
-208
-1395
-2433
-2044
-63
1174
220
-593
-300
251
353
-945
-2304
-1218
1029
1724
1126
587
520
1343
2926
2582
-159
-780
1000
1508
1344
1256
42
-658
116
57
-665
-688
-1498
-2579
-1508
-143
-815
-1342
-302
524
208
-311
274
1655
1618
646
749
-108
-1608
-300
361
-2425
-3868
-2982
-2216
523
4819
5073
1745
974
2695
2357
36
-1861
-2365
-1215
-358
-983
-1708
-1814
-272
1702
674
-1422
-526
1334
583
-445
626
775
-922
-1712
-1485
-1107
-892
-1960
-2319
-407
760
950
1594
1226
615
2446
3979
1269
-2221
-2762
-1046
1597
2448
609
-1006
-327
1016
524
-615
-892
-1549
-1894
-663
143
455
1804
1538
-1377
-2362
903
4224
3824
2034
1181
-243
-1125
1069
2818
873
-842
518
1886
659
-1915
-3332
-2012
241
99
-652
254
413
-178
312
995
1689
2683
1997
-771
-2036
-834
-907
-2865
-3835
-2941
-860
1464
2054
355
-357
857
1840
2853
3507
2503
1406
1556
666
-2106
-4320
-4373
-2446
-1456
-2343
-2118
-892
75
1325
1447
-263
-1149
4
1799
2412
914
-194
181
-774
-1953
-1214
-942
-1083
446
941
-925
-1697
-231
1446
1232
-200
-21
1086
585
-90
535
1018
1548
2184
1228
-416
-614
114
293
184
192
-202
-357
240
877
1034
263
-32
1578
2197
-465
-3351
-2921
-435
1198
1524
43
-2363
-1640
1792
2447
32
-1205
-869
-1332
-1514
330
1130
-255
-929
-536
-560
-1458
-2309
-2065
-889
717
2158
1858
105
-274
347
40
732
1963
63
-1749
509
2361
940
-404
-584
-303
967
958
-1120
-1537
-312
-285
-1228
-2414
-3231
-1351
1954
1763
-154
146
758
1322
1943
686
-842
-687
-75
-380
-1041
-721
400
482
-837
-727
1919
3596
2573
694
-1547
-2849
-1176
1245
862
-1804
-2654
112
2351
882
-642
424
1938
2722
1907
-804
-2450
-800
1651
932
-1547
-1566
583
1684
345
-1484
-1835
-629
1294
1286
-1180
-2493
-537
1940
2641
2665
1365
-832
-616
1040
893
236
784
770
12
-410
-1816
-3524
-2342
129
152
-451
736
1508
1068
1087
226
-2112
-2701
-1204
-9
856
1175
933
1719
1696
-19
187
1427
903
853
1433
79
-1484
-1171
50
1608
2760
1965
9
-587
173
-340
-2284
-2829
-2094
-1857
-1004
730
1260
323
18
486
442
1120
2379
2157
331
-1554
-2063
-1711
-1479
-1667
-1180
883
2315
2293
2102
1316
453
1110
1249
-191
-310
241
5
214
-294
-2015
-2254
-735
218
-377
-1821
-2203
-913
-6
-215
-522
247
2115
2104
-102
-1026
199
1248
302
-1271
-1712
-1426
-723
687
1791
1175
-288
-831
-293
1474
3272
2118
-426
-1370
-1289
-593
-353
-1223
-274
2012
817
-1510
61
1119
-1307
-1913
-275
-284
-531
702
1401
1029
573
603
584
-1087
-2188
-98
1560
249
-811
48
1105
2016
2612
1980
1463
1481
532
-831
-1656
-1385
961
2890
729
-2362
-1729
431
668
-466
-1069
-811
-701
-954
-1012
-1398
-1837
-688
990
1305
1229
1397
621
-812
-2017
-2640
-1810
-714
-1283
-1968
-411
1534
1312
684
910
533
-191
367
1444
1151
252
-312
-1135
-1833
-1671
-658
454
940
975
997
703
-501
-1521
-1270
-538
101
1087
1887
976
-102
768
840
-944
-457
1281
-119
-1691
-935
-694
-1486
-1943
-1530
-233
1164
1784
1153
-376
-219
2618
2856
-1466
-3914
-1903
60
-452
-960
-497
-289
397
1080
281
95
1832
2560
1418
387
-507
-1307
-1150
-1037
-1921
-1759
12
493
82
1217
2286
1341
58
103
464
-21
-819
-958
-352
260
63
-317
-191
-655
-521
1625
2203
-515
-1921
-2
915
-425
-617
54
94
1124
1845
264
-943
-251
1410
2471
1054
-454
720
1226
-587
-936
28
-120
374
1524
800
-583
-214
747
233
-1116
-1414
-360
-240
-1730
-1481
-13
-767
-1875
-1252
-894
-957
1225
3319
1404
-718
430
1033
-811
-899
951
730
-770
-1539
-2006
-1461
217
706
166
506
1461
2117
1933
1371
1561
1885
659
-1594
-2758
-2059
-616
-104
-761
-1191
-622
982
2603
1752
-777
-1634
-793
-18
656
820
-227
-905
-997
-1609
-1440
-222
773
1475
1098
-566
-1214
-225
638
708
290
-354
-579
29
714
686
440
891
1285
49
-1321
-745
-50
-40
607
31
-2625
-3255
-594
1283
798
-175
-304
164
415
275
-225
-323
871
1845
835
-430
-6
803
440
-634
-1464
-1364
-257
146
-584
-891
-824
-886
-1255
-1617
-271
1829
1290
-58
1048
1714
540
-70
-937
-2650
-2382
-818
-1248
-1804
-332
915
1449
2733
2899
721
-237
1025
921
-1196
-2063
-418
620
-730
-1207
614
1467
939
1040
980
672
748
234
-172
-45
-701
-1368
-1660
-2207
-1338
95
-332
-537
382
99
-1303
-1853
-323
1762
1596
224
-663
-1531
-786
1141
574
-1421
-1595
46
1920
1780
-579
-1653
-768
-1048
-1946
-1021
356
721
1452
2102
962
-681
-992
-101
1056
1153
-107
-318
988
971
-198
-660
-1059
-1089
-109
-147
-614
883
2337
1758
-18
-1940
-1835
337
1106
130
129
1159
1409
622
-319
-440
-83
-692
-733
1228
1869
428
72
226
-408
-567
-891
-1737
-924
575
540
6
-1283
-3065
-2657
-1597
-2119
-1986
-361
1241
3151
3654
238
-2958
-1747
716
612
-747
-744
840
1786
877
767
1756
847
-1270
-1626
-900
-785
63
207
-1797
-2209
-733
-84
464
1748
2288
1569
886
285
-567
-834
-649
-613
63
1119
521
-1531
-2646
-1167
1804
2614
455
-1289
-1396
-896
948
2461
586
-1767
-1824
-1739
-1292
271
924
622
-111
-604
432
1389
792
-37
-51
-383
-1411
-961
452
-65
-1494
-671
1407
1398
143
-27
570
936
491
-271
-497
-695
-898
32
612
-1109
-1881
372
1204
-576
-739
733
1301
1228
482
-1424
-2638
-1118
1350
1245
-604
-1065
-288
408
1517
2250
916
-766
-1145
-1233
-1129
-973
-1319
-1436
-1831
-2850
-1792
1665
3204
1839
1028
694
-139
607
1402
6
-614
576
651
-28
194
-343
-1339
-798
152
776
2005
2493
832
-879
-717
435
1054
514
-768
-1784
-1177
539
599
-265
564
1550
891
468
1102
723
-258
357
1160
-542
-2771
-1862
312
212
-824
-915
-774
-169
870
588
158
1763
3176
1801
-1138
-2563
-1319
306
-31
-1122
-893
-442
-422
112
160
-503
573
2632
1439
-819
422
2347
1509
-480
-555
571
143
-956
-993
-880
-1047
126
1374
63
-1445
-778
152
-129
-575
-575
-532
31
1050
956
-156
-111
1193
1762
1154
149
-692
-583
230
236
-356
-270
-119
-876
-1162
-250
-131
-248
891
1330
532
636
2051
3275
3011
1164
-364
-203
-31
-829
-1235
-1346
-1816
-1078
794
548
-1243
-515
1116
374
-83
989
846
346
572
-721
-2184
-1843
-1211
-564
-96
-451
-307
688
913
603
897
762
406
1000
972
-146
-637
-744
-1545
-2230
-1676
-633
-386
-398
422
1421
1745
1599
1138
646
755
1225
932
394
524
281
-400
-711
-1070
-1796
-1703
43
1772
1674
620
1063
2790
3201
2035
1335
1110
-660
-2771
-2668
-1437
-433
727
934
-690
-1172
747
1443
374
308
588
58
312
680
-440
-811
300
204
-1453
-1996
-413
1182
1378
292
-1457
-2342
-1380
41
139
169
1377
1631
-321
-1449
-4
570
-701
-1161
-1224
-1273
59
1692
2070
1518
725
472
896
504
-333
442
967
-289
-941
-671
-318
527
591
-803
-1899
-1691
-352
863
802
705
1048
-116
-2735
-3719
-1766
339
341
106
870
1345
1529
1781
1506
643
-238
-431
-94
-728
-2119
-2245
-1191
-47
918
1423
1219
533
395
966
1058
530
-93
-1051
-1530
-551
493
810
625
-330
-988
73
1720
1847
1556
2034
1918
1021
312
333
438
148
17
13
-50
-971
-2125
-1482
-282
-270
-537
87
1090
970
77
145
981
1267
850
-397
-1935
-1564
173
118
-1413
-2012
-1270
195
1745
2811
2587
1333
694
555
78
-91
96
-310
-654
-498
-1185
-2084
-2074
-2096
-1855
-190
1415
1355
701
418
146
-415
-926
-993
-919
-1027
-1408
-1738
-1206
-232
257
324
-95
-282
757
1761
1278
152
42
359
-626
-2340
-2612
-661
899
531
261
82
-592
176
1696
1360
463
597
863
1261
1470
813
34
-878
-1658
-494
1547
1185
-767
-1320
-906
-589
37
17
-1188
-1409
189
788
-514
-814
352
498
-156
167
699
469
44
177
400
-558
-1166
38
631
-541
-762
953
1509
223
-381
-49
296
620
1109
1373
364
-1752
-2480
-582
874
141
-816
-1164
-857
681
1973
1097
-269
-427
180
1057
490
-1007
-659
19
-585
-178
1093
1026
247
-30
-458
-920
-189
881
763
-225
-1076
-987
-30
294
-402
-958
-904
29
1254
1364
501
-556
-1410
-1325
-760
-1140
-1141
556
1123
-66
-13
671
7
-680
-447
-136
713
1856
1100
-553
-556
-95
-440
-507
-358
-697
-882
-764
-226
928
1054
61
140
1302
1789
644
-912
-700
467
329
-559
-385
374
-47
-1096
-1319
-1222
-1035
167
1694
1450
178
302
1017
669
-254
-589
227
1255
797
-628
-654
238
-211
-1417
-2029
-2365
-1780
398
1875
1129
130
440
971
771
495
502
669
861
605
-315
-643
877
1979
166
-2057
-1836
-544
545
1489
1346
375
64
220
313
751
512
-1335
-3011
-2681
-714
669
-106
-1769
-1850
67
1538
1080
733
1780
2305
1494
418
-645
-1279
-735
11
-128
-413
-340
15
348
-112
-820
-463
344
73
-707
-970
-1288
-1339
-447
326
-16
-527
-420
-405
41
850
488
-189
235
595
-89
-241
392
255
141
849
840
388
827
485
-695
-270
987
935
-31
-525
-809
-1312
-1340
-1005
-763
-637
-832
-973
-181
1335
1680
-59
-1670
-1357
-1085
-2131
-2059
-724
-343
-225
566
857
441
735
1393
623
-910
-730
1167
1801
310
-834
-270
919
1379
771
-967
-2851
-2473
-223
536
252
1436
2164
941
-29
-344
-933
-597
482
-20
-1071
-298
882
601
-161
-173
473
1346
1287
59
-90
1239
1803
1327
686
-47
-240
-37
-478
-797
-239
-172
-981
-1172
-395
155
-64
-393
-499
-255
512
1294
1545
906
292
902
1599
1197
174
-512
-665
-904
-1072
-751
-227
341
533
-144
-886
-427
1200
2252
1159
-701
-1140
-658
-250
-165
-801
-1684
-1806
-1095
-329
-150
-460
-149
998
1670
1673
1269
582
385
553
264
-448
-778
-653
-769
-599
240
90
-1216
-1222
270
606
-219
624
2163
1368
-610
-1793
-1782
-232
1425
776
-1442
-2238
-1145
125
507
350
832
1540
968
-25
48
224
-166
-458
-544
-102
707
395
-982
-1484
-662
87
222
81
-514
-588
495
448
-1105
-1141
292
516
365
1111
1304
646
155
105
60
-394
-854
-1061
-1452
-1347
-348
414
961
1606
1532
917
993
1745
1528
-79
-1247
-1107
-477
-30
-90
-488
-602
-319
-439
-730
21
702
23
-923
-1071
68
1981
2522
850
-805
-592
682
1162
-70
-1257
-596
430
683
902
350
-782
-289
761
-8
-1365
-1362
-379
325
307
-53
-334
-657
-1075
-764
733
2059
1681
634
-120
-1599
-2247
-668
122
-921
-1434
-1078
-585
287
961
1121
1716
2589
2670
1882
1084
833
253
-1516
-2583
-1675
-795
-241
996
1490
644
426
1285
1475
953
522
-231
-611
-258
-658
-1671
-2072
-2033
-1270
289
825
613
1000
900
161
-237
106
1140
1466
521
-155
-27
531
1517
1299
-344
-582
128
-80
12
588
486
132
-35
-423
-528
205
825
518
-206
-471
-459
-478
162
693
-43
-1018
-1219
-957
-823
-471
884
2268
1883
219
-695
-79
1261
1718
538
-618
-375
208
211
-399
-1209
-986
521
1931
2018
928
-108
-439
-332
520
1444
472
-1187
-796
429
419
395
606
-496
-1043
651
1398
-236
-1371
-1082
-908
-1613
-2330
-1603
-7
1039
1733
2196
1713
1006
852
32
-1517
-2059
-1424
-1311
-1980
-1385
383
1044
920
1274
1674
1970
2111
1878
1632
1105
-156
-1160
-1365
-1527
-1169
-31
625
888
1652
2316
2082
1047
-413
-1480
-1893
-1937
-1317
-250
487
285
-719
-1519
-1295
-367
-2
-99
606
1580
1397
545
254
24
-756
-930
-8
647
868
1244
677
-688
-1042
-549
-382
-587
-816
-990
-959
-780
-1144
-2041
-2386
-1796
-984
-418
398
1282
1041
-39
-765
-428
1022
1863
1165
549
488
-81
-902
-1278
-1286
-516
573
388
-141
773
1554
574
-796
-1466
-1621
-1236
-400
99
-268
-838
-649
224
660
714
1268
1254
297
448
1539
1431
494
-112
-886
-1419
-184
1844
1994
165
-1189
-980
-532
-377
5
417
447
59
-203
35
515
755
290
-828
-1741
-1414
-131
682
450
46
97
19
-277
-32
437
154
48
1027
1095
-233
-824
-849
-1420
-1541
-424
608
170
-841
-835
-204
-202
-480
-194
130
218
471
474
-59
-362
90
729
724
-254
-1301
-836
470
574
-179
-406
-63
373
510
-70
-1288
-2113
-1435
164
845
608
427
-117
-862
-847
-245
-197
-785
-710
-195
-222
25
508
-64
-718
-242
363
571
1030
1599
1316
136
-694
-452
-261
-602
-305
-135
-801
-541
271
-268
-900
-34
606
126
12
211
109
47
-212
-505
14
460
26
37
512
549
603
562
-75
-376
176
567
507
66
-555
-392
37
-315
-647
-101
762
1004
263
-807
-1296
-1430
-1146
81
818
165
-198
180
243
173
-233
-1223
-1179
319
1183
170
-797
-293
-291
-932
-50
937
95
-308
767
763
-335
-17
732
-374
-1433
-284
1149
1288
1422
1273
-551
-2018
-1240
50
320
-53
-399
-395
-296
-359
13
577
-29
-927
-357
409
267
446
569
-596
-1561
-679
734
888
377
305
4
-835
-1094
-891
-1057
-926
-247
-5
64
557
563
-55
-21
713
758
-114
-917
-1133
-491
429
444
-370
-892
-483
-3
-197
63
1435
2276
1114
-1010
-1844
-846
428
387
-919
-1808
-1356
-594
-295
-570
-754
601
2143
1297
-906
-1524
81
1609
1278
-15
-582
-333
-118
94
313
386
675
948
634
-250
-1064
-1257
-1030
-429
476
764
302
169
221
-87
104
508
359
590
1031
932
544
-301
-1028
-966
-1160
-1829
-1661
-885
-373
389
1348
1316
-128
-1533
-1437
-319
643
532
-463
-834
-132
428
140
-437
-520
354
1242
582
-387
239
1284
1443
919
-99
-866
-592
191
427
-84
-584
-470
39
126
-428
-425
416
460
-592
-1166
-792
41
1021
1039
-281
-1005
24
1284
1193
232
-146
84
-102
-525
-714
-725
-177
435
42
-571
-398
-180
-219
-75
-504
-1238
-747
217
523
772
728
-60
-664
-648
-237
196
-84
-550
-35
579
350
357
628
420
474
760
521
-144
-897
-943
-335
-477
-995
-448
375
506
739
703
-249
-483
322
616
396
215
18
-102
185
811
763
-241
-528
568
1351
1279
1068
611
359
552
-19
-960
-674
14
77
293
375
-457
-1264
-1013
-129
216
-430
-999
-761
-592
-638
-20
1030
1775
2128
1822
624
-380
-120
478
-57
-1327
-1306
377
1421
767
-319
-720
-167
530
94
-903
-470
1035
1093
-231
-829
-511
126
642
73
-871
-577
142
-115
-620
-532
-497
-861
-1041
-596
233
779
715
149
-373
-350
-274
-544
-712
-927
-1471
-1384
-344
514
908
1024
610
47
141
846
979
282
251
1063
901
-223
-789
-856
-739
-384
-193
-425
-684
-367
145
295
57
-609
-1120
-510
862
1316
550
-23
113
502
527
-297
-804
140
1108
1067
474
-143
150
997
938
345
491
773
425
312
610
753
787
535
137
256
225
-270
15
451
-206
-484
83
-213
-691
-98
352
124
246
646
345
-337
-39
1113
1199
-201
-1271
-1279
-781
188
913
240
-828
-584
348
523
501
1226
1765
1395
650
-110
-262
553
978
311
-342
-712
-931
-701
-666
-982
-788
-134
540
841
493
694
1818
1524
-616
-1991
-1874
-1301
-578
-239
-544
-502
286
876
561
-24
355
1603
1931
712
-480
-777
-499
-127
-424
-1212
-1170
52
1098
1082
576
73
-500
-1183
-1553
-1076
-44
380
-38
-33
386
428
743
1132
743
720
1233
304
-1302
-1163
-238
-296
-466
-410
-1147
-1464
-44
1182
892
359
54
-380
-300
421
559
-160
-659
-696
-555
-154
280
776
1385
1420
955
779
875
1041
1074
576
30
-28
-139
-507
-889
-1310
-1157
11
847
340
-376
-524
-263
716
1829
1701
837
772
984
433
-112
-141
-388
-995
-1528
-1784
-1233
276
1731
1828
320
-1083
-945
-40
608
616
133
-144
-444
-1028
-840
-20
-135
-763
-514
59
144
330
1062
1482
850
-111
-594
-685
-325
429
668
110
-308
-134
249
379
39
-42
603
768
70
-263
72
393
582
958
972
112
-458
-179
-192
-582
-419
230
787
1017
667
-55
-235
321
633
-36
-896
-837
-202
226
204
-308
-798
-748
-678
-814
-631
-456
-318
419
1072
835
220
256
955
812
-585
-1596
-1271
-356
214
77
-425
-468
6
268
320
396
2
-529
-499
-281
-36
146
80
-55
-612
-1152
-466
384
109
-37
377
647
1288
1617
196
-1055
-370
89
-525
-265
658
955
1177
1012
-106
-557
203
526
-464
-1720
-1656
-521
115
242
662
826
538
639
876
535
55
-43
44
2
-241
-238
13
-239
-762
-815
-723
-1086
-1289
-544
465
866
622
-332
-1594
-1894
-922
193
630
592
302
-95
5
357
69
-358
53
942
1554
1648
871
-341
-432
415
319
-411
-218
214
-119
-674
-820
-544
-467
-846
-1257
-1607
-1309
36
790
-66
-847
-678
-416
290
1431
1478
716
733
1189
1044
692
507
-133
-959
-728
189
666
1080
1275
198
-992
-604
454
739
332
-321
-1187
-1800
-1383
-265
61
-641
-840
-543
-669
-414
356
730
827
551
-325
-861
-422
92
-193
-772
-699
49
344
33
61
85
-218
-356
-454
-414
41
291
-5
-310
-326
-232
-420
-826
-701
-99
432
733
471
-154
-477
-453
-239
67
189
130
89
-209
-709
-721
-346
-255
-213
250
723
1029
1118
607
157
393
211
-688
-721
27
315
438
333
-331
-367
114
-422
-941
-172
516
375
-58
-889
-1367
-147
1197
500
-800
-894
-346
71
140
274
710
539
4
457
1180
830
218
-32
-308
-136
314
-60
-667
-369
139
191
57
-260
-365
78
57
-802
-991
-100
321
-278
-812
-454
292
481
142
-93
-244
-518
-513
-177
87
397
672
272
-407
-297
448
1079
1384
1049
183
74
590
42
-999
-955
-587
-687
-427
287
753
882
729
275
106
678
895
-127
-1115
-895
-283
-304
-621
-617
-131
358
-27
-817
-967
-250
951
1141
-351
-1522
-1019
-292
-568
-1081
-1302
-1285
-434
837
1037
204
-457
-379
261
668
203
-287
407
1380
912
-264
-552
-400
-753
-979
-111
763
601
572
738
246
-6
352
161
-481
-260
436
341
-177
-270
-171
-416
-696
-370
188
350
651
1208
1114
674
402
-98
-504
-727
-960
-453
228
-146
-585
-113
513
861
844
246
-175
-65
96
424
353
-411
-549
-146
-461
-1025
-906
-230
695
1447
1461
676
-141
-47
544
547
41
-149
117
138
-249
-542
-722
-770
-356
284
760
959
589
-169
-450
-158
-82
-383
-461
-34
360
386
409
380
121
-100
-421
-856
-355
1017
1280
218
-471
-511
-465
-261
-54
-174
-220
47
-46
-491
-475
-262
-327
-109
258
79
51
860
1568
1171
86
-542
-416
30
565
825
501
48
-22
180
203
-288
-883
-696
143
439
104
80
173
-110
-301
-332
-520
-452
99
511
237
-269
-240
-16
-120
-38
317
305
394
1156
1540
890
34
-641
-1132
-860
255
1209
947
-43
-321
83
362
431
-26
-978
-1262
-633
-85
49
-32
-208
-41
511
901
968
833
654
691
563
-301
-858
6
932
578
-24
-36
42
370
1079
1267
872
744
629
-92
-553
-179
-93
-973
-1817
-1392
-211
316
352
568
694
698
555
303
467
634
313
37
-76
-322
-379
-319
-546
-523
-209
1
488
875
381
-340
-282
115
69
-115
17
458
816
664
336
223
99
-68
-215
-530
-661
-260
17
-308
-546
-142
149
-255
-476
-144
-213
-671
-437
81
-319
-766
-175
265
-253
-494
150
618
590
803
1175
1163
696
123
58
373
45
-1143
-2056
-1765
-702
16
-224
-960
-1146
-414
395
582
727
1027
801
68
-750
-1161
-569
305
-94
-1290
-1179
316
1382
1333
451
-543
-367
595
799
533
512
341
208
-13
-1006
-1610
-954
-180
290
477
-42
-439
194
705
83
-617
-615
-387
-347
-547
-747
-861
-941
-753
-287
78
279
747
1297
1139
637
419
116
-175
-87
-4
-138
-200
-132
-128
-256
-310
48
567
601
401
661
938
316
-714
-891
-373
-162
-381
-883
-1579
-1649
-822
-166
10
493
1370
1993
2196
1971
1025
156
265
257
-731
-1384
-784
33
140
-173
-373
-237
99
146
-31
222
580
312
-208
-630
-1354
-2108
-2062
-1307
-480
251
842
969
682
536
437
-127
-660
-428
102
263
82
-286
-704
-881
-417
279
216
-207
-63
404
819
961
418
-375
-511
-209
-91
-53
-329
-945
-896
-407
-556
-864
-518
199
620
547
461
502
352
465
1105
1208
353
-475
-801
-790
-290
421
429
-273
-391
771
1757
884
-767
-1278
-888
-448
-40
-42
-688
-1199
-1281
-1281
-898
-69
708
1071
902
833
1159
826
-361
-1162
-974
-284
239
400
477
497
86
-273
-50
151
453
936
455
-552
-471
267
203
-706
-1377
-1101
-439
-150
-149
-202
-36
455
494
-178
-226
524
378
-496
-694
-410
16
524
327
-558
-988
-640
-41
473
712
844
1077
918
352
77
-179
-856
-1120
-709
-634
-872
-572
138
471
215
-278
-733
-658
-6
292
-86
-602
-971
-828
54
761
491
-111
-93
537
1139
1329
1141
660
-29
-497
-400
-316
-702
-969
-746
-328
-15
147
544
1098
1050
250
-729
-1129
-712
-231
-392
-981
-1062
-198
571
426
-74
-247
291
1090
968
54
-461
-312
-119
-192
-395
-484
-164
438
751
276
-685
-862
37
492
-204
-830
-758
-552
-234
82
-298
-964
-830
-176
127
331
611
508
222
145
43
-236
-150
368
430
-244
-767
-347
423
626
342
63
424
1365
1650
776
-171
-500
-661
-766
-504
147
673
494
-155
-766
-999
-339
748
808
107
99
517
425
99
-340
-1144
-1360
-320
685
617
450
948
948
-138
-924
-689
-429
-522
-298
120
209
200
346
320
16
-202
-202
6
314
393
157
-165
-442
-716
-790
-440
105
533
672
424
-45
-272
18
278
85
167
561
241
-379
-179
228
-126
-545
-320
-15
173
441
143
-835
-1180
-403
224
-29
-159
473
1006
909
376
-519
-941
-368
-128
-697
-858
-352
87
157
-47
-201
341
1237
1027
-60
-360
279
782
520
-347
-1146
-1341
-1093
-680
-94
269
299
504
709
617
703
1094
1133
503
-394
-968
-783
-135
149
-159
-372
199
1039
1052
604
764
1036
491
-276
-408
-221
-15
177
-124
-574
-242
410
419
35
-260
-521
-469
45
304
-143
-794
-800
-97
332
329
589
515
-204
-291
164
19
-261
152
981
1554
1278
261
-364
-35
424
324
-25
-16
428
808
730
355
154
211
81
-301
-276
300
637
545
462
258
-167
-287
68
106
-368
-504
-260
-18
280
606
750
321
-422
-420
391
840
482
29
-141
-34
395
594
146
-354
-468
-553
-712
-664
-591
-672
-531
-95
150
183
368
490
204
-264
-460
-239
223
656
575
-159
-930
-1099
-637
-168
-74
-19
441
1086
1226
762
1
-804
-1081
-403
390
310
78
391
505
176
64
131
-2
-178
-293
-170
275
412
-32
-477
-578
-325
312
706
255
-337
-316
49
235
-110
-923
-1438
-1025
-245
107
278
550
715
725
598
378
14
-265
152
871
947
481
36
-360
-596
-268
203
36
-588
-779
-335
58
322
639
478
-59
55
679
571
-486
-1409
-1260
-465
-6
59
2
-75
355
1262
1498
965
797
976
684
9
-668
-1234
-1229
-581
-161
-302
-287
115
351
333
316
280
173
108
245
378
263
260
555
590
146
-212
-244
-152
313
974
743
14
202
569
145
16
434
216
-376
-433
-353
-305
-70
-84
-205
-80
-137
-395
-361
-50
254
386
144
-273
-357
-87
417
880
716
179
164
553
509
64
-276
-630
-1004
-925
-709
-842
-680
-22
264
116
175
408
647
844
610
276
476
598
-55
-935
-1178
-639
130
358
-33
-321
15
793
1255
753
-262
-808
-695
-205
288
250
-191
-336
84
563
543
391
748
1304
1190
140
-1064
-1174
-111
734
562
-149
-703
-591
-17
-8
-510
-312
385
550
301
15
-235
-127
-6
-450
-811
-631
-204
406
664
83
-577
-425
376
1066
967
222
95
941
1306
443
-670
-967
-372
486
917
539
-222
-479
-339
-420
-467
-182
116
296
462
353
-311
-839
-601
-244
-228
-286
-147
290
702
598
-14
-583
-666
-155
650
1138
1023
543
191
53
-36
147
404
212
0
129
-155
-814
-765
-55
414
363
61
-21
357
728
663
226
-224
-138
219
52
-253
-145
-215
-609
-744
-483
-20
338
405
450
690
778
429
-39
-296
-374
-513
-724
-602
-79
320
243
-75
-49
351
591
560
269
-177
-271
-161
-498
-905
-544
255
541
313
168
148
133
205
186
-135
-257
248
387
-435
-963
-622
-300
-353
-550
-721
-464
175
418
30
-393
-555
-592
-359
-59
-139
-222
89
472
437
-92
-714
-947
-703
-455
-411
-301
85
598
465
-245
-212
420
429
250
422
273
125
605
865
308
-473
-917
-820
-187
392
213
-323
-402
-208
-44
206
243
-83
-301
-104
252
369
179
-69
-149
-86
87
348
475
293
-125
-552
-844
-993
-884
-476
15
444
614
472
386
345
164
7
-182
-445
-374
40
32
-475
-526
33
334
180
219
540
584
362
250
147
-34
-182
-460
-848
-974
-677
-101
201
-36
-154
196
449
210
-217
-435
-422
-418
-605
-717
-525
-182
278
594
420
113
122
333
381
88
-286
-352
-166
-8
11
-93
-286
-395
-279
-39
218
324
230
34
-269
-427
-310
-232
-245
-195
-253
-545
-629
-205
233
126
-381
-596
-302
-149
-420
-505
-158
48
40
349
724
590
388
555
455
-146
-387
-85
16
-124
-227
-605
-932
-299
674
663
120
169
538
499
208
-91
-484
-822
-1122
-1318
-880
-148
-104
-396
-29
583
583
263
127
109
80
28
-30
-87
-211
-323
-262
-238
-423
-412
232
1043
998
315
6
-28
-293
-459
-213
-63
-334
-569
-378
12
269
426
481
301
25
-1
186
196
-16
-135
-46
53
152
536
1015
787
-292
-1231
-1150
-230
531
401
-252
-592
-332
103
174
-147
-431
-252
332
651
241
-324
-363
-247
-332
-354
-433
-652
-446
80
102
-128
105
364
43
-316
-13
311
-34
-220
182
268
-79
-85
168
169
119
181
16
-184
-7
160
44
-23
-46
-24
192
159
-151
-39
334
238
-187
-472
-567
-551
-503
-377
-144
109
425
578
442
490
647
369
-200
-742
-998
-462
255
7
-409
27
257
-390
-659
-165
-82
-431
-294
107
140
124
302
117
-542
-977
-910
-766
-639
-101
648
671
67
-107
64
44
254
721
661
36
-292
-98
17
-34
-52
-258
-505
-355
-4
316
720
952
782
394
-69
-231
177
462
140
-92
104
246
311
351
139
-55
-8
-20
-114
-104
-169
-379
-431
-141
269
435
305
119
91
168
87
-141
-128
263
524
213
-200
-212
-99
-72
-7
176
323
147
-77
102
348
144
-192
-92
221
346
244
-65
-210
60
263
2
-285
41
668
653
-105
-619
-370
75
352
517
403
32
-381
-756
-903
-650
-200
114
336
580
646
573
506
332
240
365
258
-233
-534
-340
-87
-288
-845
-1015
-316
617
798
276
-26
294
593
252
-463
-768
-150
633
307
-594
-672
-249
-97
53
248
335
564
692
205
-440
-381
177
407
146
-128
-109
-66
-67
106
17
-355
-106
582
743
460
212
189
513
730
297
-331
-346
364
1103
1039
219
-438
-492
-355
-153
130
177
62
55
86
180
358
188
-445
-933
-835
-325
121
197
103
229
386
275
255
368
241
130
197
-57
-418
-199
59
-298
-732
-723
-345
179
482
376
235
316
315
90
-72
-50
-101
-383
-689
-776
-589
-352
-371
-466
-159
486
831
574
255
396
480
-129
-641
-73
793
820
243
-330
-692
-486
290
746
500
164
78
180
449
541
278
48
-163
-486
-674
-623
-279
63
-144
-523
-383
99
619
771
88
-584
-383
-7
-117
-435
-345
384
987
604
-383
-949
-709
-14
317
-70
-238
161
106
-425
-346
350
771
731
365
-223
-301
406
762
72
-558
-412
-287
-332
-10
344
288
-53
-544
-800
-507
-262
-384
-420
-368
-239
187
415
89
-314
-526
-485
-73
265
259
418
775
878
616
27
-461
-304
104
138
99
423
896
1097
608
-283
-531
-156
65
151
207
51
-75
6
-81
-394
-416
15
248
-162
-356
331
979
836
414
65
-269
-131
456
617
227
-156
-198
11
-18
-270
-170
167
182
-11
-46
81
199
167
104
79
-191
-707
-1018
-923
-678
-511
-392
-229
6
349
636
548
119
-213
-86
259
238
-85
-58
381
496
3
-486
-547
-321
-66
-91
-355
-352
136
855
1149
628
61
125
388
378
138
-110
-170
-71
-19
-11
11
-32
31
302
408
115
-224
-207
34
127
3
-63
36
-27
-281
-247
95
266
184
114
35
-181
-345
-291
-178
-233
-300
-116
-1
-58
299
907
933
454
107
-4
-43
-81
-188
-409
-581
-376
106
380
331
123
-130
-218
-57
162
222
-93
-578
-706
-473
-372
-590
-646
-123
614
866
539
155
-23
16
216
80
-514
-898
-774
-407
17
235
22
-226
-136
-50
-142
-77
218
351
85
-276
-447
-487
-472
-405
-387
-394
-238
-144
-297
-234
175
333
100
29
59
-180
-340
-165
-59
-244
-377
-256
-23
187
327
310
26
-187
-43
-45
-270
-93
248
132
-55
183
430
188
-323
-597
-590
-539
-476
-393
-426
-477
-219
80
-178
-628
-489
-29
109
49
112
217
239
279
366
253
-127
-262
105
385
157
-257
-388
-192
67
171
-144
-801
-994
-462
-127
-305
-342
-102
129
202
79
-34
11
168
310
169
-79
194
673
473
-81
-285
-342
-361
-129
75
107
263
369
101
-136
60
231
-8
-320
-542
-772
-820
-599
-314
-119
-63
-63
23
179
347
472
461
278
68
49
76
-190
-618
-673
-364
-252
-328
-153
272
601
627
295
-345
-703
-264
179
-245
-792
-599
-80
243
329
216
58
-17
-116
-237
-214
23
358
352
-166
-513
-255
114
323
531
512
121
-236
-422
-631
-626
-306
-208
-389
-261
74
66
-91
22
349
722
946
842
416
-117
-364
-325
-435
-607
-409
-45
256
680
908
663
583
853
756
282
78
89
-64
-396
-821
-961
-549
-78
120
161
3
-64
253
347
38
99
370
143
-232
-392
-586
-744
-653
-442
-297
-251
-199
-23
407
1029
1144
361
-400
-347
144
552
624
180
-543
-925
-645
-83
262
506
738
506
-151
-460
-163
233
304
70
-178
-185
-92
-106
-132
-185
-298
-312
-69
518
971
643
-67
-279
-39
197
246
-125
-562
-291
332
338
-94
-242
-87
127
278
321
402
604
621
203
-270
-425
-434
-381
-165
53
118
65
-134
-388
-419
-170
50
-27
-331
-452
-3
600
531
-195
-719
-459
136
396
344
218
199
375
437
124
-155
-16
139
95
179
240
-32
-445
-726
-648
-179
126
-60
-302
-216
108
227
0
-26
341
518
312
170
211
255
231
57
-154
34
621
885
469
-53
-126
78
124
-104
-377
-370
-83
103
10
-67
93
264
141
-221
-400
-125
280
296
-58
-181
112
261
187
328
537
475
230
-6
-137
-110
70
205
98
33
310
557
435
266
161
-89
-140
196
308
24
-108
88
376
573
533
251
-9
-22
72
26
-2
205
306
77
-85
6
168
254
198
88
78
139
15
-392
-749
-707
-358
57
401
492
312
68
-58
-38
7
103
223
89
-126
20
299
275
135
140
105
76
397
818
774
427
305
272
-86
-480
-360
58
228
171
120
6
-198
-332
-404
-483
-447
-209
169
592
824
596
73
-150
73
99
-308
-500
-161
260
469
409
78
-83
121
140
-271
-508
-135
297
197
-151
-235
-44
167
271
196
-56
-198
20
341
375
192
43
-20
-16
-114
-514
-789
-360
357
683
765
826
758
634
497
311
201
150
78
34
-59
-193
-212
-66
124
51
-279
-278
211
531
452
435
441
20
-675
-1020
-624
135
386
78
9
414
833
959
722
243
-118
-202
-215
-288
-218
146
392
143
-182
-160
-66
-69
24
264
533
555
127
-357
-538
-658
-565
-69
243
263
342
362
308
325
289
193
32
-287
-360
78
410
156
-411
-819
-730
-206
220
271
226
242
167
-47
-340
-592
-489
13
256
-137
-506
-186
394
384
-135
-418
-297
-123
47
299
451
348
159
128
193
283
476
501
105
-395
-637
-586
-359
-189
-216
-194
-6
-2
-211
-118
342
608
454
76
-299
-453
-377
-281
-323
-349
-164
-16
-101
-49
397
709
409
-5
48
185
-128
-536
-478
-220
-237
-415
-410
-115
188
223
161
108
-60
-131
15
111
222
474
475
33
-466
-806
-875
-296
585
684
68
-231
-52
154
224
71
-220
-359
-355
-334
-226
-35
167
253
73
-255
-470
-404
-9
408
347
-105
-378
-202
155
259
39
-186
-55
345
462
136
-177
-247
-206
42
403
340
-79
-258
-140
-41
-49
-19
133
193
87
58
107
53
-120
-417
-712
-662
-328
-173
-139
146
427
231
-257
-499
-369
-115
114
267
176
-157
-450
-625
-802
-772
-300
213
350
334
275
-28
-250
3
222
-79
-436
-485
-514
-544
-392
-277
-414
-612
-495
-151
-168
-485
-464
-241
-263
-216
144
306
83
-44
-25
-170
-251
-14
126
-96
-343
-324
-53
237
404
499
356
-51
-211
92
404
339
-31
-449
-720
-654
-171
289
217
-123
-255
-247
-187
52
307
235
-161
-503
-437
-77
259
489
455
86
-164
-74
0
-23
51
10
-262
-304
107
467
415
201
24
-114
-100
32
64
9
103
392
642
564
135
-265
-273
-97
-173
-331
-188
-45
-197
-227
8
-17
-365
-398
46
299
118
10
76
0
-173
-352
-674
-935
-675
-103
36
-342
-580
-352
78
403
433
140
-79
-8
-189
-749
-886
-474
-247
-245
-116
-2
91
399
658
530
309
267
174
-105
-382
-511
-415
-94
47
-290
-540
-259
100
146
11
-105
-42
180
229
-23
-257
-271
-125
118
245
130
92
287
352
52
-374
-492
-199
127
301
371
269
189
378
582
481
179
-52
-96
-96
-217
-330
-480
-767
-697
-183
-57
-475
-664
-301
278
594
387
-39
-124
182
417
300
-12
-252
-356
-315
-122
9
8
179
513
443
-167
-684
-701
-304
230
367
-19
-229
60
260
67
-201
-320
-264
-116
-42
0
144
287
349
376
350
303
231
13
-210
-92
281
374
-40
-461
-346
67
259
47
-475
-637
-2
511
227
-71
97
222
19
-369
-639
-472
10
342
261
2
-89
-72
-127
-127
62
309
463
508
518
505
312
-111
-492
-549
-298
62
248
159
57
-37
-399
-807
-835
-459
89
420
406
298
158
34
5
-145
-451
-462
18
491
527
322
251
302
120
-307
-464
-227
75
431
661
362
19
301
650
339
-198
-319
-167
-54
3
-52
-87
276
760
641
54
-262
-91
330
673
642
294
-13
-9
165
59
-252
-150
249
248
-10
35
193
104
11
171
336
393
658
1001
869
389
1
-296
-397
-183
-27
-114
-121
115
390
467
277
-5
-105
81
350
377
178
100
200
170
13
-31
-32
26
233
223
-163
-427
-230
162
370
255
-56
-124
262
515
163
-272
-142
377
656
452
11
-295
-213
117
347
345
169
51
153
166
-119
-336
-217
25
135
115
72
52
-38
-212
-295
-236
-39
236
241
-39
-75
147
117
-86
1
237
250
212
268
151
-66
-9
80
-245
-578
-340
176
519
616
355
-111
-260
42
409
453
192
33
93
60
-99
-90
127
231
28
-225
-198
55
291
423
424
316
173
-75
-321
-231
23
-4
-142
-134
-173
-168
9
-103
-501
-560
-353
-303
-167
166
256
91
13
-26
-85
68
375
427
204
78
99
-2
-197
-208
-142
-226
-193
108
282
188
125
83
-49
22
289
259
-31
-68
174
313
255
184
129
-34
-162
23
446
748
638
153
-166
95
426
262
-58
-171
-140
58
278
231
41
-8
94
219
228
124
100
181
282
417
338
-106
-340
62
638
817
598
334
276
286
125
-71
-33
183
242
-72
-500
-636
-521
-341
-167
-171
-238
-22
310
423
325
104
-18
202
460
316
-13
-152
-171
-171
-64
89
109
-5
-140
-166
33
334
423
235
-13
-133
-76
-48
-302
-630
-652
-402
-165
-99
-112
-40
3
-148
-233
-47
213
377
300
-107
-456
-352
-123
-209
-315
-67
263
373
275
-42
-369
-221
289
489
277
101
142
270
292
13
-461
-743
-704
-546
-416
-213
144
422
405
188
61
180
338
333
242
140
15
-106
-161
-115
-71
-115
-155
-179
-209
-104
124
291
396
472
396
193
14
-249
-676
-944
-771
-391
-265
-398
-369
-116
109
303
371
96
-220
-120
129
62
-179
-275
-263
-334
-456
-426
-260
-139
-134
-261
-438
-406
-94
96
-153
-442
-289
10
-93
-442
-509
-229
120
247
-11
-357
-329
-53
-46
-380
-634
-490
-122
121
162
93
14
-65
-188
-264
-290
-374
-370
-214
-192
-218
88
490
457
94
-82
62
236
193
83
129
156
44
-50
-140
-270
-280
-152
-28
96
186
125
14
-32
-94
-158
-86
67
112
-15
-243
-427
-428
-239
-53
-37
-126
-199
-200
-164
-168
-116
56
177
144
-32
-291
-407
-290
-112
72
187
70
-79
-51
-26
-85
-164
-306
-387
-240
-14
109
136
113
72
-98
-398
-385
82
418
321
57
-275
-573
-547
-335
-283
-265
-88
55
79
171
243
130
127
344
330
70
-9
73
83
26
-50
-127
-115
7
137
179
105
81
251
362
160
-143
-246
-163
-28
62
43
4
34
1
-148
-244
-125
141
128
-289
-519
-306
-195
-443
-599
-387
-71
47
-49
-169
-170
-14
142
-30
-426
-589
-435
-136
148
272
306
390
340
57
-123
-113
-137
-148
-19
120
58
-155
-262
-237
-233
-149
52
129
71
54
58
3
-114
-314
-522
-494
-165
206
350
205
-141
-399
-385
-280
-129
183
416
315
84
-31
-111
-258
-285
-61
80
-143
-464
-587
-510
-234
43
-5
-226
-325
-269
-63
135
111
-11
-16
99
254
395
428
291
99
-77
-227
-200
-17
75
75
86
-33
-217
-169
12
-19
-309
-453
-90
422
505
235
-36
-218
-269
-193
-149
-208
-281
-232
3
287
384
244
36
-100
-38
295
556
360
15
-90
-171
-302
-124
305
467
235
-53
-138
-64
-9
-14
42
175
253
223
136
35
-56
-42
84
61
-236
-492
-452
-335
-344
-295
-38
291
472
396
183
99
163
60
-286
-450
-172
267
468
276
-108
-312
-172
142
268
43
-222
-187
-49
-130
-216
0
259
212
25
-62
-62
13
91
79
81
139
86
-50
-41
86
140
95
20
-25
24
111
53
-126
-180
-53
48
23
-34
-106
-168
-73
149
310
333
242
142
84
7
-33
1
11
39
129
82
-123
-110
172
291
121
-89
-206
-158
78
224
127
19
69
183
206
169
234
406
532
496
360
200
-23
-139
-9
121
191
363
406
119
-131
-148
-215
-326
-291
-261
-313
-214
10
84
39
36
48
81
177
258
250
173
107
124
128
-73
-354
-341
-26
257
324
248
212
272
275
117
-139
-373
-444
-278
-22
147
286
444
443
232
117
217
293
218
59
-45
-55
-36
54
55
-218
-336
0
324
332
262
220
181
212
172
-26
-147
-21
259
411
251
45
77
122
-45
-248
-334
-285
-57
207
252
137
84
108
141
192
271
311
201
7
3
145
55
-208
-209
2
-34
-275
-263
14
228
346
442
412
276
211
154
-80
-306
-248
-86
-101
-195
-115
89
202
271
352
368
372
390
297
116
-3
-145
-446
-643
-416
27
314
458
487
198
-269
-412
-105
269
349
157
-109
-290
-198
125
230
-63
-261
-69
74
-101
-278
-223
1
182
14
-447
-602
-207
178
98
-195
-232
95
440
381
-27
-280
-123
125
116
-35
-73
-6
63
68
11
36
163
202
101
53
200
381
323
68
-86
-68
1
72
32
-71
57
355
441
212
-92
-155
127
487
599
498
325
124
37
-16
-221
-244
78
235
89
53
150
83
-119
-280
-312
-195
-59
-12
-48
-124
-152
-132
-123
-26
159
191
11
-223
-389
-400
-248
7
263
323
118
-122
-197
-180
-230
-359
-402
-205
95
196
73
-44
-106
-229
-392
-449
-262
150
451
317
-44
-275
-373
-365
-249
-204
-243
-115
123
215
188
157
107
43
8
-36
-45
96
209
56
-167
-109
207
422
297
-63
-430
-559
-367
-245
-452
-599
-407
-83
158
233
154
72
35
-79
-236
-245
-37
217
251
40
-171
-167
-23
-32
-205
-202
-6
115
191
245
8
-415
-554
-369
-108
96
145
-3
-185
-78
299
385
11
-248
-125
29
78
120
45
-103
-56
113
161
124
183
395
498
214
-112
16
252
12
-484
-686
-423
49
210
-138
-454
-268
119
248
97
-63
-59
22
59
-52
-340
-450
-119
261
322
276
341
425
348
32
-277
-269
-122
-217
-400
-298
-74
-29
-73
-110
-145
-130
-154
-276
-283
-113
7
34
17
-115
-196
-9
234
249
65
-88
-19
163
167
-56
-281
-317
-209
-167
-244
-235
-83
54
127
165
156
153
187
97
-91
-104
-7
-5
2
70
37
-87
-109
-65
-121
-226
-232
-145
-139
-212
-150
36
111
-4
-192
-336
-333
-178
-49
-42
-72
-87
-102
-96
-139
-294
-356
-171
22
40
22
2
-121
-306
-417
-331
-62
171
202
158
181
118
-153
-403
-362
-79
193
283
207
85
4
-42
-75
-85
-66
3
130
177
59
-95
-198
-245
-290
-391
-321
67
346
173
-94
-135
-154
-213
-196
-202
-191
-41
52
-10
-6
61
-22
-138
-83
-3
-30
-37
6
5
-32
-159
-380
-365
27
365
369
251
167
92
103
204
211
120
74
26
-149
-370
-387
-216
-132
-169
-187
-191
-147
31
182
97
-128
-268
-256
-193
-165
-134
-59
7
-3
-116
-260
-251
-97
23
128
217
121
-29
53
230
217
69
-42
-105
-163
-207
-107
174
335
234
107
61
83
205
312
272
136
-15
-126
-106
9
89
69
-112
-327
-243
102
303
211
-8
-126
-5
207
209
11
-148
-192
-76
205
360
208
23
53
190
231
125
11
82
264
289
170
154
187
20
-266
-359
-181
93
228
107
-81
-103
22
258
556
624
390
220
219
166
54
3
32
86
77
35
107
278
358
268
86
-70
-51
99
121
-23
-93
2
96
112
101
58
57
142
145
28
-8
91
169
149
124
133
118
94
47
-124
-284
-205
-35
73
246
361
114
-261
-299
-48
127
67
-83
-128
-130
-211
-233
-71
109
77
-147
-304
-220
47
287
297
133
35
81
96
-7
-54
-3
-63
-226
-229
-81
-45
-169
-299
-345
-215
50
165
138
208
205
-24
-166
-90
-84
-251
-321
-143
32
-2
-82
-62
-38
-47
-51
-74
-62
45
151
159
102
39
-20
-47
3
112
162
97
2
-41
-4
116
229
178
-31
-183
-67
265
458
291
16
-7
170
253
168
111
217
333
267
120
92
127
65
-110
-259
-179
54
132
42
3
31
39
54
111
175
116
-136
-343
-202
184
370
199
-16
-4
148
266
302
204
-16
-154
-127
-44
95
253
190
-73
-151
75
288
258
69
-119
-219
-197
-44
87
-16
-188
-99
128
190
121
31
-83
-144
-96
-4
118
229
209
44
-107
-92
-4
-22
-101
-143
-186
-196
-107
-72
-147
-61
234
396
303
169
141
194
197
86
-106
-298
-364
-302
-229
-64
206
301
188
109
143
280
505
639
488
171
-17
-21
11
31
0
-137
-200
-43
99
71
90
246
322
208
71
32
71
200
306
128
-298
-550
-378
29
341
386
188
15
193
538
501
88
-220
-228
-46
202
360
330
204
119
112
53
-185
-338
-118
156
120
-86
-228
-213
-36
131
85
-108
-179
-37
84
25
3
154
265
234
184
167
208
267
183
-37
-131
-3
155
195
164
140
157
210
239
254
250
99
-146
-239
-178
-150
-136
-81
-93
-195
-268
-224
-140
-101
-31
25
-63
-132
-21
97
122
232
490
640
434
46
-134
-41
129
235
227
213
409
657
522
47
-304
-243
136
404
266
-1
-11
104
36
-192
-369
-365
-215
-122
-210
-328
-242
52
258
114
-177
-161
164
430
477
374
197
31
-44
-107
-290
-488
-441
-109
262
360
115
-112
-9
217
258
131
-22
-92
-39
-62
-318
-484
-288
-94
-174
-219
-33
155
181
86
-59
-164
-206
-215
-196
-173
-112
-39
-79
-150
-105
-114
-294
-359
-171
-3
-39
-149
-194
-219
-212
-93
11
-28
-10
224
404
300
73
-99
-182
-139
-64
-145
-268
-134
183
274
47
-89
25
46
-119
-163
-49
27
74
59
-128
-286
-194
-18
42
34
-27
-168
-234
-106
90
202
218
161
97
67
27
-31
-47
-7
39
15
-82
-105
31
150
96
-17
-47
-35
-51
-103
-233
-388
-385
-215
-72
-44
-24
122
273
219
76
21
-67
-189
-113
98
151
8
-177
-278
-243
-143
-142
-282
-342
-113
149
23
-278
-247
-18
-46
-326
-494
-315
8
55
-236
-487
-342
117
365
78
-300
-234
91
221
74
-85
0
181
121
-92
-173
-161
-168
-157
-138
-121
-54
10
-21
-84
-43
79
132
100
87
66
-82
-248
-208
28
283
388
304
228
272
257
88
-85
-176
-241
-273
-204
-125
-151
-146
-9
100
55
-63
-123
-93
-43
-15
81
236
212
-23
-163
-83
-5
-18
22
83
60
56
85
10
-114
-150
-190
-292
-350
-295
-80
186
266
152
-9
-75
50
201
117
-96
-182
-186
-222
-220
-174
-172
-193
-121
47
151
132
112
134
127
125
196
244
153
-80
-333
-381
-164
46
-19
-288
-464
-352
-31
214
144
-160
-329
-169
91
169
89
-18
-148
-271
-252
-155
-196
-288
-172
110
313
314
134
-76
-199
-240
-176
-45
-8
-24
41
35
-147
-244
-121
9
-7
-60
-46
-25
-25
-20
-56
-143
-147
10
128
128
191
169
-199
-604
-577
-233
-13
-18
-93
-180
-209
-60
141
118
-91
-189
-89
55
146
169
105
5
-16
52
120
102
19
13
103
150
103
40
105
320
399
116
-210
-187
32
71
-134
-359
-379
-174
31
-6
-188
-242
-138
-36
-36
-100
-127
-65
29
51
18
38
127
175
76
-109
-182
-77
0
-113
-213
-46
184
103
-216
-347
-128
122
142
24
-113
-182
-69
134
198
127
122
208
227
133
79
162
239
140
-56
-143
-64
63
110
37
-44
33
177
178
84
29
55
183
307
265
107
40
117
149
45
16
142
149
-33
-86
104
232
114
-100
-186
-36
214
336
267
86
-81
-143
-88
-48
-125
-130
67
181
27
-116
-22
150
229
230
191
188
268
265
79
-78
-109
-199
-344
-297
-32
231
394
478
435
203
-83
-213
-249
-312
-281
-142
-153
-347
-416
-178
200
446
428
250
160
257
368
316
113
-93
-127
14
152
198
198
122
-19
-84
-53
46
258
413
257
-26
-82
43
148
159
-18
-269
-265
29
332
429
280
15
-117
-41
55
66
60
71
80
98
121
92
28
18
79
186
304
340
217
13
-120
-159
-175
-183
-140
-34
72
98
65
48
55
41
18
52
148
289
400
297
19
-117
-77
-82
-53
109
202
153
78
-67
-305
-468
-452
-292
-55
137
173
56
-40
42
147
64
-75
-42
126
208
145
44
-45
-76
18
107
38
-75
-106
-31
142
248
165
7
-148
-314
-418
-364
-183
-54
-80
-97
-13
20
35
146
150
-41
-157
-68
95
163
33
-169
-199
-99
-78
-188
-304
-227
-16
-43
-372
-578
-384
21
264
161
-119
-252
-129
63
172
228
274
238
16
-305
-424
-195
88
80
-80
-63
160
378
364
111
-105
-128
-66
-29
-13
53
132
97
30
12
-119
-319
-311
-97
95
166
157
155
218
236
98
-81
-150
-150
-178
-216
-227
-201
-133
-38
75
169
167
71
-19
-47
-24
83
205
158
-38
-182
-233
-302
-328
-176
17
100
122
71
-55
-91
-26
-44
-136
-156
-123
-135
-180
-184
-153
-62
146
378
421
276
164
135
123
100
-33
-256
-282
-27
200
235
168
19
-138
-120
42
130
97
78
114
81
-73
-150
0
142
33
-170
-235
-157
-29
47
-12
-124
-123
-6
73
52
-7
-96
-189
-122
151
379
360
171
-11
-45
88
212
140
-60
-160
-110
-26
-1
-73
-162
-108
31
6
-163
-186
-6
127
47
-118
-158
-90
-106
-247
-347
-340
-293
-175
24
128
112
199
327
211
-5
58
282
239
-24
-148
-93
-19
22
-31
-235
-397
-277
30
234
213
111
89
140
204
302
416
414
206
-123
-348
-317
-152
-90
-139
-63
202
398
295
37
-4
205
353
315
211
112
68
92
39
-73
-90
-91
-131
-84
65
215
275
194
50
-50
-89
-33
84
114
55
24
59
128
163
44
-238
-451
-428
-255
-21
189
210
68
19
109
124
-9
-157
-220
-200
-121
-56
-89
-161
-146
-67
-33
6
142
311
404
378
201
-49
-154
-60
62
80
-3
-93
-122
-103
-96
-107
-50
120
268
220
18
-100
-49
-1
-74
-176
-167
-39
18
-152
-336
-264
-83
-77
-167
-107
90
246
308
283
149
17
29
76
-12
-162
-235
-278
-299
-215
-50
115
159
21
-98
-21
85
31
-135
-268
-224
-15
94
-23
-142
-119
-77
-33
67
123
169
327
405
230
-11
-132
-135
-97
-114
-112
12
112
101
65
7
-79
-91
19
143
150
77
48
43
18
9
-40
-168
-236
-142
3
66
99
165
128
-84
-244
-178
7
144
136
-49
-247
-196
58
180
69
-39
6
88
77
-27
-131
-139
-102
-135
-198
-169
-47
43
4
-111
-142
0
175
149
-85
-300
-342
-233
-58
63
62
25
39
57
16
-74
-199
-270
-176
-18
44
21
-32
-92
-91
-30
-31
-80
-27
74
56
-25
-37
-27
-48
-62
-90
-83
72
247
240
96
-53
-128
-140
-185
-256
-227
-126
-121
-186
-155
-31
55
50
-3
-29
21
89
48
-106
-205
-147
-92
-174
-238
-164
-35
107
298
424
326
87
-86
-167
-214
-187
-88
-21
-12
17
55
35
-44
-163
-219
-148
-45
57
154
122
-55
-217
-254
-161
16
162
168
62
-26
-20
34
-9
-169
-223
-59
155
228
100
-156
-330
-262
-105
-100
-158
-65
97
107
-37
-177
-174
1
156
70
-147
-143
122
298
214
53
-7
60
176
192
81
17
93
143
42
-48
3
123
220
187
3
-180
-172
112
424
396
119
-32
-25
-24
-38
-99
-155
24
330
389
224
101
34
-79
-182
-169
-89
-54
-61
-33
44
120
151
120
56
12
17
87
183
184
59
-41
-39
-20
-5
28
33
9
34
84
74
38
10
-18
5
77
95
67
92
155
141
36
-53
-64
-16
13
-38
-72
58
243
205
-27
-144
-68
16
33
53
109
199
292
277
114
4
116
276
217
-28
-203
-140
57
108
-45
-158
-79
65
73
-105
-302
-307
-120
80
143
43
-96
-127
-87
-68
20
224
323
168
-70
-155
-47
122
153
-3
-103
-11
94
89
31
-65
-144
-95
31
123
171
192
159
30
-110
-108
13
100
132
163
130
13
-41
44
172
245
224
154
107
72
16
-60
-189
-363
-417
-289
-160
-145
-142
-107
-129
-169
-60
165
303
290
207
104
6
-78
-158
-210
-193
-122
-72
-101
-141
-82
4
32
110
259
314
227
100
-20
-111
-139
-161
-235
-286
-228
-77
111
253
277
197
27
-118
-56
125
203
142
1
-154
-217
-183
-138
-106
-30
120
231
181
38
-73
-105
-61
-44
-93
-49
137
277
278
222
127
-20
-98
-26
69
108
177
248
177
13
-97
-170
-226
-146
99
295
279
187
152
87
-76
-204
-170
-27
118
166
73
-16
50
145
86
-47
-80
3
97
150
125
-18
-173
-170
-41
26
-16
-67
-87
-115
-134
-113
-85
-75
-53
-9
36
80
108
95
64
9
-50
-40
-11
-53
-103
-108
-139
-182
-122
29
127
125
48
-51
-76
-36
-14
8
42
35
23
35
-33
-177
-224
-84
151
310
288
175
124
134
93
-11
-29
124
269
197
20
-65
-90
-102
-69
-34
-10
77
176
170
108
102
139
132
96
109
146
135
94
94
126
157
193
198
135
26
-75
-113
-76
-23
-2
8
-20
-127
-177
-52
82
57
-2
47
132
175
167
38
-197
-365
-328
-148
3
71
99
56
-72
-195
-240
-155
11
75
21
4
30
-44
-224
-335
-293
-160
15
198
272
202
140
136
82
-35
-186
-370
-459
-314
-78
34
53
121
234
243
90
-91
-143
-59
34
37
-33
-110
-124
-47
42
48
21
61
157
227
217
122
9
-18
39
23
-113
-218
-223
-175
-85
1
11
-5
36
82
85
63
29
-26
-102
-115
-17
59
39
43
118
168
196
186
32
-145
-138
12
159
246
265
236
224
250
257
193
52
-84
-87
-5
1
-45
-26
-24
-114
-165
-91
2
78
229
375
311
99
-6
-11
-68
-107
-54
-17
-3
79
132
13
-178
-220
-91
22
68
122
134
70
36
54
77
108
102
4
-80
-24
94
125
67
2
-41
-61
-57
-36
-23
-57
-89
-71
-46
-2
77
60
-121
-264
-229
-159
-144
-110
-61
-25
9
-27
-141
-178
-74
59
114
74
15
-21
-110
-264
-352
-284
-122
13
22
-78
-142
-82
41
121
99
10
-87
-166
-175
-123
-111
-177
-249
-262
-194
-41
64
-29
-199
-210
-68
65
105
23
-111
-182
-203
-243
-268
-180
-22
23
-94
-195
-164
-80
-35
-2
40
25
-19
4
56
44
-24
-114
-218
-280
-246
-118
29
74
14
2
54
13
-131
-204
-132
2
88
33
-151
-305
-316
-206
-57
24
23
62
140
78
-126
-279
-304
-232
-81
59
102
93
79
20
-97
-188
-189
-98
-32
-98
-194
-225
-234
-190
-85
-57
-106
-46
117
205
163
58
-69
-194
-276
-274
-180
-23
124
141
-9
-186
-232
-123
27
66
-31
-122
-68
43
0
-186
-308
-268
-134
-2
53
29
-31
-124
-195
-158
-101
-161
-256
-238
-138
-19
123
181
72
-48
-67
-60
-50
-25
-63
-210
-346
-314
-142
-34
-52
-79
-80
-103
-108
-47
26
24
-40
-116
-224
-322
-297
-195
-147
-141
-101
-59
-63
-66
1
70
40
-51
-136
-187
-184
-148
-82
28
70
-43
-137
-79
24
78
49
-41
-40
83
148
101
53
44
55
80
55
-60
-153
-115
-19
-30
-123
-127
-65
-49
-3
107
152
141
189
214
127
69
118
132
27
-80
-96
-56
14
83
68
1
-1
8
-50
-105
-126
-143
-108
-28
-16
-55
-74
-109
-117
-6
146
207
153
26
-67
-70
-74
-77
2
55
2
-35
-16
-25
-37
22
86
50
-36
-12
178
339
272
27
-226
-346
-277
-135
-66
-74
-89
-74
-36
45
158
189
93
8
4
9
3
-36
-140
-202
-154
-68
23
107
128
67
-44
-132
-119
-40
35
60
16
-9
41
32
-77
-128
-77
5
77
88
-9
-143
-160
-10
153
163
56
-42
-59
65
225
228
136
119
131
67
-41
-119
-94
30
139
190
234
272
229
76
-89
-147
-141
-201
-294
-254
-94
39
105
125
126
179
253
224
112
46
-10
-100
-110
-53
-116
-251
-205
34
232
270
244
244
274
287
206
32
-146
-221
-193
-145
-51
115
219
162
37
-24
-14
23
59
75
44
2
17
76
125
99
-13
-99
-43
136
274
221
78
38
62
32
30
133
229
226
191
180
157
108
62
15
-37
-61
-74
-115
-133
-63
77
207
263
257
271
329
332
177
-70
-193
-86
147
366
458
353
147
27
50
154
274
322
218
62
61
193
243
143
13
-11
114
291
351
242
73
-12
13
43
24
20
77
141
152
114
80
60
18
14
139
291
303
244
221
147
-18
-165
-193
-81
102
200
160
117
165
224
172
-8
-156
-94
115
211
102
-39
-23
128
234
206
136
129
177
189
128
52
-15
-71
-34
110
196
114
-15
-55
-11
60
98
117
181
251
247
167
62
-11
-12
43
87
97
117
129
61
-66
-147
-119
-19
50
20
-40
5
159
257
210
154
165
122
-4
-84
-89
-82
-50
31
109
143
184
254
263
177
58
-48
-70
50
187
137
-23
-30
116
177
101
52
98
162
147
38
-45
5
101
95
-19
-120
-50
170
299
219
104
105
126
45
-91
-173
-131
27
192
229
154
82
52
2
-93
-151
-116
-12
103
147
115
87
59
-17
-74
-75
-90
-144
-173
-141
-83
-17
17
-39
-99
-49
34
29
-33
-64
-46
-16
-58
-156
-189
-149
-100
-67
-93
-159
-143
-26
85
149
171
149
147
213
220
49
-178
-248
-151
-54
-43
-58
-57
-28
67
182
219
240
289
235
83
10
14
-23
-73
-83
-61
-1
115
236
277
239
195
162
87
-6
-9
76
121
94
75
75
36
-23
-32
-5
28
102
193
165
7
-101
-100
-76
-18
74
131
179
214
153
46
-7
-66
-186
-234
-108
80
183
189
110
-49
-175
-163
-61
24
35
-24
-121
-194
-197
-206
-272
-249
-67
85
113
129
161
120
-49
-274
-390
-325
-140
33
82
32
-20
-49
-86
-114
-125
-151
-163
-117
-63
-76
-118
-126
-134
-159
-126
-53
-43
-73
-71
-36
14
41
-16
-162
-259
-167
38
120
-15
-174
-171
-93
-49
-28
-42
-82
-91
-108
-154
-119
15
96
14
-104
-101
-40
-53
-113
-133
-110
-38
47
13
-114
-145
-56
13
29
29
10
-7
-13
-70
-205
-318
-317
-251
-216
-156
-20
65
37
-23
-55
-52
-4
48
18
-122
-293
-368
-309
-195
-93
-16
18
2
10
65
36
-82
-121
-99
-159
-230
-201
-139
-122
-121
-106
-81
-54
-16
40
42
-50
-148
-190
-239
-311
-327
-255
-155
-136
-226
-293
-238
-121
-17
56
42
-30
-57
-106
-239
-315
-258
-187
-167
-144
-65
62
121
43
-48
-70
-78
-67
-31
-84
-193
-165
-36
7
-54
-123
-138
-104
-76
-73
-93
-129
-126
-43
45
58
22
-49
-150
-200
-144
-62
-47
-62
-57
-33
22
71
11
-152
-255
-206
-104
-82
-137
-189
-194
-117
26
120
107
51
18
-1
-58
-128
-149
-156
-199
-250
-251
-215
-213
-248
-268
-238
-160
-120
-178
-226
-147
-33
-57
-186
-226
-117
0
17
-46
-120
-124
-61
-63
-173
-231
-157
-69
-34
9
93
148
123
71
49
56
60
36
-56
-179
-192
-54
112
196
212
212
195
141
81
53
59
79
81
38
-34
-79
-73
-15
90
173
201
224
239
177
75
15
-8
5
57
98
103
109
125
111
66
50
89
118
96
83
115
124
74
44
89
146
134
82
82
157
233
211
80
-56
-89
-49
-19
5
51
80
88
135
203
218
152
37
-34
19
135
162
53
-91
-118
-2
86
45
-43
-79
-34
36
30
-19
16
107
142
151
180
195
185
141
44
-36
-35
-12
3
60
104
32
-69
-52
59
163
228
254
244
183
69
18
77
96
-2
-79
-18
139
276
328
320
282
249
256
249
173
114
124
127
105
90
95
125
125
97
136
211
197
141
155
205
236
219
131
46
75
190
214
90
1
72
187
198
112
25
3
50
95
92
81
98
104
47
-33
-28
57
112
91
26
-28
13
137
226
237
198
122
46
56
166
249
228
176
148
133
152
219
233
133
30
4
-1
-30
-75
-90
-1
151
232
240
255
257
222
185
142
54
-35
-44
2
18
0
-25
-58
-29
138
280
213
99
142
262
303
214
49
-73
-90
-54
-38
-33
19
125
225
276
285
248
159
57
-16
-39
-12
11
-54
-160
-169
-47
105
142
21
-127
-147
-63
6
34
52
61
32
-13
-25
-17
-37
-117
-223
-250
-127
63
153
76
-74
-156
-141
-89
-36
35
120
171
184
159
93
63
111
146
71
-59
-139
-135
-65
41
134
142
65
-12
-31
-18
-20
-28
-13
-15
-84
-159
-130
-23
28
-13
-57
-45
25
119
164
120
23
-26
24
111
157
126
24
-80
-109
-56
44
155
211
164
67
4
-45
-119
-156
-145
-142
-121
-54
0
27
48
20
-84
-186
-164
-33
38
-12
-82
-105
-123
-192
-278
-240
-15
215
259
157
59
32
41
29
-24
-57
-6
77
80
-24
-136
-159
-104
-63
-68
-60
-32
-54
-123
-130
-68
-56
-136
-213
-201
-103
-4
18
13
89
186
135
-42
-142
-77
30
40
-33
-63
-6
52
49
-1
-52
-68
-92
-174
-237
-169
-38
8
-59
-149
-173
-105
-7
79
147
136
37
-68
-130
-138
-109
-91
-99
-82
16
137
127
-45
-206
-198
-87
-41
-89
-123
-79
-16
-18
-82
-107
-16
114
137
29
-121
-217
-221
-212
-263
-288
-204
-84
-20
5
49
93
40
-127
-264
-247
-115
39
157
155
10
-128
-127
-60
-45
-89
-113
-49
36
14
-72
-58
56
109
39
-85
-133
-51
38
16
-71
-139
-153
-117
-67
-21
13
17
25
57
22
-82
-113
-71
-78
-160
-231
-227
-144
-23
43
-7
-124
-214
-246
-206
-91
20
24
-51
-109
-128
-139
-160
-196
-188
-88
15
-5
-108
-151
-89
-34
-78
-156
-183
-166
-114
-36
9
-23
-78
-86
-56
-23
-13
-53
-120
-152
-134
-110
-141
-230
-332
-396
-397
-303
-118
37
40
-77
-179
-167
-69
-35
-126
-214
-219
-184
-146
-108
-66
-40
-28
-4
-16
-89
-117
-72
-95
-225
-318
-301
-236
-187
-179
-219
-275
-295
-286
-300
-328
-278
-158
-71
-24
0
-53
-162
-205
-155
-97
-89
-108
-108
-96
-82
-33
29
30
-17
-7
54
27
-115
-246
-280
-203
-78
-58
-164
-223
-144
-37
-29
-105
-152
-93
32
117
97
8
-53
-55
-50
-51
-27
-12
-31
-59
-62
-47
-80
-135
-91
21
62
33
24
23
-6
-58
-134
-193
-171
-83
-37
-105
-215
-228
-86
91
149
121
127
161
135
19
-126
-189
-116
-5
27
-19
-39
6
27
-7
-13
13
27
50
77
61
24
3
-3
7
31
67
126
168
119
28
5
27
10
-28
-11
53
82
48
11
1
-8
-31
-46
-24
5
18
62
118
102
17
-48
-52
-12
42
64
46
32
62
123
146
72
-50
-81
11
123
154
81
-40
-118
-112
-70
-30
4
15
24
62
111
135
120
71
-13
-93
-123
-111
-84
-61
-46
-31
-3
54
92
22
-104
-109
2
20
-93
-163
-116
-28
64
152
188
140
84
66
-11
-134
-124
27
108
70
60
110
83
-74
-221
-211
-38
165
242
189
106
28
-25
-41
-61
-93
-66
20
53
9
-25
-3
46
52
15
34
163
265
200
46
-22
46
137
148
116
117
148
182
197
167
130
170
245
237
169
99
0
-105
-156
-143
-71
23
69
44
-37
-126
-132
-11
180
335
381
302
145
-10
-126
-185
-162
-76
16
76
85
72
97
145
166
149
91
6
-50
-31
-11
-72
-144
-131
-60
5
59
115
155
143
97
73
73
82
98
85
16
-40
-16
14
-37
-88
-40
53
120
133
72
-41
-145
-179
-142
-55
51
160
243
228
108
-45
-129
-50
113
152
38
-63
-62
-4
57
89
93
106
140
178
228
284
304
245
109
-30
-77
-26
54
99
95
58
17
-7
2
62
159
210
178
138
147
126
34
-16
26
55
10
-74
-151
-134
0
120
147
125
125
195
276
245
144
105
130
145
120
85
96
177
281
314
231
128
123
176
196
190
193
215
233
206
138
96
130
204
211
126
70
120
199
222
186
169
237
293
239
178
198
215
169
106
76
88
143
194
189
186
224
198
71
-20
-3
31
24
3
-27
-2
140
282
289
213
146
90
31
-29
-68
-32
75
138
73
-77
-155
-33
170
231
135
27
-23
-21
15
37
-6
-90
-117
-54
48
141
175
104
-47
-185
-235
-164
-12
111
165
162
86
-49
-133
-103
-5
89
111
47
-16
-16
-9
-48
-64
-41
-60
-113
-105
-42
-2
-9
-61
-121
-130
-87
-43
-35
-54
-74
-72
-46
-21
-19
-23
-27
-53
-97
-113
-93
-78
-76
-47
58
196
239
150
27
-52
-88
-104
-106
-86
-29
66
142
127
57
52
162
284
272
124
7
-16
-35
-93
-142
-141
-96
-34
14
50
115
185
174
45
-104
-88
94
211
140
-15
-125
-150
-110
-76
-78
-61
-3
79
161
189
133
50
12
-13
-78
-108
-42
51
85
83
71
53
46
23
-41
-95
-66
11
21
-48
-134
-198
-169
-7
112
29
-130
-177
-128
-86
-95
-154
-227
-244
-185
-103
-35
5
-42
-141
-144
-61
-17
-8
20
36
17
-14
-59
-104
-107
-84
-75
-68
-46
-16
2
-2
-14
-20
-38
-93
-145
-116
-30
13
-25
-65
-51
-29
-35
-66
-117
-120
-34
34
-1
-61
-77
-47
5
44
63
84
117
128
79
-25
-106
-85
23
125
155
114
44
2
-1
-29
-117
-181
-114
62
178
133
23
-20
-10
-55
-143
-132
1
113
101
42
58
130
143
51
-46
-41
45
104
70
-38
-140
-152
-84
-30
-19
8
91
157
123
24
-54
-74
-54
-49
-96
-114
-21
105
141
79
18
25
48
43
20
-38
-96
-94
-57
-46
-79
-126
-116
-6
109
115
49
-4
-43
-81
-122
-184
-234
-173
-10
115
121
51
-8
-21
-6
29
68
59
-7
-87
-150
-174
-161
-176
-227
-196
-44
84
64
-74
-203
-252
-251
-252
-262
-204
-70
14
-30
-116
-135
-78
1
21
-42
-72
-3
44
-60
-235
-308
-227
-74
40
72
56
40
37
9
-62
-113
-103
-65
-56
-105
-153
-124
-47
-16
-52
-89
-79
-17
78
126
62
-55
-101
-56
-17
-58
-116
-76
43
91
-12
-163
-206
-129
-44
-25
-29
2
50
42
-33
-97
-85
-39
-55
-136
-175
-92
32
41
-53
-111
-80
-1
86
139
129
85
68
46
-39
-128
-138
-104
-104
-118
-66
37
102
77
-2
-75
-96
-53
-8
-37
-110
-141
-95
11
83
45
-50
-109
-83
7
89
124
128
98
23
-55
-93
-67
15
76
39
-61
-93
4
137
157
50
-55
-56
19
71
49
-7
-54
-91
-145
-200
-157
-26
45
8
-52
-88
-84
13
148
185
118
27
-54
-63
16
77
24
-93
-146
-113
-65
-34
1
15
-47
-149
-198
-153
-74
-35
-45
-81
-98
-68
-9
70
141
143
77
-3
-94
-162
-148
-130
-175
-173
-61
33
56
74
87
59
3
-24
-5
-17
-78
-95
-64
-55
-51
-28
-13
17
48
27
-1
46
150
213
168
53
-23
-22
-8
-13
5
52
61
9
-27
25
130
152
38
-98
-99
32
144
140
50
-45
-89
-79
-41
-2
38
101
159
124
15
-15
80
180
183
97
-4
-67
-75
-36
4
23
55
102
130
124
76
25
24
48
34
-2
-3
19
26
23
40
79
92
32
-50
-38
62
122
88
34
32
63
65
41
51
112
149
88
-11
-32
25
65
34
-40
-94
-102
-80
-9
82
112
88
41
-21
-39
10
72
95
78
16
-80
-128
-75
-24
-87
-183
-164
-40
93
173
171
111
33
-45
-88
-72
-21
24
12
-54
-74
3
74
57
17
12
-2
-31
-21
12
36
46
3
-68
-95
-92
-70
6
77
67
35
60
116
147
150
115
9
-111
-106
22
123
126
54
-57
-140
-105
32
133
113
30
-24
-45
-63
-91
-117
-109
-53
26
63
54
73
137
151
44
-104
-166
-94
39
81
-28
-161
-174
-83
10
66
100
118
119
106
83
64
48
-18
-147
-248
-248
-159
-32
66
74
27
7
23
31
17
16
44
71
77
58
39
18
-41
-125
-164
-121
-49
-34
-85
-94
6
137
175
84
-45
-98
-62
-12
-2
-41
-109
-163
-174
-104
41
134
76
-42
-96
-68
5
69
95
59
-51
-152
-147
-66
16
41
1
-38
-28
-4
9
3
-25
-52
-60
-71
-61
5
69
53
-28
-81
-39
50
88
52
11
9
11
-31
-100
-115
-66
-27
-39
-82
-99
-49
27
47
7
-35
-40
-7
16
3
-25
-40
-65
-130
-184
-139
-5
108
126
58
-36
-72
-28
36
57
29
-21
-70
-114
-150
-139
-90
-65
-85
-101
-64
15
98
130
106
89
103
113
75
1
-32
0
34
35
53
94
90
28
-37
-61
-34
20
37
16
47
170
274
230
61
-88
-101
-10
43
1
-41
-7
64
112
98
23
-50
-29
88
166
133
58
4
3
46
70
67
87
123
132
122
106
92
107
134
125
79
42
49
94
120
100
62
45
65
86
56
4
-29
-65
-115
-155
-143
-5
229
366
280
88
-4
32
59
24
-2
14
33
36
23
-3
-8
32
70
75
70
79
84
59
46
69
73
30
-21
-31
6
64
86
45
-30
-70
-40
11
28
22
12
-18
-71
-101
-63
28
96
94
63
49
40
8
-57
-134
-157
-103
-13
48
32
-27
-53
-49
-49
-9
68
88
20
-51
-49
-8
12
-1
-26
-34
4
71
101
63
-11
-68
-85
-82
-54
24
96
86
35
14
3
-18
-18
-18
-38
-30
17
23
-16
-14
40
86
91
84
105
152
182
151
77
38
46
37
-16
-73
-51
69
195
222
143
65
70
110
113
70
4
-17
50
113
81
-13
-77
-65
-2
42
16
-19
26
122
152
86
8
-45
-92
-127
-134
-92
21
179
254
160
-10
-105
-104
-78
-60
-57
-73
-81
-67
-53
-50
-43
-59
-113
-133
-74
1
24
-11
-55
-55
-18
-4
-16
-3
51
100
75
-33
-113
-97
-54
-39
-20
12
15
-28
-92
-151
-159
-86
1
12
-16
1
42
46
29
19
1
-37
-62
-54
-34
-49
-112
-151
-113
-26
72
132
128
94
62
9
-67
-115
-105
-60
-34
-39
-27
8
12
-34
-74
-56
4
55
52
3
-36
-43
-52
-69
-98
-135
-104
12
97
64
-15
-41
-22
-16
-34
-58
-69
-53
-32
-34
-35
8
55
27
-36
-55
-44
-42
-66
-109
-122
-90
-38
20
66
90
92
70
22
-23
-9
51
83
34
-57
-106
-96
-73
-63
-19
74
154
150
65
-11
-34
-68
-146
-200
-155
-33
71
107
107
102
96
87
49
-3
-22
-3
23
20
-49
-147
-177
-116
-34
19
26
-12
-59
-66
-45
-20
0
-11
-59
-107
-116
-79
-34
-53
-133
-177
-138
-54
3
-3
-37
-63
-84
-99
-117
-146
-149
-103
-51
-32
-27
14
60
39
-40
-114
-145
-131
-86
-60
-73
-86
-91
-118
-139
-102
-39
-5
-2
-14
-43
-83
-93
-65
-68
-97
-58
29
33
-67
-164
-171
-96
-5
53
78
101
129
121
60
-22
-75
-101
-130
-149
-118
-37
37
41
-9
-20
32
93
123
102
54
27
25
17
-12
-31
-16
13
33
46
69
109
138
112
39
-24
-30
-5
3
-7
-11
-12
-20
-15
2
-13
-35
-18
36
74
70
50
33
7
-34
-55
-38
-36
-47
-10
56
98
92
35
-33
-58
-25
7
-10
-40
-42
-43
-83
-137
-146
-111
-74
-44
-18
0
5
-3
-37
-100
-138
-113
-57
-20
-6
6
20
13
-54
-148
-184
-138
-65
-16
21
44
39
-2
-56
-67
-11
50
39
1
3
24
15
-39
-72
-17
69
88
50
49
112
151
102
17
-20
0
27
36
23
5
-4
-40
-84
-50
55
113
70
12
19
69
91
53
4
6
69
147
165
103
28
18
34
11
-25
-23
9
43
70
69
56
79
98
67
31
22
15
17
48
72
53
23
17
31
48
63
54
12
-25
-17
10
22
28
12
-28
-27
24
74
105
104
63
14
0
29
52
12
-46
-24
75
156
146
64
-10
-18
11
18
12
26
67
109
118
109
101
75
42
26
35
68
105
129
153
187
199
166
121
94
84
103
119
77
28
47
93
98
57
-7
-58
-57
-12
30
62
107
156
187
186
155
101
18
-70
-90
-25
50
74
45
-27
-103
-102
-23
47
90
156
222
206
119
35
-26
-78
-121
-144
-155
-165
-121
-14
54
45
30
29
19
41
100
106
63
25
-46
-139
-169
-121
-39
34
81
90
69
77
107
93
61
54
30
-46
-121
-131
-64
35
108
128
112
116
141
132
83
15
-28
-12
38
82
105
99
58
38
80
150
181
152
106
72
43
15
-8
-23
-31
-19
33
116
165
128
77
82
96
77
42
13
24
70
102
106
80
21
-24
-19
-2
11
65
167
243
235
144
17
-64
-55
16
86
119
123
107
87
85
89
81
72
65
36
17
59
107
103
88
104
128
136
134
100
43
24
40
31
-13
-26
29
120
176
161
100
37
13
31
51
78
131
175
168
119
47
-38
-77
-50
-18
11
60
106
121
102
40
-47
-118
-134
-77
11
55
54
49
22
-30
-46
-19
29
66
47
-12
-74
-116
-127
-116
-74
-5
64
92
43
-51
-115
-117
-89
-59
-33
